/*--------------------------------*- C++ -*----------------------------------*\
| =========                 |                                                 |
| \\      /  F ield         | OpenFOAM: The Open Source CFD Toolbox           |
|  \\    /   O peration     | Version:  2012                                  |
|   \\  /    A nd           | Website:  www.openfoam.com                      |
|    \\/     M anipulation  |                                                 |
\*---------------------------------------------------------------------------*/
FoamFile
{
    version     2.0;
    format      ascii;
    class       surfaceScalarField;
    location    "0.64";
    object      phi;
}
// * * * * * * * * * * * * * * * * * * * * * * * * * * * * * * * * * * * * * //

dimensions      [0 3 -1 0 0 0 0];
oriented        oriented;


internalField   nonuniform List<scalar> 
4432
(
5.76294e-07
-5.76295e-07
1.28428e-06
-7.07984e-07
1.82426e-06
-5.3998e-07
2.10378e-06
-2.79524e-07
2.21065e-06
-1.0687e-07
2.43137e-06
-2.20722e-07
2.52473e-06
-9.33587e-08
2.23444e-06
2.90296e-07
1.85936e-06
3.75072e-07
1.36882e-06
4.90543e-07
7.30499e-07
6.38319e-07
3.17386e-08
6.9876e-07
-5.62385e-07
5.94122e-07
-9.88897e-07
4.26511e-07
-1.32848e-06
3.39585e-07
-1.61848e-06
2.89994e-07
-1.82774e-06
2.09263e-07
-1.83646e-06
8.71283e-09
-1.69417e-06
-1.42287e-07
-1.30704e-06
-3.87137e-07
-7.97924e-07
-5.09118e-07
1.19636e-07
-9.17563e-07
1.19619e-07
5.6248e-07
-1.13877e-06
1.27188e-06
-1.41738e-06
1.83175e-06
-1.09985e-06
2.14488e-06
-5.9266e-07
2.27128e-06
-2.33263e-07
2.48041e-06
-4.29859e-07
2.55345e-06
-1.66397e-07
2.25877e-06
5.84978e-07
1.92118e-06
7.12665e-07
1.42472e-06
9.86994e-07
7.41048e-07
1.32199e-06
6.01826e-08
1.37963e-06
-5.44137e-07
1.19844e-06
-1.01859e-06
9.00968e-07
-1.38335e-06
7.04338e-07
-1.67147e-06
5.78117e-07
-1.85346e-06
3.91243e-07
-1.86099e-06
1.62453e-08
-1.79046e-06
-2.12816e-07
-1.5793e-06
-5.98308e-07
-1.41655e-06
-6.71868e-07
-1.07684e-06
-1.25728e-06
-9.57242e-07
5.56802e-07
-1.69558e-06
1.29193e-06
-2.15251e-06
1.88099e-06
-1.68891e-06
2.24539e-06
-9.57061e-07
2.40532e-06
-3.93192e-07
2.58235e-06
-6.06893e-07
2.58539e-06
-1.69439e-07
2.26357e-06
9.06799e-07
1.89106e-06
1.08517e-06
1.35889e-06
1.51917e-06
6.91218e-07
1.98966e-06
5.3949e-08
2.01689e-06
-5.24256e-07
1.77664e-06
-1.01783e-06
1.39454e-06
-1.4141e-06
1.10061e-06
-1.70745e-06
8.71467e-07
-1.84919e-06
5.32976e-07
-1.78562e-06
-4.73271e-08
-1.64227e-06
-3.56166e-07
-1.3723e-06
-8.68279e-07
-1.09621e-06
-9.47962e-07
-7.01657e-07
-1.65184e-06
-1.65892e-06
5.72927e-07
-2.2685e-06
1.31917e-06
-2.89876e-06
1.91349e-06
-2.28322e-06
2.32966e-06
-1.37323e-06
2.54794e-06
-6.11474e-07
2.71615e-06
-7.75102e-07
2.68211e-06
-1.35406e-07
2.40673e-06
1.18218e-06
2.0562e-06
1.4357e-06
1.50932e-06
2.06605e-06
8.09931e-07
2.68905e-06
8.69978e-08
2.73983e-06
-6.01516e-07
2.46516e-06
-1.19055e-06
1.98357e-06
-1.60165e-06
1.51171e-06
-1.86273e-06
1.13254e-06
-1.96421e-06
6.34461e-07
-1.92237e-06
-8.91775e-08
-1.79524e-06
-4.83297e-07
-1.5217e-06
-1.14182e-06
-1.20052e-06
-1.26914e-06
-8.62868e-07
-1.98949e-06
-2.52181e-06
6.39285e-07
-2.90779e-06
1.37184e-06
-3.63131e-06
1.98969e-06
-2.90108e-06
2.46989e-06
-1.85343e-06
2.7686e-06
-9.10181e-07
2.90496e-06
-9.11462e-07
2.77344e-06
-3.88072e-09
2.46557e-06
1.49005e-06
2.03473e-06
1.86654e-06
1.40182e-06
2.69895e-06
7.13051e-07
3.37782e-06
2.70029e-08
3.42587e-06
-6.24516e-07
3.11667e-06
-1.17979e-06
2.53885e-06
-1.60822e-06
1.94014e-06
-1.92707e-06
1.45139e-06
-2.04141e-06
7.48804e-07
-1.96881e-06
-1.61781e-07
-1.83307e-06
-6.19035e-07
-1.61167e-06
-1.36323e-06
-1.32501e-06
-1.5558e-06
-7.11217e-07
-2.6033e-06
-3.23304e-06
7.5784e-07
-3.66563e-06
1.40655e-06
-4.28002e-06
2.02154e-06
-3.51607e-06
2.5571e-06
-2.38899e-06
2.95541e-06
-1.3085e-06
3.10845e-06
-1.0645e-06
2.98092e-06
1.23648e-07
2.77625e-06
1.69472e-06
2.38683e-06
2.25596e-06
1.69065e-06
3.39513e-06
8.92118e-07
4.17635e-06
4.82232e-08
4.26977e-06
-8.00352e-07
3.96525e-06
-1.47645e-06
3.21495e-06
-1.89341e-06
2.35709e-06
-2.18032e-06
1.7383e-06
-2.2434e-06
8.11886e-07
-2.15297e-06
-2.52213e-07
-1.95543e-06
-8.16582e-07
-1.71605e-06
-1.60261e-06
-1.37225e-06
-1.8996e-06
-6.4543e-07
-3.33012e-06
-3.87848e-06
8.87132e-07
-4.55276e-06
1.51624e-06
-4.90913e-06
2.14382e-06
-4.14365e-06
2.76984e-06
-3.015e-06
3.27957e-06
-1.81823e-06
3.39784e-06
-1.18276e-06
3.19584e-06
3.25644e-07
2.90999e-06
1.98057e-06
2.33445e-06
2.8315e-06
1.51453e-06
4.21505e-06
7.31254e-07
4.95963e-06
-4.52991e-08
5.04632e-06
-8.12431e-07
4.73238e-06
-1.43043e-06
3.83295e-06
-1.88436e-06
2.81101e-06
-2.30893e-06
2.16287e-06
-2.45532e-06
9.58272e-07
-2.34472e-06
-3.62811e-07
-2.12881e-06
-1.0325e-06
-2.02643e-06
-1.70499e-06
-1.85046e-06
-2.07557e-06
-7.38204e-07
-4.44238e-06
-4.61669e-06
1.01012e-06
-5.56315e-06
1.66542e-06
-5.56468e-06
2.31746e-06
-4.79584e-06
3.01721e-06
-3.71482e-06
3.61304e-06
-2.4141e-06
3.76135e-06
-1.3311e-06
3.66739e-06
4.19594e-07
3.45863e-06
2.18933e-06
2.84877e-06
3.44136e-06
2.00644e-06
5.05738e-06
1.06065e-06
5.90542e-06
-3.40996e-08
6.14107e-06
-1.09208e-06
5.79036e-06
-1.82775e-06
4.56862e-06
-2.22393e-06
3.20719e-06
-2.60931e-06
2.54825e-06
-2.7034e-06
1.05236e-06
-2.53064e-06
-5.35569e-07
-2.19299e-06
-1.37015e-06
-2.06393e-06
-1.83406e-06
-1.7592e-06
-2.38031e-06
-3.82233e-07
-5.81935e-06
-4.99892e-06
-0.000116444
0.000116075
-0.000141018
2.44313e-05
-0.000148009
6.86454e-06
-0.00014572
-2.36839e-06
-0.000139939
-5.8443e-06
-0.000126561
-1.33945e-05
-0.000112435
-1.42796e-05
-0.000107418
-5.17592e-06
-0.000117088
9.46252e-06
-0.000133189
1.59184e-05
-0.000144007
1.06229e-05
-0.000151507
7.30536e-06
-0.000156279
4.5999e-06
-0.000158592
2.13955e-06
-0.000158417
-2.93736e-07
-0.000153675
-4.84708e-06
-0.000133761
-1.99724e-05
-8.93332e-05
-4.43962e-05
-8.94709e-05
-8.32331e-05
0.000199146
-9.35865e-05
3.45344e-05
-9.90145e-05
1.20769e-05
-9.37559e-05
-7.73057e-06
-8.82054e-05
-1.14676e-05
-7.7688e-05
-2.39521e-05
-7.09816e-05
-2.1181e-05
-7.96532e-05
3.2433e-06
-9.70711e-05
2.66726e-05
-0.000112046
3.06624e-05
-0.000121789
2.00816e-05
-0.000127802
1.30351e-05
-0.000131728
8.28347e-06
-0.000133738
3.90302e-06
-0.000133604
-6.49902e-07
-0.000128173
-1.04894e-05
-0.000103504
-4.47568e-05
-6.58673e-05
-8.20646e-05
-0.000155476
-4.35178e-05
0.000242538
-5.07894e-05
4.13909e-05
-7.84149e-05
3.92695e-05
-6.75789e-05
-1.89085e-05
-5.05454e-05
-2.86736e-05
-2.22934e-05
-5.22652e-05
7.82043e-06
-5.13235e-05
6.50557e-06
4.36061e-06
-1.88047e-05
5.13668e-05
-4.33454e-05
5.45976e-05
-7.10031e-05
4.71063e-05
-0.000100492
4.18996e-05
-0.000124713
3.18564e-05
-0.00013622
1.47503e-05
-0.000135763
-1.67723e-06
-0.000124426
-2.24344e-05
-9.50771e-05
-7.45253e-05
-5.00887e-05
-0.000127237
-0.000205741
2.40485e-06
0.000239916
-3.34994e-05
7.68847e-05
-7.55823e-05
8.24056e-05
-9.12367e-05
-3.57716e-06
-5.10105e-05
-6.92869e-05
-1.04526e-05
-9.30771e-05
1.89064e-05
-8.07152e-05
5.20953e-05
-2.88546e-05
8.80168e-05
1.53433e-05
0.000105534
3.68369e-05
9.91259e-05
5.31311e-05
8.01326e-05
6.03993e-05
4.71841e-05
6.42534e-05
6.7544e-06
5.45759e-05
-6.03656e-05
6.48154e-05
-9.06245e-05
7.22208e-06
-0.000100085
-6.56966e-05
-4.23998e-05
-0.000185347
-0.000248319
3.75557e-06
0.00023587
-5.66399e-05
0.000136867
-3.04316e-05
5.58853e-05
-1.94164e-05
-1.49302e-05
-1.92596e-05
-6.97574e-05
2.10416e-05
-0.000133686
3.54733e-05
-9.52137e-05
5.87008e-05
-5.20838e-05
8.66462e-05
-1.26055e-05
0.000107908
1.55621e-05
0.000119742
4.12419e-05
0.000131086
4.88864e-05
0.000143122
5.17965e-05
0.00014304
5.40865e-05
0.000141235
6.60407e-05
6.23891e-05
8.54493e-05
-7.35101e-05
6.95776e-05
-3.31419e-05
-0.000226266
-0.000281689
1.5108e-05
0.000220641
-5.60529e-05
0.000207633
-8.59705e-06
8.11448e-06
3.29028e-05
-5.67775e-05
2.78796e-05
-6.50624e-05
3.71471e-05
-0.000143144
4.73207e-05
-0.000105409
6.88625e-05
-7.36273e-05
9.0687e-05
-3.44317e-05
0.000104957
1.2881e-06
0.000114454
3.17399e-05
0.000124054
3.92807e-05
0.000132068
4.37402e-05
0.000135163
5.07578e-05
0.000138613
6.2131e-05
9.77028e-05
0.000125687
-1.64359e-05
0.000183142
-2.54227e-05
-0.000217982
-0.00030752
6.99088e-06
0.000213103
-1.14364e-05
0.00022567
9.33809e-06
-1.30395e-05
3.80259e-05
-8.58037e-05
5.7497e-05
-8.48179e-05
4.7379e-05
-0.00013319
5.4224e-05
-0.000112259
6.95907e-05
-8.89956e-05
8.69723e-05
-5.18323e-05
0.000100578
-1.2422e-05
0.000109819
2.23463e-05
0.000118648
3.03127e-05
0.000126583
3.57019e-05
0.000130398
4.68378e-05
0.000129849
6.24162e-05
0.000129641
0.000125376
3.68005e-05
0.00027545
-1.59743e-05
-0.000165993
-0.000323841
3.36058e-06
0.000209465
5.46797e-05
0.000173952
7.30178e-05
-3.18068e-05
5.49753e-05
-6.80503e-05
5.55965e-05
-8.57967e-05
5.00256e-05
-0.000127679
5.65944e-05
-0.00011883
6.96511e-05
-0.000102054
8.43495e-05
-6.67279e-05
9.70702e-05
-2.55245e-05
0.00010648
1.24635e-05
0.00011634
1.99635e-05
0.000124871
2.66851e-05
0.000128001
4.32912e-05
0.000126696
6.32643e-05
0.000118692
0.000132869
5.61388e-05
0.000337503
-5.8533e-06
-0.000104629
-0.000329922
2.50163e-06
-8.08532e-06
4.11053e-06
-7.19307e-06
5.74329e-06
-6.44675e-06
7.41596e-06
-5.40332e-06
8.82918e-06
-3.8396e-06
9.4411e-06
-1.95134e-06
9.7041e-06
1.51003e-07
9.23664e-06
2.65309e-06
7.44289e-06
5.23264e-06
5.08524e-06
7.41403e-06
2.38956e-06
8.60108e-06
-1.62889e-07
8.69352e-06
-2.08454e-06
7.71201e-06
-3.39714e-06
5.88121e-06
-4.39745e-06
4.2075e-06
-5.84917e-06
3.99997e-06
-6.56684e-06
1.77002e-06
-5.64436e-06
-1.45805e-06
-4.2373e-06
-2.77721e-06
-3.49725e-06
-2.57411e-06
-2.72212e-06
-3.15544e-06
-5.16971e-06
-3.37177e-06
7.99904e-07
-1.09686e-05
-1.04219e-05
2.32643e-06
-1.90285e-05
1.40348e-06
-2.95531e-05
4.06798e-06
-3.34939e-05
-1.39056e-06
-2.34826e-05
-1.38618e-05
-1.30192e-05
-1.24267e-05
-5.3317e-06
-7.54709e-06
-5.0899e-07
-2.17315e-06
1.87161e-06
2.85637e-06
2.32088e-06
6.97477e-06
1.55071e-06
9.38019e-06
7.21817e-07
9.52165e-06
4.70511e-08
8.38321e-06
-1.6867e-06
7.61367e-06
-4.42572e-06
6.94652e-06
-7.49373e-06
7.06798e-06
-8.61458e-06
2.89087e-06
-7.70921e-06
-2.36342e-06
-6.27865e-06
-4.20778e-06
-5.98643e-06
-2.86633e-06
-4.54678e-06
-4.59511e-06
-8.52326e-06
6.04699e-07
4.87691e-06
-1.26003e-05
-2.19292e-06
4.50975e-06
-4.37207e-06
3.57304e-06
-6.37306e-06
6.05926e-06
-8.44725e-06
6.73992e-07
-1.1551e-05
-1.07677e-05
-1.62118e-05
-7.77571e-06
-2.26698e-05
-1.09922e-06
-2.8911e-05
4.0583e-06
-2.84116e-05
2.35059e-06
-2.5412e-05
3.97391e-06
-2.58749e-05
9.8531e-06
-2.37936e-05
7.47008e-06
-2.0492e-05
5.11616e-06
-1.69607e-05
4.11334e-06
-1.28819e-05
2.87768e-06
-8.30934e-06
2.49308e-06
-3.14178e-06
-2.28146e-06
-1.05268e-06
-4.45405e-06
-1.33364e-06
-3.927e-06
-9.5022e-07
-3.24987e-06
5.21827e-07
-6.06726e-06
2.87988e-06
-1.75337e-06
6.3883e-07
7.11795e-06
1.53384e-06
2.96638e-06
2.16149e-06
2.93585e-06
5.43379e-06
2.77739e-06
4.48662e-06
1.61157e-06
-6.07085e-06
-2.20006e-07
-1.6606e-05
2.74972e-06
-2.45957e-05
6.8806e-06
-3.2088e-05
1.15406e-05
-3.92786e-05
9.53128e-06
-4.43675e-05
9.0528e-06
-5.09057e-05
1.63816e-05
-6.15337e-05
1.80916e-05
-6.26983e-05
6.27919e-06
-5.32272e-05
-5.35097e-06
-4.40811e-05
-6.24569e-06
-4.21397e-05
5.66049e-07
-3.75232e-05
-6.89646e-06
-2.26325e-05
-1.9367e-05
-9.03912e-06
-1.75604e-05
1.429e-06
-1.37556e-05
9.66217e-06
-1.4336e-05
1.29346e-05
-5.03565e-06
-7.76122e-07
1.43459e-05
-3.61348e-06
6.57036e-06
-6.85881e-06
6.17167e-06
-1.0331e-05
6.24008e-06
-1.37147e-05
4.98563e-06
-1.67203e-05
2.77592e-06
-1.89253e-05
4.94504e-06
-1.93016e-05
7.24704e-06
-1.93972e-05
1.16262e-05
-2.37436e-05
1.38675e-05
-2.91412e-05
1.44401e-05
-3.194e-05
1.91697e-05
-4.33851e-05
2.95261e-05
-5.68283e-05
1.97121e-05
-6.76502e-05
5.45877e-06
-8.20248e-05
8.11731e-06
-0.000100482
1.90178e-05
-0.000107954
5.62124e-07
-0.00010416
-2.31757e-05
-9.79686e-05
-2.37654e-05
-7.33948e-05
-3.83345e-05
-4.09764e-05
-4.67529e-05
-1.69485e-05
-2.90945e-05
-2.12859e-05
3.51806e-06
-9.23093e-07
7.48403e-06
-2.36631e-06
7.60545e-06
-3.94168e-06
7.80596e-06
-7.09336e-06
8.12779e-06
-1.27081e-05
8.38102e-06
-1.85077e-05
1.0735e-05
-2.37313e-05
1.24608e-05
-2.727e-05
1.5155e-05
-2.89132e-05
1.55007e-05
-3.07913e-05
1.6308e-05
-2.95802e-05
1.79481e-05
-2.67986e-05
2.67338e-05
-3.1054e-05
2.39568e-05
-4.35944e-05
1.79878e-05
-6.01647e-05
2.46758e-05
-7.52969e-05
3.41383e-05
-9.24059e-05
1.76585e-05
-0.000124238
8.64306e-06
-0.000164857
1.68407e-05
-0.000195608
-7.59953e-06
-0.00021046
-3.19154e-05
-0.000202486
-3.70846e-05
-5.24378e-05
-0.000171352
-2.87344e-06
1.03481e-05
-5.6905e-06
1.04131e-05
-8.41962e-06
1.05256e-05
-1.10704e-05
1.07691e-05
-1.35067e-05
1.08077e-05
-1.54585e-05
1.26771e-05
-1.70573e-05
1.40499e-05
-1.86341e-05
1.67219e-05
-2.13993e-05
1.82558e-05
-2.59942e-05
2.08927e-05
-3.01033e-05
2.20468e-05
-3.0705e-05
2.73249e-05
-3.19382e-05
2.51791e-05
-3.68969e-05
2.29352e-05
-4.22494e-05
3.00166e-05
-4.59771e-05
3.7854e-05
-6.07472e-05
3.24162e-05
-9.0654e-05
3.85367e-05
-0.000134358
6.05313e-05
-0.000205307
6.33354e-05
-0.000292539
5.53038e-05
-0.000372531
4.28934e-05
8.36155e-06
-0.000433346
-1.57507e-06
1.19139e-05
-3.35877e-06
1.21875e-05
-5.3255e-06
1.2483e-05
-7.7754e-06
1.32096e-05
-1.09079e-05
1.39307e-05
-1.39386e-05
1.56983e-05
-1.69314e-05
1.7033e-05
-1.95521e-05
1.93328e-05
-2.17853e-05
2.04791e-05
-2.41877e-05
2.3285e-05
-2.70261e-05
2.4875e-05
-2.88297e-05
2.91179e-05
-3.4099e-05
3.04377e-05
-4.27537e-05
3.1579e-05
-4.91643e-05
3.64159e-05
-5.4235e-05
4.29129e-05
-6.4699e-05
4.28683e-05
-7.78465e-05
5.16717e-05
-9.00894e-05
7.27612e-05
-0.000118834
9.20661e-05
-0.000176054
0.00011251
-0.000264525
0.000131352
0.000103969
-0.000360143
-2.08179e-06
1.39864e-05
-4.09087e-06
1.41873e-05
-6.09536e-06
1.44782e-05
-8.03015e-06
1.51351e-05
-9.91867e-06
1.58098e-05
-1.16112e-05
1.73814e-05
-1.32583e-05
1.86706e-05
-1.50282e-05
2.10931e-05
-1.72621e-05
2.27032e-05
-2.00121e-05
2.6025e-05
-2.33478e-05
2.82005e-05
-2.62556e-05
3.20153e-05
-3.01449e-05
3.43163e-05
-3.57958e-05
3.72189e-05
-4.16145e-05
4.22234e-05
-4.86469e-05
4.99337e-05
-6.1772e-05
5.59816e-05
-7.65017e-05
6.6389e-05
-8.80952e-05
8.43423e-05
-0.000103287
0.000107245
-0.00012754
0.00013675
-0.00016727
0.000171069
0.000154998
-0.00021831
-1.47314e-06
1.54504e-05
-2.98888e-06
1.56939e-05
-4.65396e-06
1.61341e-05
-6.43478e-06
1.69067e-05
-8.44653e-06
1.78123e-05
-1.0418e-05
1.93435e-05
-1.23937e-05
2.06368e-05
-1.42885e-05
2.29783e-05
-1.61885e-05
2.45935e-05
-1.80205e-05
2.78471e-05
-2.03905e-05
3.05604e-05
-2.29484e-05
3.45629e-05
-2.66661e-05
3.80235e-05
-3.18081e-05
4.23502e-05
-3.73225e-05
4.77269e-05
-4.28989e-05
5.54988e-05
-5.08739e-05
6.39451e-05
-6.07869e-05
7.62902e-05
-7.06194e-05
9.41629e-05
-8.07499e-05
0.000117363
-9.54907e-05
0.000151478
-0.00011898
0.000194546
0.000201907
-0.000165901
-1.42436e-06
1.68658e-05
-2.8296e-06
1.70901e-05
-4.22426e-06
1.75197e-05
-5.57198e-06
1.82454e-05
-6.88787e-06
1.9119e-05
-8.16122e-06
2.06077e-05
-9.4203e-06
2.18865e-05
-1.07617e-05
2.43102e-05
-1.22856e-05
2.61078e-05
-1.3827e-05
2.93788e-05
-1.55684e-05
3.22919e-05
-1.74272e-05
3.64116e-05
-1.99771e-05
4.05631e-05
-2.33005e-05
4.56629e-05
-2.73758e-05
5.17915e-05
-3.19263e-05
6.00382e-05
-3.76017e-05
6.96092e-05
-4.40678e-05
8.27447e-05
-4.99619e-05
0.000100045
-5.47878e-05
0.000122177
-5.7748e-05
0.000154426
-6.36457e-05
0.000200432
0.00023446
-9.62107e-05
-1.09709e-06
1.7954e-05
-2.20143e-06
1.81856e-05
-3.35176e-06
1.86612e-05
-4.51296e-06
1.93976e-05
-5.7168e-06
2.03138e-05
-6.90875e-06
2.17905e-05
-8.06805e-06
2.30366e-05
-9.18414e-06
2.5417e-05
-1.03449e-05
2.72591e-05
-1.1367e-05
3.03913e-05
-1.24566e-05
3.33717e-05
-1.3522e-05
3.74671e-05
-1.48429e-05
4.18739e-05
-1.66125e-05
4.74222e-05
-1.87443e-05
5.39128e-05
-2.09992e-05
6.22824e-05
-2.34986e-05
7.20976e-05
-2.59771e-05
8.52121e-05
-2.69999e-05
0.000101056
-2.64412e-05
0.000121607
-1.93079e-05
0.000147281
-5.41451e-06
0.000186526
0.000227375
1.65886e-06
-8.43588e-07
1.87889e-05
-1.66041e-06
1.89937e-05
-2.45957e-06
1.94516e-05
-3.22963e-06
2.01588e-05
-3.94892e-06
2.10242e-05
-4.66592e-06
2.24985e-05
-5.32805e-06
2.36897e-05
-5.98163e-06
2.60614e-05
-6.64263e-06
2.79108e-05
-7.25161e-06
3.09908e-05
-7.85019e-06
3.39607e-05
-8.36319e-06
3.79704e-05
-8.82546e-06
4.23262e-05
-9.23899e-06
4.78256e-05
-9.5159e-06
5.41793e-05
-9.58368e-06
6.23396e-05
-9.2158e-06
7.17189e-05
-8.04254e-06
8.40279e-05
-5.30519e-06
9.8308e-05
9.72739e-08
0.000116193
1.12579e-05
0.000136109
3.39286e-05
0.000163844
0.00019166
6.96318e-05
-6.30331e-07
1.94106e-05
-1.24375e-06
1.95985e-05
-1.86195e-06
2.00611e-05
-2.46536e-06
2.07536e-05
-3.01031e-06
2.15604e-05
-3.52949e-06
2.30089e-05
-3.93256e-06
2.40839e-05
-4.26612e-06
2.6386e-05
-4.4863e-06
2.81219e-05
-4.56053e-06
3.10559e-05
-4.50041e-06
3.38913e-05
-4.27011e-06
3.77306e-05
-3.84452e-06
4.18909e-05
-3.17924e-06
4.71505e-05
-2.13833e-06
5.31284e-05
-4.79111e-07
6.06702e-05
2.06885e-06
6.91605e-05
6.20189e-06
7.98842e-05
1.26687e-05
9.18303e-05
2.27064e-05
0.000106144
3.73566e-05
0.000121447
6.19666e-05
0.000139223
0.000155235
9.83806e-05
-3.46227e-07
1.97485e-05
-6.66965e-07
1.99109e-05
-9.7763e-07
2.03634e-05
-1.25899e-06
2.10265e-05
-1.45548e-06
2.17484e-05
-1.62464e-06
2.31695e-05
-1.65e-06
2.41006e-05
-1.58978e-06
2.6317e-05
-1.31345e-06
2.78367e-05
-9.26232e-07
3.06596e-05
-2.50558e-07
3.32064e-05
6.51374e-07
3.68193e-05
1.92145e-06
4.06113e-05
3.6035e-06
4.54588e-05
5.85178e-06
5.08702e-05
8.92774e-06
5.75842e-05
1.30107e-05
6.50674e-05
1.86618e-05
7.42227e-05
2.63662e-05
8.41154e-05
3.71101e-05
9.53897e-05
5.16695e-05
0.000106877
7.23858e-05
0.000118496
0.000128208
9.94011e-05
-1.71136e-07
1.99114e-05
-3.15896e-07
2.00474e-05
-4.38992e-07
2.04782e-05
-5.30865e-07
2.111e-05
-5.19534e-07
2.17287e-05
-4.501e-07
2.30916e-05
-2.05288e-07
2.38473e-05
1.53812e-07
2.59493e-05
7.86091e-07
2.71957e-05
1.59609e-06
2.98408e-05
2.78305e-06
3.20105e-05
4.26093e-06
3.53324e-05
6.23837e-06
3.86247e-05
8.72851e-06
4.29593e-05
1.19019e-05
4.76873e-05
1.60656e-05
5.34108e-05
2.13068e-05
5.98164e-05
2.83305e-05
6.71889e-05
3.71857e-05
7.52501e-05
4.87321e-05
8.3833e-05
6.29092e-05
9.26893e-05
8.09429e-05
0.000100451
0.000107453
0.000101687
7.37593e-08
1.98296e-05
1.76995e-07
1.99362e-05
3.06086e-07
2.03411e-05
4.70369e-07
2.09377e-05
7.40104e-07
2.14508e-05
1.11167e-06
2.27118e-05
1.67034e-06
2.32803e-05
2.38344e-06
2.52278e-05
3.40584e-06
2.61648e-05
4.63244e-06
2.86056e-05
6.34859e-06
3.02856e-05
8.38889e-06
3.32832e-05
1.10532e-05
3.59513e-05
1.42631e-05
3.97402e-05
1.82681e-05
4.3673e-05
2.32409e-05
4.84285e-05
2.9241e-05
5.38066e-05
3.68073e-05
5.96128e-05
4.58104e-05
6.62369e-05
5.70173e-05
7.26159e-05
7.0158e-05
7.95383e-05
8.59722e-05
8.46266e-05
9.02609e-05
0.000103154
1.9378e-07
1.9628e-05
4.23203e-07
1.96989e-05
6.9142e-07
2.0065e-05
1.02204e-06
2.05992e-05
1.46527e-06
2.09996e-05
2.0511e-06
2.2118e-05
2.81455e-06
2.25088e-05
3.78774e-06
2.42464e-05
5.07145e-06
2.48729e-05
6.62967e-06
2.7039e-05
8.68284e-06
2.8224e-05
1.11316e-05
3.08258e-05
1.42794e-05
3.27949e-05
1.80093e-05
3.60015e-05
2.26155e-05
3.90577e-05
2.81887e-05
4.28461e-05
3.48209e-05
4.71651e-05
4.28775e-05
5.15468e-05
5.21609e-05
5.69439e-05
6.31569e-05
6.16101e-05
7.53869e-05
6.72985e-05
8.91881e-05
7.08153e-05
7.61472e-05
0.000103291
3.09572e-07
1.93109e-05
6.4872e-07
1.93522e-05
1.05266e-06
1.96534e-05
1.54172e-06
2.01024e-05
2.15812e-06
2.03755e-05
2.97554e-06
2.12928e-05
3.9639e-06
2.15126e-05
5.24217e-06
2.29603e-05
6.83326e-06
2.32738e-05
8.77146e-06
2.50927e-05
1.12104e-05
2.57769e-05
1.40939e-05
2.7934e-05
1.76918e-05
2.91884e-05
2.18707e-05
3.1814e-05
2.6978e-05
3.39417e-05
3.29617e-05
3.68535e-05
3.9978e-05
4.01397e-05
4.81986e-05
4.3317e-05
5.75527e-05
4.75803e-05
6.82933e-05
5.08601e-05
8.01081e-05
5.5474e-05
9.30532e-05
5.78604e-05
6.28373e-05
0.000106353
2.65604e-07
1.90379e-05
5.33291e-07
1.90771e-05
9.17339e-07
1.9262e-05
1.41108e-06
1.96013e-05
2.05127e-06
1.97279e-05
2.95149e-06
2.03851e-05
4.04839e-06
2.04081e-05
5.53288e-06
2.14681e-05
7.33451e-06
2.14644e-05
9.57933e-06
2.28401e-05
1.23045e-05
2.30437e-05
1.5592e-05
2.46385e-05
1.95636e-05
2.52086e-05
2.41774e-05
2.71918e-05
2.97629e-05
2.83478e-05
3.61212e-05
3.04866e-05
4.35552e-05
3.2697e-05
5.19972e-05
3.48662e-05
6.14557e-05
3.81128e-05
7.19714e-05
4.03352e-05
8.33139e-05
4.41222e-05
9.53132e-05
4.58517e-05
5.05261e-05
0.000107615
2.0047e-07
1.88303e-05
3.7427e-07
1.88962e-05
7.1339e-07
1.89157e-05
1.17426e-06
1.91332e-05
1.80189e-06
1.9093e-05
2.71647e-06
1.94632e-05
3.86172e-06
1.92555e-05
5.44733e-06
1.98751e-05
7.36458e-06
1.95396e-05
9.81257e-06
2.03845e-05
1.27497e-05
2.00989e-05
1.63295e-05
2.10509e-05
2.05818e-05
2.09483e-05
2.55755e-05
2.21902e-05
3.15351e-05
2.238e-05
3.82329e-05
2.37805e-05
4.60982e-05
2.48233e-05
5.4825e-05
2.61308e-05
6.45842e-05
2.83449e-05
7.52645e-05
2.9646e-05
8.6748e-05
3.26298e-05
9.87618e-05
3.38287e-05
3.81684e-05
0.00011111
-1.25675e-07
1.89491e-05
-2.71455e-07
1.90351e-05
-2.33906e-07
1.88712e-05
-5.53368e-08
1.89477e-05
3.45821e-07
1.86849e-05
1.0852e-06
1.87168e-05
2.11846e-06
1.82151e-05
3.65601e-06
1.83304e-05
5.61065e-06
1.75778e-05
8.19842e-06
1.77894e-05
1.13629e-05
1.69271e-05
1.52654e-05
1.71409e-05
1.98715e-05
1.63346e-05
2.53479e-05
1.67059e-05
3.17527e-05
1.59674e-05
3.89661e-05
1.65591e-05
4.7364e-05
1.64173e-05
5.65089e-05
1.69776e-05
6.6719e-05
1.81265e-05
7.77225e-05
1.8634e-05
8.94392e-05
2.09044e-05
0.000101464
2.17947e-05
2.58307e-05
0.000113793
-3.76808e-07
1.93193e-05
-7.47674e-07
1.93993e-05
-9.68478e-07
1.90854e-05
-1.05965e-06
1.90322e-05
-9.33391e-07
1.85519e-05
-4.95057e-07
1.82717e-05
2.45984e-07
1.74673e-05
1.48057e-06
1.70889e-05
3.15205e-06
1.58993e-05
5.4681e-06
1.54663e-05
8.41434e-06
1.39737e-05
1.21745e-05
1.33734e-05
1.67396e-05
1.17622e-05
2.23203e-05
1.11178e-05
2.88844e-05
9.39575e-06
3.6479e-05
8.95676e-06
4.53445e-05
7.54406e-06
5.50728e-05
7.24133e-06
6.61056e-05
7.08561e-06
7.79835e-05
6.74793e-06
9.06181e-05
8.26152e-06
0.000103582
8.82233e-06
1.2468e-05
0.000116936
-9.19695e-07
2.02326e-05
-1.79532e-06
2.02686e-05
-2.5555e-06
1.98392e-05
-3.15612e-06
1.96264e-05
-3.52763e-06
1.8917e-05
-3.5865e-06
1.83241e-05
-3.29794e-06
1.71722e-05
-2.48495e-06
1.62693e-05
-1.15142e-06
1.45591e-05
9.19972e-07
1.33881e-05
3.7266e-06
1.11602e-05
7.44359e-06
9.6495e-06
1.20991e-05
7.09969e-06
1.78918e-05
5.31797e-06
2.4759e-05
2.52128e-06
3.28584e-05
8.50003e-07
4.22273e-05
-1.83238e-06
5.26366e-05
-3.17564e-06
6.45389e-05
-4.82437e-06
7.73381e-05
-6.05912e-06
9.10389e-05
-5.44729e-06
0.000105219
-5.36622e-06
-2.27051e-06
0.00011995
-1.25827e-06
2.14848e-05
-2.46507e-06
2.14693e-05
-3.60755e-06
2.09756e-05
-4.60703e-06
2.06198e-05
-5.41314e-06
1.97169e-05
-5.95312e-06
1.88579e-05
-6.18038e-06
1.73932e-05
-5.94982e-06
1.60324e-05
-5.23974e-06
1.38426e-05
-3.84181e-06
1.19837e-05
-1.73748e-06
9.04932e-06
1.26004e-06
6.64536e-06
5.21777e-06
3.13523e-06
1.03447e-05
1.84233e-07
1.66893e-05
-3.83029e-06
2.45044e-05
-6.97211e-06
3.3785e-05
-1.11201e-05
4.455e-05
-1.39479e-05
5.71066e-05
-1.73883e-05
7.08009e-05
-1.97609e-05
8.57966e-05
-2.04506e-05
0.000101765
-2.13424e-05
-1.91193e-05
0.000118606
-1.83117e-06
2.33102e-05
-3.61481e-06
2.32472e-05
-5.35404e-06
2.2709e-05
-6.96025e-06
2.22202e-05
-8.39457e-06
2.11454e-05
-9.58161e-06
2.00391e-05
-1.04609e-05
1.82666e-05
-1.09004e-05
1.64659e-05
-1.08497e-05
1.37859e-05
-1.00888e-05
1.12167e-05
-8.55854e-06
7.51281e-06
-6.00486e-06
4.08539e-06
-2.34394e-06
-5.32078e-07
2.57472e-06
-4.7409e-06
8.79333e-06
-1.00555e-05
1.65404e-05
-1.47259e-05
2.58444e-05
-2.04309e-05
3.69072e-05
-2.50176e-05
4.98367e-05
-3.03248e-05
6.41929e-05
-3.41243e-05
8.04159e-05
-3.66809e-05
9.82013e-05
-3.91351e-05
-3.80992e-05
0.000117174
-2.2106e-06
2.55154e-05
-4.38763e-06
2.54187e-05
-6.53739e-06
2.48533e-05
-8.57914e-06
2.42564e-05
-1.04802e-05
2.30409e-05
-1.21727e-05
2.1726e-05
-1.35981e-05
1.96863e-05
-1.46476e-05
1.75097e-05
-1.52662e-05
1.43989e-05
-1.52795e-05
1.12242e-05
-1.46354e-05
6.86278e-06
-1.30986e-05
2.54264e-06
-1.05657e-05
-3.07109e-06
-6.78377e-06
-8.52894e-06
-1.65332e-06
-1.51922e-05
5.13499e-06
-2.15206e-05
1.37294e-05
-2.90318e-05
2.44055e-05
-3.57003e-05
3.72249e-05
-4.31509e-05
5.20324e-05
-4.89385e-05
6.92864e-05
-5.39417e-05
8.85912e-05
-5.8447e-05
-5.88844e-05
0.000109369
-2.74398e-06
2.82542e-05
-5.46762e-06
2.81372e-05
-8.18124e-06
2.75617e-05
-1.08254e-05
2.68954e-05
-1.33701e-05
2.55804e-05
-1.57567e-05
2.41074e-05
-1.79163e-05
2.18405e-05
-1.97504e-05
1.93384e-05
-2.11896e-05
1.58327e-05
-2.20641e-05
1.20932e-05
-2.229e-05
7.08317e-06
-2.1625e-05
1.87201e-06
-1.99512e-05
-4.75065e-06
-1.69158e-05
-1.15701e-05
-1.22869e-05
-1.9827e-05
-5.81083e-06
-2.80026e-05
2.57141e-06
-3.74202e-05
1.3158e-05
-4.62931e-05
2.61252e-05
-5.61244e-05
4.1581e-05
-6.44009e-05
5.98162e-05
-7.21835e-05
8.0496e-05
-7.91336e-05
-8.14986e-05
0.000103103
-3.10869e-06
3.13581e-05
-6.21046e-06
3.12341e-05
-9.31327e-06
3.06597e-05
-1.23763e-05
2.99535e-05
-1.53665e-05
2.85657e-05
-1.82472e-05
2.69832e-05
-2.09554e-05
2.45436e-05
-2.34276e-05
2.18057e-05
-2.5581e-05
1.79811e-05
-2.72726e-05
1.37796e-05
-2.84138e-05
8.21914e-06
-2.88009e-05
2.25387e-06
-2.83159e-05
-5.241e-06
-2.6689e-05
-1.32024e-05
-2.37479e-05
-2.27737e-05
-1.90586e-05
-3.26976e-05
-1.23228e-05
-4.41617e-05
-3.03191e-06
-5.55898e-05
8.93203e-06
-6.80943e-05
2.39827e-05
-7.94578e-05
4.23769e-05
-9.0584e-05
6.3874e-05
-0.000100637
-0.000105799
8.81688e-05
-3.56983e-06
3.49234e-05
-7.15083e-06
3.48106e-05
-1.07604e-05
3.42647e-05
-1.4383e-05
3.35716e-05
-1.80017e-05
3.21799e-05
-2.15975e-05
3.05744e-05
-2.51124e-05
2.80539e-05
-2.84947e-05
2.51834e-05
-3.16483e-05
2.11299e-05
-3.44684e-05
1.65949e-05
-3.68333e-05
1.05792e-05
-3.85365e-05
3.95216e-06
-3.94022e-05
-4.38028e-06
-3.91413e-05
-1.34684e-05
-3.74981e-05
-2.4422e-05
-3.38977e-05
-3.63032e-05
-2.81121e-05
-4.99525e-05
-1.98198e-05
-6.38876e-05
-9.01765e-06
-7.8902e-05
4.44504e-06
-9.2926e-05
2.09732e-05
-0.000107118
4.17003e-05
-0.000121369
-0.000131378
6.72733e-05
-3.87896e-06
3.87982e-05
-7.78277e-06
3.87103e-05
-1.17338e-05
3.82116e-05
-1.57367e-05
3.75703e-05
-1.97869e-05
3.62258e-05
-2.38921e-05
3.46754e-05
-2.80015e-05
3.21589e-05
-3.21121e-05
2.92897e-05
-3.61346e-05
2.51481e-05
-4.00148e-05
2.04707e-05
-4.36019e-05
1.41617e-05
-4.67603e-05
7.10602e-06
-4.93105e-05
-1.83466e-06
-5.10362e-05
-1.17474e-05
-5.16588e-05
-2.38041e-05
-5.10639e-05
-3.6903e-05
-4.91174e-05
-5.1904e-05
-4.56489e-05
-6.73612e-05
-4.10629e-05
-8.3493e-05
-3.34603e-05
-0.000100533
-1.98999e-05
-0.000120682
8.27728e-07
-0.000142101
-0.000159007
2.84518e-05
-4.2832e-06
4.30776e-05
-8.60531e-06
4.30286e-05
-1.30075e-05
4.26099e-05
-1.75205e-05
4.20795e-05
-2.21632e-05
4.08647e-05
-2.69703e-05
3.94788e-05
-3.19211e-05
3.71058e-05
-3.70464e-05
3.44111e-05
-4.22812e-05
3.03788e-05
-4.75947e-05
2.57802e-05
-5.28749e-05
1.94379e-05
-5.80418e-05
1.22688e-05
-6.286e-05
2.97931e-06
-6.71334e-05
-7.47827e-06
-7.06359e-05
-2.03059e-05
-7.3245e-05
-3.42984e-05
-7.5347e-05
-4.98065e-05
-7.81034e-05
-6.46092e-05
-7.9918e-05
-8.16824e-05
-7.41323e-05
-0.000106323
-5.75771e-05
-0.000137243
-3.33079e-05
-0.000166377
-0.000189303
-3.01807e-06
-4.44638e-06
4.75205e-05
-8.95424e-06
4.7533e-05
-1.35856e-05
4.72378e-05
-1.8408e-05
4.68984e-05
-2.34733e-05
4.59265e-05
-2.88412e-05
4.48431e-05
-3.45258e-05
4.27869e-05
-4.05681e-05
4.04499e-05
-4.6942e-05
3.67491e-05
-5.36625e-05
3.24971e-05
-6.06702e-05
2.64419e-05
-6.79172e-05
1.9512e-05
-7.52951e-05
1.03534e-05
-8.28825e-05
1.0519e-07
-9.08501e-05
-1.23423e-05
-0.000100035
-2.51177e-05
-0.000111365
-3.84803e-05
-0.00012167
-5.4307e-05
-0.000121635
-8.17208e-05
-0.000107228
-0.000120735
-8.45957e-05
-0.000159881
-5.85446e-05
-0.000192433
-0.000218148
-2.9704e-05
-4.79671e-06
5.23142e-05
-9.67352e-06
5.24067e-05
-1.47112e-05
5.22724e-05
-1.99824e-05
5.21665e-05
-2.55514e-05
5.14924e-05
-3.15005e-05
5.07891e-05
-3.78865e-05
4.91697e-05
-4.48024e-05
4.73626e-05
-5.23125e-05
4.4256e-05
-6.05315e-05
4.07128e-05
-6.94956e-05
3.54027e-05
-7.9245e-05
2.92581e-05
-8.98333e-05
2.09383e-05
-0.000101397
1.1665e-05
-0.000114333
5.90266e-07
-0.000129226
-1.02271e-05
-0.000144989
-2.27203e-05
-0.000152873
-4.64265e-05
-0.000143792
-9.08066e-05
-0.000124386
-0.000140146
-0.0001033
-0.000180973
-8.12377e-05
-0.000214499
-0.000242127
-5.72634e-05
-4.65628e-06
5.69677e-05
-9.41648e-06
5.71642e-05
-1.4397e-05
5.72502e-05
-1.9725e-05
5.74917e-05
-2.55309e-05
5.72956e-05
-3.19571e-05
5.72124e-05
-3.91308e-05
5.63406e-05
-4.71803e-05
5.54093e-05
-5.61885e-05
5.32613e-05
-6.62277e-05
5.07491e-05
-7.73762e-05
4.65483e-05
-8.97688e-05
4.16478e-05
-0.000103578
3.47441e-05
-0.000119466
2.75507e-05
-0.000138473
1.95944e-05
-0.000160132
1.14297e-05
-0.000176327
-6.5276e-06
-0.000174267
-4.8491e-05
-0.000159084
-0.000105994
-0.000143734
-0.000155501
-0.000128416
-0.000196294
-0.000110672
-0.000232246
-0.000262961
-8.98419e-05
-4.96597e-06
6.19313e-05
-1.00589e-05
6.22548e-05
-1.54058e-05
6.25947e-05
-2.11174e-05
6.3201e-05
-2.73168e-05
6.34926e-05
-3.41448e-05
6.4038e-05
-4.1744e-05
6.39374e-05
-5.02609e-05
6.39237e-05
-5.9828e-05
6.2826e-05
-7.0628e-05
6.15467e-05
-8.29698e-05
5.88876e-05
-9.73067e-05
5.59822e-05
-0.000114118
5.15523e-05
-0.000134009
4.74396e-05
-0.000156594
4.21776e-05
-0.000178665
3.34999e-05
-0.000189494
4.29879e-06
-0.000183314
-5.46754e-05
-0.000172535
-0.000116777
-0.000162141
-0.000165898
-0.000148869
-0.000209569
-0.000132753
-0.000248365
-0.000282313
-0.000113405
-4.33101e-06
6.62604e-05
-8.80076e-06
6.67225e-05
-1.35645e-05
6.73565e-05
-1.88067e-05
6.84412e-05
-2.47023e-05
6.93862e-05
-3.14562e-05
7.07899e-05
-3.93215e-05
7.18008e-05
-4.8619e-05
7.32192e-05
-5.97059e-05
7.39108e-05
-7.29399e-05
7.47785e-05
-8.86401e-05
7.45858e-05
-0.000107079
7.44188e-05
-0.000128413
7.28844e-05
-0.000152699
7.17242e-05
-0.000178543
6.80207e-05
-0.000199452
5.44072e-05
-0.000202975
7.81904e-06
-0.00019481
-6.28441e-05
-0.000186811
-0.000124781
-0.000177132
-0.000175578
-0.000164703
-0.000222
-0.00015049
-0.000262581
-0.000298909
-0.000133898
-4.56305e-06
7.08217e-05
-9.29203e-06
7.14498e-05
-1.43027e-05
7.23654e-05
-1.97358e-05
7.38725e-05
-2.58289e-05
7.54775e-05
-3.28116e-05
7.77709e-05
-4.09514e-05
7.99388e-05
-5.05495e-05
8.28155e-05
-6.19656e-05
8.53252e-05
-7.55355e-05
8.83466e-05
-9.151e-05
9.05586e-05
-0.000110311
9.32184e-05
-0.000132933
9.55047e-05
-0.000159386
9.8176e-05
-0.000186207
9.48433e-05
-0.000204363
7.25605e-05
-0.000205349
8.80225e-06
-0.000199971
-6.82253e-05
-0.000193597
-0.000131158
-0.000184483
-0.000184693
-0.000174019
-0.000232466
-0.00016179
-0.000274813
-0.000313049
-0.000147653
-3.44888e-06
7.42692e-05
-7.05615e-06
7.50557e-05
-1.10187e-05
7.63266e-05
-1.54761e-05
7.83286e-05
-2.06091e-05
8.06092e-05
-2.66804e-05
8.38408e-05
-3.40065e-05
8.72635e-05
-4.29836e-05
9.17912e-05
-5.41603e-05
9.65005e-05
-6.82305e-05
0.000102415
-8.60285e-05
0.000108355
-0.000107978
0.000115167
-0.000134474
0.000122
-0.000163969
0.000127671
-0.000191822
0.000122697
-0.000208039
8.87756e-05
-0.000208791
9.55183e-06
-0.000205087
-7.19329e-05
-0.000199067
-0.00013718
-0.000190859
-0.000192902
-0.000181629
-0.000241698
-0.000170982
-0.000285462
-0.00032497
-0.000159064
-3.50252e-06
7.77705e-05
-7.0968e-06
7.86487e-05
-1.09505e-05
8.0179e-05
-1.53212e-05
8.2698e-05
-2.04143e-05
8.57009e-05
-2.64822e-05
8.99073e-05
-3.38488e-05
9.46287e-05
-4.28878e-05
0.000100829
-5.40684e-05
0.00010768
-6.78562e-05
0.000116202
-8.49242e-05
0.000125422
-0.000105289
0.00013553
-0.000128674
0.000145385
-0.000154429
0.000153427
-0.000181134
0.000149403
-0.000199901
0.000107541
-0.000203853
1.35022e-05
-0.000201363
-7.44255e-05
-0.000196246
-0.000142296
-0.000189308
-0.00019984
-0.000181565
-0.000249443
-0.000172705
-0.000294322
-0.000334717
-0.00016296
-2.11006e-06
7.98794e-05
-4.37008e-06
8.09076e-05
-6.87168e-06
8.26795e-05
-9.74785e-06
8.55731e-05
-1.32228e-05
8.91747e-05
-1.75353e-05
9.42187e-05
-2.30555e-05
0.000100148
-3.02586e-05
0.000108031
-3.98508e-05
0.000117271
-5.27261e-05
0.000129076
-7.01447e-05
0.000142839
-9.38928e-05
0.000159277
-0.000125399
0.000176891
-0.000161469
0.000189499
-0.00019506
0.000182999
-0.000212188
0.00012467
-0.000210413
1.17264e-05
-0.000204713
-8.0129e-05
-0.000198645
-0.00014836
-0.000191663
-0.000206823
-0.000184523
-0.000256583
-0.000176628
-0.000302219
-0.000343162
-0.000168185
-1.90449e-06
-3.95469e-06
-6.28281e-06
-8.98697e-06
-1.22473e-05
-1.63078e-05
-2.15273e-05
-2.84069e-05
-3.76505e-05
-5.02441e-05
-6.7318e-05
-9.0524e-05
-0.000120401
-0.000153008
-0.000181615
-0.000195662
-0.000196181
-0.000193203
-0.000188911
-0.000183914
-0.000178309
-0.000171886
-0.000164752
-1.62776e-05
5.309e-06
-2.39665e-05
7.68886e-06
-3.11822e-05
7.1851e-06
2.49256e-05
-5.62745e-05
-1.42183e-05
6.92704e-06
-1.57913e-05
9.26184e-06
-1.95233e-05
1.09158e-05
1.61054e-05
-1.07884e-05
9.33415e-06
4.71083e-06
1.22606e-05
6.33551e-06
1.38143e-05
9.36203e-06
1.06857e-05
1.92332e-05
1.54113e-05
3.83433e-06
1.78105e-05
3.93629e-06
2.00689e-05
7.10391e-06
7.21854e-06
2.35565e-05
1.25111e-05
-5.16185e-06
2.02283e-05
-3.78109e-06
2.64392e-05
8.91068e-07
2.95066e-06
3.07167e-05
-0.000153274
-2.32487e-05
-0.000132125
-2.49376e-05
-0.000108427
-2.2797e-05
-1.5948e-05
-8.95094e-05
-0.000438015
-1.85849e-05
-0.000421994
-4.0962e-05
-0.000395364
-4.94385e-05
-4.89298e-05
-0.000362389
-0.000376564
-2.17709e-06
-0.000372282
-4.52351e-05
-0.000359327
-6.23649e-05
-6.66468e-05
-0.000341588
-0.000235341
1.48444e-05
-0.000242951
-3.76335e-05
-0.000242202
-6.30817e-05
-6.9381e-05
-0.000239318
-0.000194548
4.34833e-05
-0.00021599
-1.61986e-05
-0.000226172
-5.29057e-05
-6.90858e-05
-0.000226362
-0.000139881
8.71474e-05
-0.000184515
2.84284e-05
-0.000207918
-2.95087e-05
-5.84603e-05
-0.000218536
-2.39519e-05
0.000112753
-7.66291e-05
8.10989e-05
-0.000141111
3.49666e-05
-5.11004e-06
-0.000194469
8.0889e-05
0.000101491
6.5382e-05
9.66005e-05
1.79749e-05
8.23677e-05
5.52327e-05
-4.23746e-05
0.0001215
7.83657e-05
0.000140557
7.7538e-05
0.000149471
7.34491e-05
6.43764e-05
0.000140322
0.000116336
6.14249e-05
0.000133261
6.0608e-05
0.000146985
5.97198e-05
5.6552e-05
0.000154804
0.000112532
5.05751e-05
0.000123005
5.013e-05
0.000134225
4.84939e-05
4.83137e-05
0.000142458
0.00011171
4.20138e-05
0.000119855
4.19795e-05
0.000127594
4.07495e-05
4.08076e-05
0.000135095
0.000109773
3.55273e-05
0.000115788
3.59599e-05
0.000121263
3.52686e-05
3.56915e-05
0.000126374
0.000112397
2.94785e-05
0.00011816
3.01924e-05
0.000123544
2.98798e-05
3.0504e-05
0.000128727
0.000113119
2.39701e-05
0.000118485
2.48217e-05
0.0001235
2.48595e-05
2.56084e-05
0.000128391
0.000116781
1.8295e-05
0.000122359
1.92394e-05
0.000127654
1.95596e-05
2.04719e-05
0.000132786
0.000119479
1.26055e-05
0.000125105
1.36091e-05
0.000130544
1.41161e-05
1.5173e-05
0.000135838
0.000123134
6.40364e-06
0.000129255
7.48368e-06
0.000135249
8.11863e-06
9.34423e-06
0.000141073
0.000126776
-4.2636e-07
0.000133549
7.06725e-07
0.000140157
1.50687e-06
2.91097e-06
0.000146586
0.000126485
-8.30885e-06
0.000134396
-7.20841e-06
0.000142128
-6.2285e-06
-4.71517e-06
0.00014975
0.000126142
-1.72806e-05
0.000135228
-1.62982e-05
0.000144167
-1.51708e-05
-1.36578e-05
0.000153106
0.000119333
-2.72479e-05
0.000129504
-2.64723e-05
0.000139655
-2.53253e-05
-2.38963e-05
0.00014989
0.00011414
-3.82883e-05
0.000125521
-3.7856e-05
0.00013702
-3.6828e-05
-3.55869e-05
0.000148707
0.000100387
-5.0509e-05
0.000113194
-5.06667e-05
0.000126376
-5.00123e-05
-4.91614e-05
0.000139947
8.07703e-05
-6.40084e-05
9.51568e-05
-6.50557e-05
0.000110209
-6.50667e-05
-6.4682e-05
0.000125727
4.33526e-05
-7.89119e-05
5.8956e-05
-8.06618e-05
7.53747e-05
-8.14882e-05
-8.15686e-05
9.22585e-05
1.27694e-05
-9.4702e-05
2.90028e-05
-9.68979e-05
4.61318e-05
-9.86199e-05
-9.91566e-05
6.37173e-05
-1.49504e-05
-0.000109458
4.81473e-07
-0.000112332
1.6872e-05
-0.000115013
-0.000116363
3.40758e-05
-4.4483e-05
-0.00012224
-3.07384e-05
-0.000126079
-1.59344e-05
-0.000129819
-0.000132374
7.48491e-08
-7.84484e-05
-0.000133636
-6.60807e-05
-0.000138449
-5.28667e-05
-0.000143035
-0.000146536
-3.87076e-05
-0.000103127
-0.000143916
-9.20688e-05
-0.000149509
-8.04445e-05
-0.000154661
-0.000158945
-6.80375e-05
-0.000125316
-0.0001525
-0.000116111
-0.000158715
-0.0001064
-0.000164374
-0.000169433
-9.5913e-05
-0.000140357
-0.000159798
-0.000132543
-0.000166531
-0.000124262
-0.000172657
-0.000178339
-0.000115357
-0.000152999
-0.000165864
-0.000146599
-0.000172932
-0.000139843
-0.000179415
-0.000185487
-0.000132696
-0.000157993
-0.000170832
-0.000152772
-0.000178153
-0.000147236
-0.000184951
-0.000191294
-0.00014143
-0.000163879
-0.000175138
-0.000159405
-0.000182628
-0.000154697
-0.00018966
-0.000196163
-0.00014983
-0.000161065
-0.000157225
-0.000153192
-0.000149032
1.6796e-05
0.00013582
0.000132931
5.69402e-05
0.000121392
-2.11997e-05
0.00010579
-5.30195e-05
0.000103757
-8.40982e-05
0.000104263
-0.000128196
0.000115911
-0.000130482
0.000136462
-0.000123132
0.000162134
-9.34601e-05
0.0001927
-5.74017e-05
0.000223521
-1.96589e-05
0.000249248
-6.99302e-06
0.000267508
7.16934e-06
0.000267915
4.16073e-05
0.000248558
8.12803e-05
0.000165945
0.000214155
5.79295e-05
0.00044443
8.50961e-06
-5.62497e-05
-0.000321803
5.90353e-05
6.53986e-05
9.16217e-05
2.37045e-05
7.76843e-05
-7.54683e-06
7.77526e-05
-4.36353e-05
7.91163e-05
-8.54578e-05
8.1941e-05
-0.000131021
9.10813e-05
-0.000140124
0.000113348
-0.000146524
0.000148563
-0.000129654
0.000195096
-0.000104952
0.000222048
-4.76337e-05
0.000207102
6.91531e-06
0.000185967
2.72362e-05
0.000154713
7.18027e-05
8.68981e-05
0.000148011
-3.12017e-05
0.000330977
-3.96528e-05
0.000451852
1.80989e-05
-0.000115038
-0.000304081
4.1133e-05
4.34351e-05
5.03061e-05
1.45155e-05
5.38829e-05
-1.11237e-05
5.58286e-05
-4.55811e-05
5.03404e-05
-7.99697e-05
6.31459e-05
-0.000125692
7.60846e-05
-0.000154152
0.000108131
-0.000179504
0.000116876
-0.00013943
6.38424e-05
-5.29547e-05
-9.01425e-07
1.60731e-05
-6.60222e-05
7.09859e-05
-0.000113205
7.33876e-05
-0.000138409
9.5982e-05
-0.000170277
0.000178862
-0.00017072
0.000330376
-4.97513e-05
0.000329889
1.73539e-05
-0.000183179
-0.00028703
3.87445e-05
2.96033e-05
4.50326e-05
8.37851e-06
3.72654e-05
-3.35732e-06
2.61508e-05
-3.4478e-05
1.34866e-05
-6.73085e-05
2.67197e-05
-0.000139519
5.23585e-05
-0.000181064
1.02657e-05
-0.000138481
-8.86346e-05
-4.15641e-05
-0.000193882
5.12586e-05
-0.000274861
9.60229e-05
-0.000309297
0.000104391
-0.000315329
7.83899e-05
-0.000288978
6.86055e-05
-0.000246902
0.000135776
-0.000163199
0.000245642
-2.24682e-05
0.00018815
1.85346e-05
-0.0002252
-0.000268674
3.39708e-05
2.63166e-05
2.28394e-05
1.94478e-05
-1.61922e-06
2.10037e-05
-1.76817e-05
-1.85958e-05
-2.53467e-05
-5.97941e-05
-2.6636e-05
-0.000139798
-7.50173e-05
-0.000133676
-0.0001856
-2.89297e-05
-0.000280557
5.2352e-05
-0.000318701
8.8381e-05
-0.000330376
0.000106667
-0.000328208
0.000101196
-0.000296649
4.5803e-05
-0.000247925
1.88542e-05
-0.000185504
7.23296e-05
-8.24784e-05
0.000141589
2.54085e-05
7.92452e-05
2.10477e-05
-0.000222072
-0.000247866
-7.05465e-05
7.47834e-06
-7.98324e-05
2.88173e-05
-7.47061e-05
1.60972e-05
-7.35407e-05
-1.999e-05
-8.08466e-05
-5.32686e-05
-0.00011789
-0.000104147
-0.000191368
-6.11993e-05
-0.000258176
3.68485e-05
-0.000288745
8.18851e-05
-0.000302908
0.00010152
-0.000309136
0.000111866
-0.000299142
9.01771e-05
-0.000252535
-1.82994e-06
-0.000197208
-3.74994e-05
-0.000134216
8.31076e-06
-3.73053e-05
4.36517e-05
4.31326e-05
-2.21273e-06
2.50285e-05
-0.000205055
-0.000223035
-0.000258102
-9.68047e-05
-0.000169501
-5.95608e-05
-0.000127953
-2.49045e-05
-0.000119435
-2.87903e-05
-0.00013976
-3.43154e-05
-0.000183757
-6.12052e-05
-0.000204132
-4.18039e-05
-0.000223008
5.46998e-05
-0.000253388
0.000111229
-0.000249157
9.62699e-05
-0.000224643
8.63231e-05
-0.000179836
4.4348e-05
-0.000137602
-4.50902e-05
-0.000113319
-6.28076e-05
-7.17808e-05
-3.4255e-05
-5.44049e-06
-2.37158e-05
5.23065e-05
-6.09757e-05
2.89211e-05
-0.000182682
-0.000194255
-0.00027825
-0.000160016
-0.000195621
-0.000142111
-0.000146445
-7.36093e-05
-0.000148361
-2.7086e-05
-0.000169085
-1.50375e-05
-0.000210189
-2.11331e-05
-0.000218559
-3.43841e-05
-0.000230341
6.54658e-05
-0.000233278
0.000113136
-0.00015415
1.61225e-05
-7.56225e-05
6.76926e-06
-2.28523e-05
-9.44662e-06
-1.07488e-05
-5.82187e-05
-1.89613e-05
-5.56165e-05
6.98466e-06
-6.12253e-05
3.67839e-05
-5.45379e-05
6.17788e-05
-8.69837e-05
3.32442e-05
-0.000155145
-0.000161114
-0.000236829
-0.000162204
-0.000218286
-0.000160104
-0.000171967
-0.000119401
-0.00014893
-4.98704e-05
-0.000156965
-7.58506e-06
-0.000190138
1.02694e-05
-0.000209741
-1.57757e-05
-0.000190479
4.52219e-05
-0.000109929
3.15617e-05
-2.61057e-05
-6.87256e-05
3.19279e-05
-5.22984e-05
5.75266e-05
-3.6105e-05
5.10739e-05
-5.2953e-05
5.00063e-05
-5.57193e-05
6.00027e-05
-7.23682e-05
7.32774e-05
-6.88931e-05
7.07405e-05
-8.54129e-05
3.79618e-05
-0.000123412
-0.000123237
-0.000220574
-0.000167067
-0.000217827
-0.000163028
-0.000198063
-0.000139601
-0.000159977
-8.75142e-05
-0.000135825
-3.17118e-05
-0.000124192
-2.05668e-06
-0.000151146
9.53591e-06
-0.000104048
-2.75859e-06
-3.16482e-05
-4.19598e-05
-2.34219e-05
-7.7603e-05
2.37783e-06
-7.8843e-05
3.23264e-05
-6.69803e-05
4.80035e-05
-6.95737e-05
5.39474e-05
-6.25969e-05
5.94957e-05
-7.88206e-05
7.60859e-05
-8.65138e-05
7.6409e-05
-8.68724e-05
4.46308e-05
-9.27234e-05
-7.87081e-05
-0.000219312
-0.000166037
-0.000213676
-0.000168632
-0.000208471
-0.000144645
-0.000187493
-0.000108618
-0.000151726
-6.7397e-05
-0.000117036
-3.69706e-05
-8.67743e-05
-2.11712e-05
-6.22334e-05
-2.79979e-05
-4.80037e-05
-5.66814e-05
-4.26407e-05
-8.33662e-05
-2.93233e-05
-9.25975e-05
-9.16784e-06
-8.79449e-05
1.00466e-05
-8.95893e-05
2.80787e-05
-8.13304e-05
4.22327e-05
-9.35672e-05
5.75409e-05
-0.000102302
6.01201e-05
-9.01401e-05
3.90219e-05
-7.24152e-05
-3.99754e-05
-0.000230089
-0.00013043
-0.000226825
-0.000171756
-0.000211325
-0.000159102
-0.000200994
-0.000118925
-0.000183354
-8.53015e-05
-0.00015717
-6.32857e-05
-0.000128334
-5.0164e-05
-0.000105153
-5.13656e-05
-9.6247e-05
-6.57929e-05
-9.61665e-05
-8.36471e-05
-9.52009e-05
-9.40133e-05
-8.92682e-05
-9.42247e-05
-7.72444e-05
-0.000101608
-5.41368e-05
-0.000104292
-2.70319e-05
-0.000120592
-9.566e-07
-0.000128343
1.14018e-05
-0.000102537
7.29767e-06
-6.87724e-05
-3.29687e-05
-0.000169774
-3.04639e-06
-0.000231439
-0.000110104
-0.000223572
-0.000166985
-0.00020668
-0.00013549
-0.000189198
-0.000102021
-0.000172051
-8.0535e-05
-0.000153874
-6.86671e-05
-0.000138606
-6.69658e-05
-0.000127861
-7.69511e-05
-0.000120118
-9.19696e-05
-0.000111018
-0.000103723
-0.000100764
-0.000104686
-8.81382e-05
-0.000114406
-6.8588e-05
-0.000124003
-4.81187e-05
-0.000141129
-2.73179e-05
-0.000149161
-1.28324e-05
-0.000117055
-8.72387e-06
-7.29438e-05
-4.17181e-05
5.08281e-05
8.64325e-05
-4.41385e-05
-1.51527e-05
-0.000108879
-0.00010226
-0.000139411
-0.000104973
-0.000156568
-8.48829e-05
-0.000169703
-6.74041e-05
-0.000162543
-7.5741e-05
-0.000151181
-7.84535e-05
-0.000143909
-8.43576e-05
-0.000134929
-0.000100922
-0.000117646
-0.000120901
-9.96516e-05
-0.00012316
-8.36709e-05
-0.00013115
-6.54322e-05
-0.000143111
-4.92479e-05
-0.000158029
-3.41075e-05
-0.000164345
-1.54548e-05
-0.000135712
-6.33375e-06
-8.20708e-05
-4.80629e-05
0.000150033
9.11898e-05
0.000105252
2.96135e-05
1.86337e-05
-1.56549e-05
-6.24535e-05
-2.39003e-05
-0.000129683
-1.76666e-05
-0.000192472
-4.6318e-06
-0.000228794
-3.94347e-05
-0.00023428
-7.29847e-05
-0.000214027
-0.000104629
-0.000186524
-0.000128446
-0.000158035
-0.000149415
-0.000124835
-0.000156394
-9.44576e-05
-0.000161563
-7.19969e-05
-0.000165591
-5.50828e-05
-0.00017475
-4.7207e-05
-0.000172659
-3.21532e-05
-0.000150767
-1.52127e-05
-9.90133e-05
-6.3282e-05
0.000137825
9.58102e-05
0.000103487
6.39379e-05
4.3525e-05
4.42939e-05
-3.13738e-05
5.09844e-05
-0.000112515
6.34606e-05
-0.000181679
6.45175e-05
-0.000224871
3.74218e-06
-0.000230964
-6.69056e-05
-0.000207401
-0.000128205
-0.000176373
-0.000159486
-0.000150777
-0.000175022
-0.000124209
-0.000182973
-9.60548e-05
-0.000189729
-7.84062e-05
-0.000183253
-6.79075e-05
-0.000185127
-5.72519e-05
-0.000183066
-4.35138e-05
-0.000164564
-2.20952e-05
-0.000120433
-8.53808e-05
0.000141373
8.95194e-05
0.000125847
7.94515e-05
9.23544e-05
7.77736e-05
4.0654e-05
0.000102672
-1.63768e-05
0.000120478
-5.68307e-05
0.000104958
-9.02241e-05
3.71215e-05
-0.000110481
-4.66626e-05
-0.000114792
-0.000123909
-0.000115615
-0.000158676
-0.00011758
-0.000173072
-0.000120076
-0.00018049
-0.000112799
-0.000197019
-0.000102086
-0.000193978
-8.33739e-05
-0.000203822
-6.38908e-05
-0.000202384
-4.99802e-05
-0.000179142
-2.75331e-05
-0.000142902
-0.000112925
0.000133719
8.2163e-05
0.000131733
8.14252e-05
0.000123293
8.62013e-05
0.000117598
0.000108355
0.000105139
0.000132924
8.95431e-05
0.000120541
5.73848e-05
6.92664e-05
1.96979e-05
-8.98955e-06
-1.25736e-05
-9.16515e-05
-4.54928e-05
-0.000125771
-8.16374e-05
-0.000136941
-0.000126469
-0.000135672
-0.000167478
-0.000156024
-0.000202446
-0.000159023
-0.000203802
-0.000202475
-0.000156653
-0.000249426
-8.67026e-05
-0.00024887
-3.1664e-05
-0.00019946
-0.000145496
0.00013871
7.2168e-05
0.000144109
7.60141e-05
0.000146405
8.38931e-05
0.000154524
0.000100225
0.000166444
0.000120992
0.000173232
0.00011374
0.000165494
7.69919e-05
0.000134058
2.24325e-05
7.9052e-05
-3.66587e-05
1.80969e-05
-6.483e-05
-4.67705e-05
-7.20875e-05
-0.000132616
-4.9839e-05
-0.00022695
-6.17008e-05
-0.000305936
-8.00503e-05
-0.000311039
-0.000197378
-0.000262025
-0.00029841
-0.000172602
-0.000338265
-5.32464e-05
-0.000318658
-0.000198963
0.000138856
6.16923e-05
0.000147319
6.75391e-05
0.000155087
7.61146e-05
0.000168411
8.68891e-05
0.000187368
0.000102024
0.000201136
9.99601e-05
0.000200564
7.7552e-05
0.000180204
4.27789e-05
0.000137115
6.41867e-06
8.48317e-05
-1.25601e-05
2.99992e-05
-1.7268e-05
-2.79011e-05
8.04882e-06
-9.81435e-05
8.52762e-06
-0.000138804
-3.9403e-05
-9.79203e-05
-0.000238275
-6.50736e-05
-0.00033098
-5.47307e-05
-0.000347238
-2.69254e-05
-0.000344705
-0.000225635
0.000144188
5.02796e-05
0.000154174
5.75421e-05
0.0001639
6.63778e-05
0.000175998
7.47798e-05
0.000191794
8.62168e-05
0.000204741
8.70013e-05
0.000206727
7.55547e-05
0.000193225
5.62686e-05
0.000162447
3.71851e-05
0.00012331
2.6564e-05
7.81649e-05
2.78655e-05
4.65054e-05
3.96961e-05
-4.76299e-07
5.54987e-05
-3.3453e-05
-6.43842e-06
-2.37878e-05
-0.000247918
-2.09279e-05
-0.000333406
-2.21194e-05
-0.000345159
-1.81596e-05
-0.000348875
-0.000243262
0.000147588
3.85196e-05
0.000158658
4.64617e-05
0.000169339
5.56867e-05
0.000180645
6.34629e-05
0.00019238
7.44713e-05
0.0002011
7.82709e-05
0.000202016
7.46282e-05
0.000191752
6.65217e-05
0.000169726
5.91994e-05
0.000141773
5.45063e-05
0.000106644
6.29835e-05
7.94952e-05
6.68342e-05
4.51197e-05
8.9863e-05
4.53703e-06
3.41335e-05
-1.58557e-05
-0.00022749
-1.76843e-05
-0.00033148
-1.93522e-05
-0.000344042
-1.71939e-05
-0.00035137
-0.000260355
0.000153995
2.55877e-05
0.000165982
3.44652e-05
0.000177052
4.46064e-05
0.000186977
5.35284e-05
0.000196434
6.50038e-05
0.000202726
7.19691e-05
0.000202258
7.50855e-05
0.000194143
7.46257e-05
0.000176935
7.63972e-05
0.000154471
7.69597e-05
0.00012486
9.25832e-05
9.80077e-05
9.36758e-05
6.56419e-05
0.000122219
1.81031e-05
8.16601e-05
-1.86076e-05
-0.000190753
-1.82124e-05
-0.000332309
-1.56017e-05
-0.000348299
-1.86155e-05
-0.000350293
-0.000278686
0.000160731
1.14332e-05
0.0001735
2.16871e-05
0.000184817
3.32798e-05
0.000193837
4.44991e-05
0.000201465
5.73661e-05
0.000205291
6.81336e-05
0.000202524
7.78431e-05
0.000194033
8.31064e-05
0.000179203
9.12177e-05
0.000160366
9.57873e-05
0.000137476
0.000115463
0.000112586
0.000118556
8.47988e-05
0.000149997
4.02776e-05
0.000126172
-1.28391e-05
-0.00013765
-1.49722e-05
-0.000330226
-9.36629e-06
-0.000353921
-1.84167e-05
-0.000340951
-0.000295206
0.000166547
-5.37266e-06
0.000181566
6.65971e-06
0.000194447
2.03893e-05
0.000203886
3.50516e-05
0.000210216
5.10268e-05
0.000212605
6.5735e-05
0.000209488
8.09518e-05
0.000200842
9.1743e-05
0.000186431
0.000105619
0.000168168
0.000114041
0.000146933
0.000136689
0.000123916
0.000141563
0.000102073
0.000171831
7.15229e-05
0.000156712
1.89363e-05
-8.50787e-05
-4.69632e-06
-0.000306605
-2.19421e-06
-0.00035644
-4.98112e-06
-0.000337547
-0.000300421
0.000172891
-2.5166e-05
0.000190698
-1.11556e-05
0.000205622
5.4563e-06
0.000216307
2.4359e-05
0.000222556
4.47687e-05
0.000224171
6.41114e-05
0.000220448
8.46667e-05
0.000211626
0.000100556
0.000198144
0.000119093
0.000180994
0.000131182
0.000162883
0.000154792
0.000141778
0.000162661
0.000123563
0.000190036
9.95886e-05
0.000180677
4.4621e-05
-3.01268e-05
-4.80427e-06
-0.000257189
-1.10077e-05
-0.000350244
-1.9922e-06
-0.000346005
-0.000302641
0.000173106
-4.83897e-05
0.000195111
-3.31695e-05
0.000214324
-1.37642e-05
0.000228836
9.83861e-06
0.000236872
3.67251e-05
0.000238624
6.23517e-05
0.00023458
8.87024e-05
0.00022532
0.000109809
0.000211742
0.000132663
0.000194473
0.000148443
0.00017743
0.000171826
0.000156749
0.000183334
0.000140654
0.000206123
0.000119524
0.000201798
6.19687e-05
2.74168e-05
-8.60885e-07
-0.00019437
-9.18637e-06
-0.00034193
4.49637e-06
-0.000359628
-0.000298151
0.000176007
-7.56969e-05
0.000202588
-5.97583e-05
0.000225668
-3.68522e-05
0.00024337
-7.87061e-06
0.000254066
2.60209e-05
0.00025696
5.94506e-05
0.000252324
9.33311e-05
0.000241612
0.000120514
0.000227154
0.000147113
0.000209159
0.000166431
0.000192498
0.00018848
0.00017285
0.000202974
0.000158173
0.000220792
0.000140269
0.000219694
8.29636e-05
8.47129e-05
1.3998e-05
-0.000125413
1.17131e-06
-0.000329114
1.15971e-05
-0.000370068
-0.000286437
0.000172411
-0.000108168
0.000204259
-9.16133e-05
0.000232374
-6.49736e-05
0.000254905
-3.0409e-05
0.000269859
1.10599e-05
0.000275706
5.35967e-05
0.00027184
9.71894e-05
0.000260184
0.000132164
0.00024441
0.000162881
0.000224933
0.000185901
0.000207613
0.000205793
0.000188247
0.000222333
0.000173697
0.000235335
0.000156611
0.000236773
0.000106531
0.000134784
3.4312e-05
-5.32011e-05
7.61106e-06
-0.000302424
1.2062e-05
-0.000374534
-0.000274097
0.000163717
-0.000146163
0.000202736
-0.000130639
0.000239045
-0.000101289
0.000269284
-6.06542e-05
0.000289258
-8.92017e-06
0.000296951
4.58973e-05
0.000293924
0.00010021
0.00028095
0.00014513
0.000262689
0.000181136
0.000240753
0.000207831
0.000221204
0.000225336
0.000200966
0.000242565
0.000185552
0.000250742
0.000168458
0.00025386
0.000126246
0.00017699
5.48621e-05
1.81766e-05
1.38839e-05
-0.000261452
8.31278e-06
-0.000368974
-0.000265516
0.000135143
-0.000189054
0.000181248
-0.00017675
0.000226267
-0.000146314
0.000266606
-0.000100998
0.000299046
-4.13663e-05
0.000316875
2.80631e-05
0.000316182
0.000100897
0.000301858
0.000159448
0.000281293
0.000201696
0.000256565
0.000232554
0.000234285
0.00024761
0.000212662
0.000264182
0.000195938
0.000267461
0.000178072
0.00027172
0.000142477
0.000212578
8.65431e-05
7.41022e-05
3.09725e-05
-0.000205886
5.55768e-06
-0.000343518
-0.000260597
0.000109164
-0.000234507
0.00015843
-0.000226022
0.000207598
-0.000195488
0.000255125
-0.000148531
0.000296755
-8.30022e-05
0.000326882
-2.06902e-06
0.000337581
9.01939e-05
0.000324443
0.000172581
0.000299425
0.000226708
0.000270327
0.000261647
0.000243672
0.00027426
0.000219172
0.000288678
0.000199446
0.000287181
0.000178292
0.000292867
0.000144537
0.000246328
8.8027e-05
0.000130604
7.18728e-06
-0.000125049
-1.82373e-05
-0.000317784
-0.000281399
7.89782e-05
-0.000279415
0.000128448
-0.000275498
0.000179966
-0.000247011
0.000232248
-0.000200819
0.000279555
-0.000130314
0.000319303
-4.18212e-05
0.000345804
6.36883e-05
0.000342189
0.000176191
0.000315725
0.000253169
0.000283276
0.000294091
0.000253329
0.000304202
0.000227457
0.000314547
0.000207347
0.000307286
0.000187549
0.000312661
0.000161451
0.000272422
0.000109447
0.000182604
4.62687e-05
-6.18723e-05
2.21336e-05
-0.000293652
-0.000259143
4.16578e-05
-0.000321003
8.798e-05
-0.000321825
0.000140674
-0.00029971
0.000198718
-0.000258868
0.000257058
-0.000188659
0.000307171
-9.19383e-05
0.000340461
3.03951e-05
0.000347342
0.000169306
0.00032475
0.000275758
0.000287885
0.000330953
0.000253373
0.000338709
0.000225536
0.00034238
0.000203468
0.000329349
0.000185373
0.000330752
0.000163753
0.000294037
0.000128812
0.000217543
8.12322e-05
-1.42956e-05
3.83421e-05
-0.000250771
-0.000219802
-3.18694e-06
-0.000356529
3.8262e-05
-0.00036328
8.89543e-05
-0.000350408
0.000148397
-0.000318317
0.000213242
-0.000253509
0.000271426
-0.000150128
0.000314356
-1.25396e-05
0.000331987
0.000151674
0.000319288
0.000288454
0.00028842
0.000361819
0.000253872
0.000373253
0.000225193
0.000371055
0.000202034
0.000352506
0.000183969
0.000348814
0.000161589
0.000316413
0.000130882
0.000248247
6.60614e-05
5.05226e-05
1.51235e-05
-0.000199838
-0.000204706
-3.64599e-05
-0.000388112
2.81732e-06
-0.000402562
5.12501e-05
-0.000398845
0.000108434
-0.000375506
0.000170269
-0.000315348
0.000232241
-0.000212107
0.000280419
-6.07218e-05
0.000298067
0.000134023
0.000290996
0.000295525
0.000268689
0.000384123
0.000239527
0.000402413
0.000212972
0.000397606
0.000189963
0.000375513
0.000174154
0.000364621
0.000154228
0.000336335
0.000127748
0.000274725
7.04668e-05
0.0001078
1.59023e-05
-0.000145278
-0.000188834
-6.86357e-05
-0.000415393
-3.57145e-05
-0.000435488
4.24831e-06
-0.000438813
4.94025e-05
-0.000420666
9.61755e-05
-0.000362126
0.000151548
-0.000267484
0.000206761
-0.00011594
0.000236614
0.000104167
0.000242373
0.000289766
0.000234168
0.000392326
0.000217767
0.000418813
0.000200803
0.000414568
0.000181623
0.000394691
0.00016674
0.000379501
0.000148606
0.000354467
0.000123957
0.000299372
7.21995e-05
0.000159556
1.69693e-05
-9.00505e-05
-0.000172034
-9.23694e-05
-0.000438385
-6.57517e-05
-0.000462109
-3.44143e-05
-0.000470154
-2.25628e-06
-0.000452827
2.9959e-05
-0.000394344
6.94099e-05
-0.000306937
0.000121738
-0.000168272
0.000161223
6.46794e-05
0.00018078
0.000270205
0.000189376
0.000383729
0.000186626
0.00042156
0.000179856
0.000421336
0.000165962
0.000408584
0.000152305
0.000393156
0.00013352
0.000373251
0.000109977
0.000322914
6.02848e-05
0.000209245
8.49949e-06
-3.82672e-05
-0.000164304
-0.000114458
-0.000456627
-9.4699e-05
-0.000481872
-7.26932e-05
-0.000492164
-5.12619e-05
-0.000474262
-3.13732e-05
-0.000414235
-1.35494e-05
-0.000324763
2.33544e-05
-0.000205177
7.21275e-05
1.59046e-05
0.000109513
0.000232818
0.000137698
0.000355543
0.000152317
0.00040694
0.000158312
0.000415339
0.000155197
0.000411699
0.000149673
0.000398679
0.000136048
0.000386875
0.000117339
0.000341623
7.59744e-05
0.00025061
2.09325e-05
1.67731e-05
-0.000143437
-0.000126896
-0.000471163
-0.000112175
-0.000496593
-9.60891e-05
-0.000508251
-7.97028e-05
-0.000490648
-6.51245e-05
-0.000428813
-5.27479e-05
-0.000337138
-2.69317e-05
-0.000230992
1.83582e-05
-2.93849e-05
6.41667e-05
0.00018701
0.000101048
0.000318661
0.000124119
0.000383869
0.000136589
0.000402868
0.000139787
0.000408501
0.000138141
0.000400324
0.000128459
0.000396555
0.000115555
0.000354527
8.57539e-05
0.000280411
4.28649e-05
5.96613e-05
-0.000100574
-0.000137813
-0.000483182
-0.000125981
-0.000508428
-0.000113042
-0.000521191
-9.95014e-05
-0.000504189
-8.60751e-05
-0.000442238
-7.238e-05
-0.000350832
-4.88184e-05
-0.000254552
-7.22224e-06
-7.09774e-05
4.1418e-05
0.000138373
8.29982e-05
0.000277083
0.000112753
0.000354115
0.000130971
0.000384651
0.000138618
0.000400854
0.000139642
0.000399301
0.000136504
0.000399693
0.000126238
0.000364794
0.000125035
0.000281611
0.00014076
4.39379e-05
4.01805e-05
-0.000138631
-0.000128141
-0.000116472
-0.000103808
-8.9413e-05
-7.32207e-05
-4.55532e-05
-2.889e-06
3.80147e-05
7.22865e-05
9.91278e-05
0.000116764
0.000125898
0.000127848
0.000126392
0.000114521
0.000110855
0.000127436
)
;

boundaryField
{
    leftWall
    {
        type            calculated;
        value           uniform 0;
    }
    rightWall
    {
        type            calculated;
        value           uniform 0;
    }
    lowerWall
    {
        type            calculated;
        value           uniform 0;
    }
    atmosphere
    {
        type            calculated;
        value           nonuniform List<scalar> 
46
(
8.17768e-05
8.29507e-05
8.50003e-05
8.82696e-05
9.24271e-05
9.82707e-05
0.000105358
0.000114901
0.000126504
0.000141658
0.000159901
0.00018247
0.000206754
0.000222092
0.000211591
0.000138707
1.22453e-05
-8.31011e-05
-0.000152637
-0.000211804
-0.000262169
-0.000308619
-0.00035027
-0.000178812
-0.000186454
-0.000193679
-0.000200308
-0.000493546
-0.000518878
-0.000532819
-0.000516812
-0.000456596
-0.000366993
-0.000282194
-0.000113628
9.74651e-05
0.000242795
0.000327251
0.000366988
0.000391692
0.000397321
0.000401119
0.000376636
0.000285254
2.73561e-05
0.000167598
)
;
    }
    defaultFaces
    {
        type            empty;
        value           nonuniform List<scalar> 0();
    }
}


// ************************************************************************* //
