/*--------------------------------*- C++ -*----------------------------------*\
| =========                 |                                                 |
| \\      /  F ield         | OpenFOAM: The Open Source CFD Toolbox           |
|  \\    /   O peration     | Version:  2012                                  |
|   \\  /    A nd           | Website:  www.openfoam.com                      |
|    \\/     M anipulation  |                                                 |
\*---------------------------------------------------------------------------*/
FoamFile
{
    version     2.0;
    format      ascii;
    class       volScalarField;
    location    "0.00019";
    object      pcorr;
}
// * * * * * * * * * * * * * * * * * * * * * * * * * * * * * * * * * * * * * //

dimensions      [1 -1 -2 0 0 0 0];


internalField   nonuniform List<scalar> 
5000
(
-0.007861044686
-0.007861073197
-0.007861282652
-0.007861388508
-0.007860029672
-0.00785817707
-0.00785791545
-0.007857219227
-0.007856803021
-0.007856582123
-0.007856596086
-0.007856872301
-0.007855715197
-0.007853005038
-0.007848962289
-0.007844839833
-0.007840410304
-0.007835378229
-0.007829835209
-0.007823696256
-0.007817870792
-0.007812386497
-0.007806748592
-0.007800899567
-0.007795046209
-0.007789043493
-0.007782381837
-0.007775297256
-0.007768146393
-0.007761562396
-0.007755393646
-0.00774948721
-0.007743556839
-0.007737184309
-0.007731062365
-0.007725233027
-0.007719622643
-0.007713950921
-0.007707895416
-0.00770148691
-0.007694834886
-0.007688115903
-0.007681479424
-0.007674526686
-0.007667946502
-0.007660572479
-0.007654571904
-0.007649064663
-0.007643333087
-0.007637676664
-0.007632695325
-0.007627948211
-0.00762376613
-0.007618865631
-0.007613956149
-0.007609361187
-0.007605119227
-0.007601348537
-0.007598005083
-0.007594637306
-0.007591560726
-0.00758829114
-0.007584668822
-0.007580633047
-0.007576118711
-0.007571985571
-0.007567989324
-0.007564411236
-0.007560652176
-0.007556568857
-0.007552364236
-0.007547772639
-0.00754250197
-0.0075378515
-0.007533044221
-0.007528088068
-0.007523109885
-0.007517953721
-0.007511668339
-0.007505591352
-0.007500027261
-0.007494374277
-0.007489712892
-0.00748566553
-0.007481428399
-0.007477061085
-0.007472406913
-0.007467255494
-0.007462215449
-0.007455745731
-0.007449311674
-0.007443212334
-0.00743778785
-0.007432618942
-0.007427957706
-0.007423825675
-0.007420243104
-0.007415802662
-0.007410742467
-0.007404091305
-0.007396583422
-0.007389452659
-0.007382572792
-0.007375840541
-0.007369843293
-0.007363168651
-0.007357567995
-0.007351141514
-0.00734528986
-0.007340094877
-0.007334281462
-0.007328257333
-0.00732267782
-0.00731752047
-0.007312331742
-0.00730629436
-0.007299536737
-0.007293102584
-0.00728728673
-0.007281607148
-0.007275057775
-0.007268530354
-0.007261368817
-0.007253229991
-0.007245494983
-0.007236908031
-0.007227082406
-0.007218042697
-0.007208276892
-0.007198423247
-0.007189722029
-0.007181730741
-0.007174227036
-0.007167209251
-0.007159653912
-0.007152010833
-0.007144095417
-0.00713536905
-0.00712669591
-0.007118296273
-0.007108872916
-0.007098188943
-0.007088153563
-0.007079229611
-0.007071628506
-0.007064578662
-0.007057653528
-0.007050877089
-0.007043995346
-0.007036772914
-0.007029920314
-0.007023146298
-0.007016374711
-0.00700937438
-0.007001484871
-0.006992366228
-0.006981489523
-0.006970597462
-0.006960886966
-0.006951877448
-0.006943624951
-0.006936103533
-0.006928762898
-0.006921248728
-0.00691291265
-0.006904045668
-0.006896020016
-0.006888646118
-0.006880993466
-0.006872027598
-0.006861870144
-0.006852375708
-0.006844228184
-0.006835545991
-0.00682488729
-0.006814013661
-0.0068048218
-0.006796408095
-0.006787092393
-0.006777709458
-0.00676899935
-0.006760413777
-0.006751083241
-0.006741057353
-0.006729958639
-0.006718791568
-0.006709820912
-0.006702153864
-0.006695015331
-0.006687637739
-0.006680206422
-0.006672831832
-0.006665619904
-0.006658473509
-0.006651279285
-0.006643923512
-0.006636095879
-0.006627969411
-0.006619303252
-0.006610012989
-0.006600326545
-0.006590464549
-0.006580369994
-0.006570924243
-0.006562506725
-0.006554757358
-0.006546927374
-0.006539182429
-0.006531439807
-0.006521838752
-0.006511567966
-0.006502597858
-0.006494949486
-0.006487987187
-0.006481046215
-0.006474273463
-0.00646776306
-0.006461280692
-0.006454370382
-0.006446653258
-0.006437778561
-0.006428773287
-0.006419848678
-0.006411477833
-0.006403343945
-0.006395194874
-0.006386967133
-0.006378641571
-0.006370425951
-0.006361406596
-0.006351888404
-0.006343008265
-0.006334835653
-0.006327064513
-0.006319439758
-0.006311707655
-0.006303659978
-0.006295128364
-0.006286960277
-0.006279138179
-0.006271485728
-0.006263597687
-0.006254917875
-0.006246394352
-0.006238173092
-0.006230468226
-0.006222842009
-0.006214842575
-0.006207257001
-0.006199732986
-0.006192245712
-0.006184955197
-0.006177655234
-0.00616967023
-0.006161573238
-0.006153702891
-0.006146445319
-0.00613953736
-0.006132678579
-0.006125882162
-0.006118860321
-0.006111964838
-0.006105071267
-0.006098312366
-0.006091705723
-0.006085022335
-0.006078478149
-0.006072265974
-0.006065337414
-0.006057046121
-0.006048526325
-0.006040644325
-0.006033012936
-0.006024997939
-0.006016887012
-0.006009072981
-0.006000995402
-0.005992568039
-0.005984390233
-0.005976811298
-0.005969579156
-0.005962231765
-0.005954018233
-0.005945501411
-0.00593722409
-0.005929577006
-0.005921626656
-0.005912469382
-0.00590267082
-0.00589344068
-0.00588510922
-0.005877406937
-0.005870111022
-0.005862942267
-0.005855842907
-0.005848281358
-0.005840321349
-0.005831828832
-0.00582308393
-0.005814818314
-0.00580712361
-0.005799789677
-0.005792943855
-0.005786310014
-0.005779552458
-0.005772497686
-0.005764702117
-0.005756143535
-0.00574781589
-0.005739982366
-0.005732398141
-0.005725050301
-0.005717771293
-0.005710173128
-0.005702118765
-0.00569432637
-0.005686927044
-0.005678850897
-0.005670166484
-0.005661898994
-0.005654343016
-0.005647537882
-0.005640498923
-0.005632650978
-0.005623832815
-0.005614861064
-0.005606433578
-0.005597279012
-0.005588436761
-0.005580592534
-0.005572180266
-0.005563678578
-0.005555589161
-0.005547494123
-0.005539259856
-0.005530764631
-0.005522820662
-0.0055150348
-0.005506820162
-0.005498296651
-0.005489601286
-0.005481412951
-0.005473677472
-0.005465970064
-0.005458885969
-0.005452328676
-0.00544584103
-0.005439139178
-0.005431745378
-0.005423557312
-0.005414946374
-0.005406655859
-0.005398597093
-0.005390603919
-0.005383229438
-0.005376157774
-0.005369189521
-0.005362063799
-0.005353881067
-0.005345368594
-0.005337669203
-0.005330706479
-0.005323527881
-0.005316043968
-0.005308460308
-0.005300223669
-0.005292307628
-0.005285027627
-0.005277727862
-0.005270299222
-0.005262319368
-0.005253648906
-0.005244659721
-0.005235825704
-0.00522751275
-0.005219816846
-0.005211809093
-0.005203388644
-0.005194865154
-0.005185684579
-0.005175235729
-0.005164641177
-0.005155345561
-0.005146565961
-0.00513802752
-0.005129435577
-0.005120944788
-0.0051126323
-0.005104749138
-0.005097387228
-0.005090178206
-0.005082146038
-0.005073681878
-0.005065897462
-0.005057460299
-0.005047880278
-0.005038525022
-0.005029291893
-0.005020378532
-0.0050115312
-0.0050028368
-0.004994662442
-0.004986459428
-0.004978516053
-0.004971301687
-0.004963787289
-0.004955976071
-0.004947986818
-0.004939666088
-0.0049319463
-0.004925143243
-0.004918857889
-0.004912296567
-0.004905293809
-0.004897473925
-0.004888310615
-0.004877971761
-0.004868564105
-0.004860603681
-0.004852622521
-0.004842991786
-0.00483172253
-0.004820195863
-0.004810331803
-0.004801875913
-0.004792511632
-0.004782060076
-0.004772866311
-0.004764623301
-0.004756730552
-0.00474902342
-0.004740786325
-0.00473183583
-0.004722547079
-0.004713671339
-0.004705690347
-0.004697882124
-0.004690029763
-0.004681687632
-0.004672685306
-0.004663440944
-0.004654866553
-0.004646924513
-0.004638555679
-0.004629877795
-0.004621308659
-0.004613831405
-0.004607080713
-0.004600254658
-0.004593281062
-0.004585831375
-0.004577080064
-0.004566757103
-0.004556375712
-0.00454698028
-0.004538528295
-0.004531158096
-0.004524298664
-0.004517612221
-0.004510790974
-0.004502765691
-0.004493847902
-0.004484804423
-0.004475107407
-0.004464997177
-0.004455345977
-0.00444686527
-0.004438874604
-0.004430127149
-0.004421336503
-0.004413220475
-0.004405615266
-0.004398323034
-0.004390835448
-0.004383080869
-0.004374992438
-0.004366580517
-0.004358467903
-0.004350810197
-0.004343771397
-0.004336611352
-0.0043290311
-0.004320970741
-0.004312356805
-0.004303763341
-0.004295670089
-0.00428877734
-0.004282218932
-0.004275179186
-0.004268052786
-0.004260774498
-0.004252622886
-0.004244113424
-0.004236183629
-0.004228835911
-0.004221768071
-0.004215036247
-0.004208352124
-0.004201222726
-0.004193512398
-0.00418487567
-0.004176062918
-0.00416715383
-0.004157175057
-0.004147121973
-0.004138420879
-0.004130531001
-0.004122219721
-0.004113185688
-0.004104424273
-0.004096106649
-0.004088306033
-0.004080692292
-0.004072434984
-0.004063576077
-0.004054624551
-0.004046096839
-0.00403851534
-0.004031342604
-0.004024019218
-0.00401666249
-0.004009140801
-0.00400122767
-0.003992163786
-0.003982364252
-0.00397305059
-0.003963907268
-0.003954758651
-0.003945763291
-0.00393648678
-0.003927115777
-0.003918054495
-0.003909590125
-0.003901744376
-0.003894189292
-0.003886154056
-0.003877446449
-0.003868677493
-0.003860776091
-0.003853396443
-0.003845589295
-0.003837626155
-0.003829618394
-0.003821020067
-0.003812301513
-0.003803966949
-0.003796271375
-0.003789226123
-0.00378241528
-0.003775493549
-0.003768250975
-0.003760892421
-0.003752659205
-0.003743683147
-0.00373513143
-0.003727204607
-0.003719459589
-0.003711955413
-0.003704980391
-0.003698170067
-0.003690643308
-0.003682157403
-0.003673119388
-0.003663819819
-0.003654904349
-0.003646783186
-0.003639163513
-0.003631683756
-0.003624029352
-0.003616419941
-0.003609113973
-0.003601370516
-0.00359230075
-0.00358321079
-0.0035750189
-0.003567090558
-0.003559534884
-0.003552031551
-0.003544625033
-0.003536867077
-0.003528289574
-0.003519646877
-0.003512032207
-0.003505019505
-0.003497746011
-0.003490155654
-0.003482575127
-0.003475009966
-0.003466838323
-0.003458467473
-0.003450314432
-0.00344198829
-0.003432662981
-0.003422373253
-0.003412795696
-0.003403852187
-0.003395582213
-0.003387661577
-0.003379570575
-0.0033714492
-0.003362777916
-0.003353797783
-0.003345264607
-0.003337164413
-0.003329594894
-0.003322595182
-0.003315478628
-0.003307426622
-0.00329785683
-0.003287357719
-0.003277029671
-0.003267140009
-0.003257906589
-0.003248706336
-0.003239873288
-0.00323172773
-0.003223194369
-0.003213877768
-0.003203935066
-0.003192871886
-0.003181046203
-0.003169844846
-0.003160262522
-0.003151772603
-0.003143372376
-0.003133718463
-0.003122305235
-0.003110991697
-0.003100895056
-0.003091244774
-0.003082110651
-0.00307342539
-0.003064658374
-0.003055825624
-0.003045705434
-0.003033930644
-0.003022625266
-0.00301303104
-0.003004774488
-0.002996875378
-0.002988941517
-0.002981078202
-0.002973632418
-0.002965802549
-0.002956463056
-0.00294649973
-0.002936362189
-0.002925700143
-0.002915562296
-0.002906720331
-0.002898609196
-0.002890626271
-0.002882641799
-0.002874164879
-0.002865181929
-0.002855957239
-0.002846634998
-0.002837740562
-0.00282983443
-0.002822244709
-0.002813739948
-0.002804436459
-0.002794779155
-0.002784645417
-0.002774638734
-0.002764927472
-0.002755792394
-0.002746937151
-0.002737996942
-0.002729123607
-0.002720325729
-0.002711780994
-0.002702554137
-0.002692833418
-0.002684616256
-0.002677288075
-0.00266921065
-0.002659984533
-0.002650805261
-0.00264214259
-0.002634111023
-0.00262622475
-0.00261786994
-0.002609116161
-0.002600893505
-0.002593101504
-0.002585361386
-0.002577687156
-0.002569389233
-0.002560529434
-0.00255192487
-0.002543839316
-0.00253609798
-0.002528402775
-0.002520591324
-0.002512066057
-0.00250288187
-0.002493998686
-0.002485429925
-0.00247710374
-0.002468989049
-0.00246052414
-0.002452282684
-0.002444933693
-0.002437694567
-0.002429849109
-0.002421367577
-0.002412466059
-0.002403115682
-0.002394260543
-0.002386646549
-0.002379179486
-0.00237162529
-0.002364840688
-0.00235795779
-0.002349484539
-0.002338996118
-0.002328417982
-0.002319406708
-0.002311624569
-0.002304371462
-0.002297158759
-0.00228962447
-0.002282225775
-0.002275126696
-0.002267404935
-0.002258682939
-0.002249441023
-0.002240529232
-0.002232133251
-0.00222433534
-0.002216829959
-0.002209103631
-0.002201035012
-0.002192556188
-0.002183084631
-0.002173897218
-0.002165758759
-0.002157531739
-0.002149642822
-0.002141958039
-0.002133984532
-0.002126053555
-0.002118050975
-0.002109983312
-0.00210144374
-0.002092709831
-0.002084707818
-0.002077062073
-0.002069367409
-0.002061304681
-0.002053368296
-0.002045149979
-0.00203560905
-0.002026031464
-0.002017227423
-0.002009154622
-0.002001947
-0.001994396699
-0.001986292421
-0.001978022234
-0.001969224753
-0.001959603277
-0.001950275548
-0.00194195246
-0.001933954005
-0.001926105125
-0.001918456875
-0.001910704346
-0.001902947053
-0.00189506648
-0.001887099496
-0.001878908671
-0.001869295624
-0.001859197621
-0.001850239024
-0.001841077057
-0.00183088432
-0.00182014069
-0.001810893958
-0.001802901093
-0.001794772942
-0.001786298012
-0.001777478622
-0.001768367243
-0.001759158306
-0.00175045055
-0.001741840035
-0.001733184634
-0.001725179683
-0.001717370279
-0.001709799494
-0.001702561112
-0.001694410067
-0.001685817283
-0.001677089611
-0.00166852467
-0.001660684994
-0.001652500627
-0.001643544777
-0.001635442366
-0.001628063625
-0.001620444623
-0.00161266516
-0.001604653396
-0.001596837302
-0.001589450261
-0.001581668301
-0.001572962195
-0.001563470504
-0.001554415209
-0.001546394751
-0.001538536314
-0.001530821064
-0.001523382035
-0.001515957834
-0.001508331862
-0.00150061215
-0.001493000735
-0.001485204474
-0.001476755507
-0.001467945564
-0.001459383549
-0.00145135203
-0.001443147658
-0.001434440067
-0.001425354692
-0.001416198026
-0.001407317647
-0.001399399132
-0.001392126552
-0.001384696172
-0.001376686804
-0.001367823458
-0.001359149121
-0.001351145417
-0.001343485804
-0.001336135792
-0.001329184175
-0.001321942172
-0.001314108611
-0.001306198594
-0.001298448746
-0.00129024984
-0.001281501992
-0.001272378284
-0.001263440377
-0.001255327614
-0.001247457757
-0.001239704751
-0.001232376738
-0.00122489058
-0.001217639125
-0.001210293343
-0.001201879489
-0.001193241975
-0.001185113072
-0.001177437431
-0.001170058069
-0.001162450285
-0.001154909955
-0.0011481315
-0.001141364809
-0.001133497092
-0.00112504451
-0.001117102438
-0.001108961001
-0.001100735469
-0.001092305055
-0.001083506312
-0.00107551804
-0.001068513113
-0.001061782686
-0.001055058117
-0.001048730668
-0.001042097252
-0.001035592759
-0.001029015894
-0.001021432749
-0.00101401376
-0.001007468771
-0.001001050635
-0.0009949057146
-0.000988968536
-0.000982761408
-0.0009763355222
-0.0009693233988
-0.0009616956265
-0.0009538471764
-0.0009459206017
-0.0009380292003
-0.0009313481175
-0.0009246598602
-0.0009177999066
-0.0009111873771
-0.0009048935223
-0.0008987056848
-0.0008926731215
-0.0008860406066
-0.0008789687232
-0.0008715587661
-0.0008639993687
-0.0008564799804
-0.0008490475627
-0.000841361549
-0.0008337424795
-0.000826512033
-0.0008202442314
-0.0008136934503
-0.0008067739104
-0.0008004499523
-0.000794532246
-0.0007888656648
-0.0007830937479
-0.0007761492432
-0.0007689793012
-0.0007621421595
-0.0007551911525
-0.0007483391661
-0.0007411928512
-0.0007337847408
-0.0007268073538
-0.0007207288632
-0.0007149497883
-0.000708885512
-0.0007026629091
-0.0006967515892
-0.0006906760854
-0.0006844444276
-0.0006781204931
-0.0006710266226
-0.0006626691046
-0.0006543559767
-0.000647144595
-0.0006406889552
-0.0006344088893
-0.0006275281684
-0.0006201457372
-0.0006124703634
-0.0006045368916
-0.0005971360413
-0.0005904275749
-0.0005839619478
-0.0005774580153
-0.000570559735
-0.0005634262207
-0.0005563019377
-0.0005497406098
-0.0005434843084
-0.0005373265578
-0.0005300894204
-0.0005226513804
-0.0005156824008
-0.0005089764783
-0.0005019492524
-0.0004940171673
-0.000484954583
-0.0004758009218
-0.0004669120279
-0.00045898678
-0.0004516991065
-0.000444422521
-0.0004375174983
-0.0004307264903
-0.0004237440751
-0.0004166345508
-0.0004095302137
-0.0004022545149
-0.0003946546101
-0.0003870951654
-0.0003804004808
-0.0003737917774
-0.000366343941
-0.0003581152587
-0.0003493814614
-0.0003412482551
-0.0003347434874
-0.0003290030438
-0.000323026164
-0.0003168646668
-0.0003106600574
-0.0003043594395
-0.000298086264
-0.0002922026834
-0.0002867919534
-0.0002815393389
-0.0002759020179
-0.0002699197856
-0.0002646621335
-0.0002601265574
-0.0002557223229
-0.0002512303177
-0.0002468086994
-0.0002427221079
-0.0002389737513
-0.0002354091496
-0.0002314141052
-0.0002272963976
-0.0002231866279
-0.0002185703416
-0.0002133771986
-0.0002088645675
-0.0002048156352
-0.0002009353191
-0.0001976151518
-0.0001945020988
-0.0001911961997
-0.0001881377058
-0.0001854624525
-0.0001830101559
-0.0001805219738
-0.000178136414
-0.0001758884011
-0.0001738213829
-0.0001720208113
-0.0001703515503
-0.000168757598
-0.0001673700998
-0.000166207989
-0.0001650337442
-0.000163770089
-0.0001624025404
-0.000160978576
-0.0001596440288
-0.0001584350618
-0.0001572528614
-0.0001560782846
-0.0001547340994
-0.0001533223934
-0.0001519560701
-0.0001505965926
-0.0001491337664
-0.0001476306993
-0.0001462268945
-0.0001447210728
-0.000143200244
-0.0001418064102
-0.000140617542
-0.000139348762
-0.0001380444816
-0.0001365559346
-0.0001351836393
-0.000133621228
-0.000131950864
-0.0001300560618
-0.0001282060981
-0.0001259761057
-0.0001235601054
-0.0001207706093
-0.0001178607766
-0.0001152061215
-0.0001128063881
-0.0001105814428
-0.0001086027561
-0.00010674515
-0.0001049359272
-0.0001030990723
-0.0001012522153
-9.934822097e-05
-9.735170564e-05
-9.536219228e-05
-9.35084793e-05
-9.173166314e-05
-8.996293384e-05
-8.820535131e-05
-8.637472676e-05
-8.456181372e-05
-8.266002974e-05
-8.06984641e-05
-7.858973864e-05
-7.642095379e-05
-7.43568706e-05
-7.243663822e-05
-7.04413369e-05
-6.842784183e-05
-6.639990233e-05
-6.417815186e-05
-6.222840828e-05
-6.060530117e-05
-5.896308942e-05
-5.727108444e-05
-5.574907587e-05
-5.41743292e-05
-5.261829473e-05
-5.084225442e-05
-4.912487676e-05
-4.73851471e-05
-4.560557752e-05
-4.349495844e-05
-4.149699482e-05
-3.954112775e-05
-3.798802954e-05
-3.645275552e-05
-3.495073651e-05
-3.339573247e-05
-3.197750521e-05
-3.0398111e-05
-2.867288519e-05
-2.673302882e-05
-2.530799666e-05
-2.412028285e-05
-2.296171829e-05
-2.163552799e-05
-2.012311427e-05
-1.826496731e-05
-1.658939291e-05
-1.490728639e-05
-1.349856318e-05
-1.219164414e-05
-1.092329902e-05
-9.787589898e-06
-8.707806808e-06
-7.582199623e-06
-6.424706213e-06
-5.356228196e-06
-4.378781308e-06
-3.554126961e-06
-2.742591372e-06
-2.06714861e-06
-1.548078646e-06
-9.88413602e-07
-2.4795648e-07
3.618874513e-08
1.350862982e-07
3.549240253e-07
4.390205891e-07
3.039028338e-07
2.372520388e-07
8.035962697e-08
0
0
0
0
0
0
0
0
0
0
0
0
0
0
0
0
0
0
0
0
0
0
0
0
0
0
0
0
0
0
0
0
0
0
0
0
0
0
0
0
0
0
0
0
0
0
0
0
0
0
0
0
0
0
0
0
0
0
0
0
0
0
0
0
0
0
0
0
0
0
0
0
0
0
0
0
0
0
0
0
0
0
0
0
0
0
0
0
0
0
0
0
0
0
0
0
0
0
0
0
0
0
0
0
0
0
0
0
0
0
0
0
0
0
0
0
0
0
0
0
0
0
0
0
0
-8.57401812e-08
-2.525713038e-07
-3.228346318e-07
-5.566004035e-07
-1.052486684e-06
-1.554174188e-06
-1.994274472e-06
-2.534405236e-06
-3.08924423e-06
-3.602227574e-06
-4.130840926e-06
-4.907425858e-06
-5.856383049e-06
-6.823777255e-06
-7.78956225e-06
-8.701182909e-06
-9.510566884e-06
-1.021264051e-05
-1.084003752e-05
-1.170638343e-05
-1.248302195e-05
-1.338679144e-05
-1.433164576e-05
-1.527645769e-05
-1.619268102e-05
-1.693222694e-05
-1.758636451e-05
-1.841242361e-05
-1.896860679e-05
-1.933004718e-05
-1.950527697e-05
-1.972506288e-05
-1.996526921e-05
-2.027119443e-05
-2.047710972e-05
-2.066484231e-05
-2.069254678e-05
-2.075399808e-05
-2.068559404e-05
-2.085361555e-05
-2.088711633e-05
-2.101130769e-05
-2.112635146e-05
-2.137268504e-05
-2.173156349e-05
-2.231954173e-05
-2.264468305e-05
-2.312174862e-05
-2.379176179e-05
-2.449114731e-05
-2.503496761e-05
-2.567654141e-05
-2.653295275e-05
-2.779700336e-05
-2.910796413e-05
-3.062599266e-05
-3.227144446e-05
-3.376390678e-05
-3.506829726e-05
-3.680671581e-05
-3.866521725e-05
-4.028113581e-05
-4.175396795e-05
-4.322837721e-05
-4.473589672e-05
-4.653108148e-05
-4.833582454e-05
-5.030446674e-05
-5.219460775e-05
-5.420032124e-05
-5.647796649e-05
-5.887221253e-05
-6.099704115e-05
-6.298977884e-05
-6.503493723e-05
-6.717219208e-05
-6.912087181e-05
-7.104958615e-05
-7.291608332e-05
-7.523592393e-05
-7.780319703e-05
-8.014752025e-05
-8.235824287e-05
-8.475450847e-05
-8.686110799e-05
-8.901347282e-05
-9.11152478e-05
-9.331130081e-05
-9.578418487e-05
-9.839633667e-05
-0.0001008198345
-0.000103214744
-0.0001055511706
-0.0001079291906
-0.0001102829648
-0.0001127183037
-0.0001154211947
-0.0001182699518
-0.0001209142093
-0.0001234754776
-0.0001257647689
-0.0001283414001
-0.000131057128
-0.0001336736096
-0.0001358591188
-0.0001380876371
-0.0001401052678
-0.0001422103111
-0.0001443162242
-0.0001465863816
-0.0001487733414
-0.0001510963222
-0.0001536360929
-0.0001561598053
-0.000158252709
-0.0001604067995
-0.0001627368866
-0.0001653983242
-0.0001678676537
-0.0001701040533
-0.0001722325957
-0.0001743441021
-0.0001762980615
-0.0001783350666
-0.0001802042399
-0.000181941015
-0.0001835901508
-0.0001850938665
-0.0001865981623
-0.0001880026359
-0.0001894944115
-0.0001912089027
-0.0001931316582
-0.0001950907983
-0.0001969760457
-0.000198309274
-0.0001996634989
-0.0002009734473
-0.0002023097979
-0.000203292377
-0.0002042261031
-0.0002052507815
-0.000206621145
-0.0002077678912
-0.0002088878594
-0.0002102332904
-0.0002118269719
-0.0002135968378
-0.0002155099867
-0.0002171608402
-0.0002185252089
-0.0002196546113
-0.0002210665447
-0.0002225792976
-0.0002241301978
-0.0002256340951
-0.0002273451562
-0.0002291784715
-0.0002309070489
-0.0002326173725
-0.0002346548348
-0.0002368195339
-0.0002394354595
-0.0002422908993
-0.0002449209215
-0.0002474521607
-0.0002496595706
-0.0002518121898
-0.0002534861489
-0.0002551211539
-0.0002565100234
-0.0002578859495
-0.0002591528252
-0.0002604704815
-0.0002618417484
-0.0002631686298
-0.0002642090653
-0.0002653446398
-0.0002665371831
-0.0002677797869
-0.0002690775804
-0.0002704004723
-0.0002715657806
-0.0002726871702
-0.0002736367765
-0.0002746533316
-0.000275641848
-0.0002766224832
-0.0002776940324
-0.000278686709
-0.0002797153092
-0.0002808169195
-0.0002817709253
-0.0002827518998
-0.0002838205532
-0.0002848344951
-0.000285811328
-0.0002867462964
-0.0002878006173
-0.0002890316254
-0.000290424169
-0.0002918777907
-0.0002931156748
-0.0002941148307
-0.0002952093872
-0.0002963747039
-0.0002973341431
-0.000298158981
-0.0002991049271
-0.0003000181111
-0.0003007141114
-0.0003014190174
-0.0003021997805
-0.0003028216929
-0.0003035622651
-0.0003040571557
-0.0003042239622
-0.000304215104
-0.0003041600495
-0.000304081827
-0.0003041007992
-0.0003039067978
-0.0003038029994
-0.0003034905534
-0.0003031732443
-0.0003029073044
-0.0003024844056
-0.0003021290472
-0.000301507935
-0.0003006657725
-0.0002999382506
-0.0002991038096
-0.0002983103484
-0.0002976083567
-0.0002967536171
-0.0002958263871
-0.0002950212937
-0.0002943266135
-0.0002935934728
-0.0002927432386
-0.0002919472926
-0.0002911168431
-0.00029021737
-0.0002890176207
-0.0002878313881
-0.0002864493316
-0.0002851043799
132.6319526
258.2585707
279.1785549
300.158774
367.2132045
435.2184213
507.5930348
577.9605849
661.4583648
746.3424719
828.6426377
908.8700226
995.3574198
1086.537415
1193.775938
1304.390515
1405.228917
1498.332274
1585.297531
1671.562621
1758.979797
1845.532814
1934.453881
2027.9618
2126.066687
2227.987007
2324.267942
2414.743781
2498.14921
2585.224844
2667.775304
2751.435707
2856.157819
2970.735615
3087.493477
3205.503845
3308.794689
3399.743339
3490.180395
3579.934255
3679.369352
3780.33829
3882.719255
3991.570789
4095.51973
4195.299033
4288.926835
4379.096876
4471.171685
4557.413961
4638.801639
4727.969053
4821.418892
4915.527086
5020.198107
5126.916698
5230.17914
5327.130209
5415.64294
5500.68051
5583.15263
5663.299301
5747.546138
5838.582583
5927.513124
6023.350466
6129.519612
6230.855098
6325.916815
6417.777749
6495.262132
6575.451003
6666.737101
6762.244116
6854.557847
6943.482344
7033.801705
7120.340665
7206.845802
7292.1557
7371.546041
7450.733495
7529.736092
7611.853675
7702.454261
7797.736021
7895.523279
7991.673238
8082.217928
8169.592406
8253.751704
8336.443273
8420.092803
8501.216959
8586.368512
8679.777677
8767.4273
8854.819665
8958.17422
9067.475242
9189.369294
9304.868756
9403.218726
9498.331171
9593.503152
9686.948442
9779.608475
9873.690328
9964.246017
10060.66315
10149.94794
10231.91828
10313.97564
10395.87236
10475.70378
10556.41536
10637.96108
10715.10431
10800.12994
10891.90848
10993.70661
11108.01062
11231.93791
11350.09179
11451.5995
11536.71538
11621.4118
11726.5581
11853.45923
11972.2231
12082.13711
12186.12552
12283.72267
12380.60168
12481.16864
12588.39207
12696.09322
12802.11764
12896.08542
12984.29209
13082.55942
13189.36801
13300.43073
13409.32758
13499.10113
13590.06257
13689.45887
13786.9202
13873.54256
13956.05195
14034.41547
14109.5718
14189.41442
14271.03336
14358.44681
14446.465
14541.83207
14649.59764
14753.82084
14847.64298
14940.38959
15028.40647
15113.0196
15203.34071
15301.48155
15403.63273
15510.87387
15626.92362
15760.52841
15894.16398
16019.37723
16141.10905
16258.93498
16368.74085
16467.1633
16559.52613
16650.55686
16739.59572
16825.74464
16910.72983
17000.3967
17098.71735
17214.93025
17336.05499
17438.66949
17537.87252
17635.77141
17731.96439
17834.17994
17935.88701
18026.04556
18113.20766
18199.66282
18285.92811
18375.7183
18482.20537
18597.49407
18711.05875
18811.81185
18908.74811
19011.30036
19106.12843
19197.45726
19295.33589
19401.6934
19505.99687
19616.44488
19731.23476
19859.88052
19992.12959
20102.89758
20200.00314
20289.93157
20376.35012
20456.01784
20534.12245
20610.00827
20690.51505
20779.92254
20876.20825
20976.12442
21071.28196
21166.4175
21256.8693
21346.75324
21435.73669
21526.67493
21620.25226
21722.50189
21832.62069
21941.0138
22044.86135
22134.3511
22222.17168
22310.39874
22399.30227
22490.82222
22580.42567
22667.7173
22761.89309
22855.36462
22943.68318
23030.35472
23118.26753
23204.99489
23293.46695
23387.31829
23481.47178
23566.38511
23644.8772
23727.46296
23808.51919
23892.03009
23977.29544
24070.60492
24168.42575
24260.80935
24347.40981
24428.93516
24516.53317
24611.59096
24711.13083
24812.51756
24904.54591
24985.30954
25067.05722
25152.40579
25232.3413
25312.82636
25395.11826
25476.32946
25560.77461
25643.14198
25729.39399
25830.54264
25943.43472
26055.84431
26166.37486
26278.18019
26377.37479
26470.14428
26563.70837
26656.68977
26748.09016
26839.6802
26927.27924
27006.29669
27087.36521
27167.15226
27244.82966
27324.20607
27401.84768
27469.88707
27539.55915
27613.9632
27694.53796
27782.53636
27866.25362
27959.89063
28060.08378
28166.58077
28277.22878
28384.23663
28475.28128
28561.47776
28648.83712
28742.35864
28841.02496
28931.59316
29022.04751
29121.14154
29229.00301
29340.40233
29441.92342
29527.28663
29623.14217
29716.98745
29804.08582
29892.10507
29980.57349
30066.39923
30148.95168
30231.61753
30317.39767
30419.1622
30525.47611
30629.10213
30728.6842
30828.87104
30933.366
31035.43332
31130.86221
31222.73762
31309.23977
31400.14452
31493.99889
31582.3076
31677.5396
31776.85134
31875.10828
31965.36943
32053.11562
32142.82701
32232.17695
32324.523
32413.88367
32511.82959
32613.17996
32716.09624
32821.28333
32919.43241
33014.76447
33110.16576
33208.14222
33307.84994
33407.25416
33502.17833
33592.66797
33685.76163
33774.26955
33866.99659
33964.03779
34057.02077
34145.66804
34229.25244
34318.00568
34408.56898
34501.70332
34599.76255
34703.86884
34814.28773
34916.65693
35016.29719
35116.09539
35206.80386
35290.99703
35371.60065
35458.48161
35544.56921
35629.76441
35718.1969
35805.90286
35907.53137
36017.77691
36138.23825
36267.2698
36388.70562
36500.84774
36605.23329
36705.85703
36806.9521
36915.0189
37011.24679
37101.06899
37179.95999
37259.46104
37340.03179
37417.62052
37501.83985
37584.94845
37665.04713
37744.13968
37824.86248
37913.11466
38021.01734
38130.76896
38237.26289
38338.69094
38432.00796
38521.15166
38611.69006
38712.19494
38810.96938
38908.03633
39001.10786
39089.48178
39177.06054
39260.13477
39337.81867
39415.43401
39496.52537
39586.01744
39688.88651
39799.60651
39909.72959
40001.18746
40092.79357
40188.60828
40283.32757
40379.8508
40477.77745
40570.88905
40662.8928
40757.69792
40856.64188
40976.77623
41107.9258
41217.6954
41305.20198
41390.72105
41468.61927
41548.40975
41632.59941
41712.46839
41801.83512
41893.99717
41986.61393
42079.08778
42173.73748
42261.73331
42349.59293
42450.23483
42563.72611
42682.52539
42799.31475
42904.52569
43003.78059
43111.00408
43220.51179
43330.9353
43433.00527
43525.89167
43610.21267
43692.37342
43778.34809
43864.38321
43951.85367
44038.99284
44127.04974
44223.93571
44329.96917
44437.62857
44535.30583
44621.47931
44703.41637
44787.04169
44882.18185
44977.9842
45065.20634
45157.65105
45246.70759
45337.94248
45431.50198
45523.62746
45613.03537
45694.93818
45771.95376
45848.14094
45917.72616
45985.95637
46052.90038
46123.63881
46197.00567
46277.64827
46368.46306
46453.72363
46542.03732
46629.55986
46725.44277
46814.92332
46896.70418
46983.15471
47070.81809
47158.14204
47251.68167
47353.51648
47461.61549
47566.75696
47658.11232
47745.75679
47837.41742
47936.46731
48029.38838
48116.92963
48206.21357
48294.40482
48383.52944
48471.28162
48563.05697
48662.93805
48770.04964
48868.20176
48960.47509
49049.16359
49132.42275
49221.59813
49308.81402
49397.71076
49490.40474
49585.45525
49675.32882
49753.81289
49834.23981
49921.31368
50012.60714
50100.31323
50190.58475
50297.90774
50420.66234
50526.43004
50624.71974
50732.47666
50840.49899
50945.18538
51037.59995
51120.11983
51195.34304
51270.89505
51343.01024
51415.39717
51485.48487
51554.04794
51626.49308
51700.27108
51779.51681
51858.51396
51946.88402
52041.47557
52133.99532
52232.04609
52332.5496
52427.48128
52511.17014
52589.86514
52670.27821
52757.94447
52858.78157
52960.86277
53050.14703
53128.53536
53203.61148
53283.26199
53372.74971
53470.87964
53577.00685
53678.9837
53782.58733
53879.67028
53969.68924
54058.03207
54143.76714
54231.59315
54313.0858
54400.09693
54501.95092
54601.25494
54708.17068
54817.23004
54924.73634
55033.31028
55148.89164
55267.49567
55377.11373
55484.03779
55586.36761
55685.66534
55795.60115
55927.75127
56062.21184
56188.86684
56300.84239
56401.21461
56488.78356
56569.52207
56651.20111
56738.46859
56832.00592
56931.73004
57037.12206
57133.79376
57226.51956
57326.27239
57428.21155
57530.98499
57627.90932
57715.96463
57801.79881
57888.52752
57977.05435
58066.75784
58156.8667
58241.52565
58327.15941
58418.76851
58500.8939
58588.38791
58678.68552
58764.97099
58854.46298
58938.60843
59018.27346
59095.32934
59167.93217
59244.82344
59333.25752
59427.80881
59532.35142
59637.4151
59733.05427
59819.87028
59894.33065
59969.60708
60045.64619
60119.30023
60194.32982
60273.12108
60356.92575
60445.11128
60537.84522
60630.36226
60715.44156
60796.49066
60877.64771
60955.53237
61043.79312
61143.60974
61241.72898
61332.78576
61416.07146
61499.11268
61574.93322
61657.97306
61754.93207
61856.22218
61967.39785
62078.55154
62180.62219
62270.49527
62361.41415
62465.07438
62569.27412
62657.21666
62747.57641
62842.9719
62947.01007
63053.96632
63163.78435
63275.85332
63373.60721
63467.23695
63562.20982
63668.46369
63787.23129
63905.99593
64008.17613
64103.07461
64186.40088
64262.97907
64352.87422
64451.84201
64559.3426
64665.91208
64760.20064
64843.49212
64923.069
65007.35408
65094.9676
65186.65342
65284.84215
65386.24242
65486.34837
65580.09228
65677.732
65773.66228
65864.32116
65950.22034
66036.48323
66125.80619
66209.41639
66295.84465
66390.05132
66487.16573
66596.51686
66712.66108
66830.4397
66945.23733
67059.92781
67178.66966
67291.98209
67392.14422
67489.33312
67591.49003
67696.39867
67802.92127
67905.68629
68011.64137
68116.66611
68218.71194
68312.36519
68402.32479
68499.71577
68598.48538
68696.05011
68801.63609
68910.44842
69014.9878
69116.97769
69214.71193
69312.80639
69408.28057
69501.31578
69599.80076
69717.93342
69856.7179
69995.78058
70126.77697
70239.13567
70340.9157
70443.13221
70538.67212
70629.87353
70730.11877
70839.09469
70956.81613
71083.55433
71209.19698
71330.64857
71448.93798
71554.84799
71650.27659
71731.77833
71810.68977
71895.74699
71980.14964
72064.94788
72151.11047
72240.2975
72329.04468
72412.41891
72495.6297
72569.93902
72644.72445
72720.78677
72796.845
72876.37853
72955.77545
73042.58443
73129.32124
73218.87457
73308.40013
73391.11436
73473.72305
73550.81485
73627.96889
73702.17584
73776.37298
73852.01756
73927.56744
74007.02137
74086.52962
74168.14966
74249.62844
74337.91616
74426.02385
74515.22856
74604.44552
74689.68856
74774.92941
74854.88954
74934.77983
75006.05506
75077.23564
75149.10203
75220.81987
75300.19825
75379.43763
75459.09527
75538.71556
75609.92722
75681.09738
75749.28401
75817.40209
75889.41036
75961.3649
76034.82106
76108.21067
76180.39149
76252.44997
76333.30087
76413.98503
76499.37421
76584.90062
76661.21266
76737.85487
76817.80281
76898.26708
76985.13155
77072.89545
77159.97999
77247.83238
77337.96493
77428.718
77519.15454
77610.09105
77703.33136
77797.02692
77894.28975
77991.90747
78087.77676
78183.80841
78279.50936
78375.30742
78470.92254
78566.58824
78661.74515
78756.90881
78848.40771
78939.93294
79020.17297
79100.37709
79182.23588
79263.98575
79355.31475
79446.49057
79543.96101
79641.21943
79745.14648
79848.41219
79949.62295
80048.89715
80138.26702
80222.84524
80300.96398
80380.45541
80462.46033
80547.73183
80637.65544
80729.53323
80823.69752
80918.77682
81008.14579
81097.8935
81181.43355
81265.07237
81356.62987
81448.3911
81545.71991
81643.44451
81739.65882
81836.19836
81937.78172
82039.45025
82145.40715
82251.26945
82354.32993
82457.33451
82564.0015
82670.79721
82779.83467
82889.05076
82991.49691
83093.44681
83191.68631
83288.33344
83380.97751
83472.43541
83562.3469
83654.59503
83755.73994
83862.41758
83968.62669
84063.79104
84149.82439
84234.28428
84317.35186
84401.24432
84487.54532
84574.65822
84654.30951
84734.68474
84808.06239
84877.55617
84942.3715
85009.40025
85078.22651
85149.2665
85232.58029
85314.15594
85398.327
85481.48273
85559.37471
85642.44012
85734.73038
85832.38601
85941.59294
86041.35618
86131.38128
86217.98842
86294.68585
86372.29887
86444.47136
86516.8131
86596.31127
86674.67318
86760.25346
86846.31333
86936.13537
87027.33995
87117.61516
87215.1798
87316.76684
87424.68064
87539.38141
87650.43467
87754.56485
87849.68807
87942.53878
88034.83065
88139.81881
88248.59331
88359.63378
88471.22966
88569.49764
88666.86382
88754.35087
88839.58765
88919.2395
88997.91566
89078.31696
89161.98278
89258.2293
89360.81621
89465.50676
89566.09274
89652.39888
89731.94147
89809.40823
89886.64788
89968.87151
90050.81931
90136.96146
90222.76253
90306.76108
90391.91681
90472.76849
90553.94606
90633.9171
90714.06864
90799.66559
90888.31485
90985.26902
91089.64119
91195.33805
91298.18381
91394.55065
91482.11895
91574.42558
91671.63412
91768.1481
91864.78408
91961.61195
92059.40581
92153.13783
92245.57096
92332.57848
92416.65326
92498.82056
92577.95964
92665.16637
92721.7229
92507.67833
92399.48989
92305.92614
92213.00022
92120.13506
92028.34468
91937.30247
91845.21442
91753.10148
91663.10663
91575.85786
91489.66343
91402.33012
91313.9777
91225.57623
91137.51299
91049.06311
90960.25106
90871.68296
90783.15163
90694.24325
90605.45501
90516.68679
90427.39155
90336.62211
90244.05016
90151.408
90059.40826
89968.842
89879.56427
89790.44733
89701.94829
89613.58988
89525.75063
89438.53447
89351.32527
89264.70476
89177.991
89090.71348
89003.28627
88915.13253
88826.82786
88738.80786
88650.66393
88562.61194
88474.44797
88386.85495
88299.1679
88212.20014
88125.17065
88037.31789
87949.4066
87860.49959
87771.5248
87682.66218
87593.73224
87504.7391
87415.68832
87326.19052
87236.63679
87147.62765
87058.57059
86969.90486
86881.20309
86792.03297
86702.83252
86612.92234
86522.98026
86432.85073
86342.62218
86253.03863
86163.52811
86074.25824
85985.72564
85898.88521
85810.19186
85716.40395
85621.12874
85524.99466
85429.55711
85336.93424
85244.52678
85150.85403
85057.60923
84964.00075
84870.0408
84776.62983
84683.5559
84592.22031
84502.28533
84411.95832
84318.37525
84221.87983
84126.12203
84031.37978
83936.62381
83842.26634
83748.17401
83655.43472
83563.42666
83470.86185
83378.37281
83286.11453
83193.54524
83101.02846
83008.90722
82917.25445
82824.33569
82730.17148
82636.51317
82541.90797
82446.31028
82351.97239
82258.73328
82164.85874
82071.09365
81979.45221
81886.56355
81789.98648
81694.70245
81599.69781
81503.39543
81408.9849
81316.5698
81226.60618
81138.58697
81047.58022
80952.03071
80855.81796
80763.1299
80672.32137
80579.22037
80487.01413
80398.83845
80312.17484
80225.98323
80137.7366
80044.99711
79951.81765
79859.17609
79766.76215
79674.92153
79584.21758
79495.60921
79407.07279
79318.63162
79229.20883
79134.99044
79037.19939
78940.28553
78843.38124
78747.82367
78654.0203
78558.87501
78464.95316
78371.94485
78278.46038
78185.90888
78093.85456
78002.66838
77912.019
77818.71284
77723.10184
77628.0243
77533.17979
77437.80973
77340.07339
77242.32305
77150.23672
77062.72132
76974.2231
76881.20838
76786.08971
76692.70958
76601.52675
76510.7236
76416.91148
76322.01041
76229.2232
76137.29572
76044.92271
75951.93321
75858.45563
75765.71535
75671.37923
75574.20538
75480.21649
75390.52657
75300.57272
75209.60714
75118.10993
75025.50947
74931.492
74834.73576
74738.29595
74642.82703
74545.66184
74450.54385
74358.88722
74269.3347
74182.56867
74096.11977
74007.4518
73916.30523
73823.1415
73728.39692
73632.96218
73535.3296
73436.96082
73340.72406
73244.91538
73151.98674
73061.54596
72969.70601
72876.45941
72782.05908
72688.85015
72597.39537
72504.50452
72410.32702
72318.03496
72227.55772
72135.97627
72043.7534
71951.63194
71857.30115
71760.54804
71665.42399
71574.06063
71483.91256
71392.45176
71299.26432
71205.44975
71111.55748
71018.41443
70926.38649
70834.26309
70741.83451
70648.98095
70557.72933
70470.38769
70383.22003
70293.53909
70202.09121
70110.57405
70021.19964
69932.44767
69841.65968
69747.91484
69650.3891
69551.62067
69456.91915
69367.26046
69277.04907
69183.83245
69090.9968
68998.99889
68906.81448
68813.02382
68715.91406
68616.84888
68519.4674
68425.15373
68332.81917
68241.12631
68147.49067
68049.82491
67950.72412
67853.85225
67758.91929
67664.1282
67569.74286
67478.08078
67390.04133
67302.10661
67211.70651
67118.25566
67020.76876
66923.53274
66830.16515
66740.73434
66654.03551
66567.2435
66478.28545
66386.71699
66295.46927
66207.12637
66119.13142
66027.60112
65935.75419
65845.56842
65753.27506
65659.56125
65566.46157
65475.75191
65383.66451
65286.89665
65191.00975
65095.25438
64996.80566
64898.47163
64803.40247
64709.93009
64616.47493
64524.03477
64434.20155
64344.93687
64253.50422
64161.67754
64069.50826
63974.26066
63877.47976
63783.05175
63692.52551
63604.05711
63515.08395
63425.1821
63333.75235
63239.94273
63144.96648
63051.50492
62959.884
62870.16319
62779.76502
62686.55976
62592.2354
62498.47049
62404.69176
62311.79311
62222.6545
62133.53752
62039.96009
61941.719
61841.56629
61742.57227
61647.75457
61558.26376
61469.16479
61375.22051
61280.20896
61187.35835
61095.69857
61006.97741
60919.23598
60829.71514
60738.93693
60646.28154
60552.85115
60459.37702
60365.92294
60273.15498
60180.44593
60087.17888
59992.76175
59898.79245
59807.69356
59718.14412
59624.92628
59528.53127
59433.05824
59338.70453
59245.54104
59153.37251
59062.53589
58971.59826
58879.08789
58785.55524
58693.0249
58601.82248
58509.88592
58417.36312
58324.56265
58231.21495
58137.79558
58044.79238
57952.59411
57862.27867
57771.53631
57678.97566
57585.75951
57492.76151
57400.43843
57305.70123
57209.01802
57113.23469
57016.2992
56919.3749
56823.83261
56728.48642
56632.94359
56538.44979
56447.93837
56356.34686
56262.92295
56172.01287
56079.55562
55986.48116
55896.72413
55807.60271
55716.6989
55626.63022
55536.2431
55445.23787
55356.57223
55269.93043
55183.29457
55093.80503
55000.22343
54905.6399
54812.77745
54722.63411
54633.2995
54540.82861
54443.87608
54345.86899
54252.10861
54160.78192
54069.00657
53977.15982
53886.22329
53796.54237
53705.92475
53614.09934
53521.3574
53427.12364
53333.43982
53240.1443
53145.38473
53048.34566
52952.83143
52859.64282
52766.72901
52672.39599
52574.45221
52476.20038
52380.24211
52283.12031
52185.50914
52093.14471
52005.00993
51916.89551
51825.80621
51733.09786
51639.09719
51543.35098
51449.50728
51358.34852
51267.51227
51173.15125
51078.22473
50986.48794
50895.23074
50800.9053
50707.31132
50618.95836
50532.75812
50445.22106
50353.00424
50258.54469
50163.78301
50067.95019
49972.30883
49876.31464
49781.44811
49689.10429
49597.31523
49507.13557
49418.98333
49328.01475
49234.58707
49138.84036
49041.64852
48945.03161
48846.42621
48747.15409
48649.76941
48554.44218
48458.34505
48364.4181
48274.76545
48184.52287
48093.0969
48002.24467
47908.77837
47811.85242
47717.10621
47623.22818
47528.91972
47437.79017
47347.24483
47253.27151
47158.65632
47066.63161
46977.15687
46887.74286
46794.40298
46697.92379
46602.91961
46509.73257
46417.74372
46328.05048
46237.95397
46146.34222
46052.55966
45956.12047
45861.12891
45766.57015
45671.59574
45576.97985
45481.90724
45386.57352
45292.56893
45198.98586
45104.60561
45010.20039
44917.64208
44827.80678
44737.55609
44644.15096
44550.93139
44462.52046
44373.86479
44283.39699
44191.84966
44097.09715
44001.24325
43905.44525
43807.60576
43710.01051
43616.01291
43523.32295
43432.86538
43344.58445
43254.52522
43162.73489
43070.70403
42977.03398
42881.7831
42786.85991
42692.32923
42599.55436
42509.50909
42421.161
42331.42125
42240.2054
42149.08412
42060.09209
41973.95875
41886.89229
41797.2926
41704.90141
41611.67672
41519.74807
41428.78477
41335.04253
41240.48893
41148.38991
41056.82831
40967.04758
40874.98552
40777.76038
40678.6498
40581.76736
40487.04017
40392.24341
40298.86672
40208.69821
40122.18235
40035.81889
39945.92162
39853.73435
39760.77911
39668.8026
39578.32051
39484.52097
39386.16785
39288.13246
39194.00693
39102.10365
39010.03455
38916.72813
38822.04984
38729.25222
38637.56046
38543.15994
38446.0308
38349.40688
38255.70485
38164.09658
38074.03379
37984.13615
37892.69868
37800.69974
37709.19031
37619.61937
37531.57802
37442.42734
37352.46267
37261.31221
37167.70742
37074.69884
36984.35369
36894.52147
36804.03112
36709.73935
36610.73953
36511.42886
36412.11285
36314.57952
36219.27101
36123.83669
36030.43213
35941.08347
35853.59937
35764.8061
35673.5755
35580.98683
35488.97957
35399.88774
35311.5161
35218.07488
35119.65339
35022.99464
34927.93281
34830.86839
34731.9121
34634.77627
34540.15035
34445.97918
34352.3929
34259.00871
34166.22476
34073.34255
33979.88621
33888.34917
33797.91498
33706.17567
33614.69125
33524.80537
33435.01236
33343.36072
33250.61268
33157.4691
33065.89316
32978.15994
32889.08837
32795.07076
32699.52181
32606.51655
32514.58017
32421.96614
32329.95836
32238.02179
32145.79883
32052.84312
31960.03821
31866.65206
31772.64516
31678.59006
31583.88529
31489.53885
31394.56555
31299.01764
31204.29758
31110.88407
31018.53567
30926.32809
30835.7416
30746.97127
30657.02886
30564.69182
30472.03053
30381.25617
30291.54341
30200.56101
30108.38592
30015.28734
29922.12696
29829.45906
29735.03773
29636.92809
29538.83731
29443.4379
29349.1973
29256.4321
29163.84831
29071.66764
28979.83854
28885.14676
28787.21974
28690.07665
28594.39694
28497.686
28400.97549
28307.30817
28214.9131
28120.81282
28025.40356
27931.15736
27836.88327
27738.68869
27640.52725
27546.52777
27454.58539
27361.71337
27268.99977
27178.87537
27090.60045
27001.58606
26908.47665
26812.41599
26717.79884
26624.78565
26532.08221
26440.03738
26346.30605
26250.32301
26155.04386
26060.46495
25966.01298
25871.10789
25777.26046
25684.66192
25591.17194
25496.77841
25401.8955
25304.78788
25207.19112
25113.79701
25023.38259
24932.55112
24839.43634
24746.08266
24656.5834
24570.41316
24482.95622
24391.85458
24299.86772
24208.31118
24116.08196
24025.04053
23935.97059
23845.2084
23750.72899
23653.56761
23556.41629
23460.73119
23363.44421
23265.10132
23168.78013
23071.63051
22973.30511
22879.76083
22791.23639
22702.67013
22612.58511
22521.79196
22428.15184
22331.39075
22235.90671
22141.02747
22046.25527
21951.13951
21854.64338
21759.4581
21665.4668
21570.49271
21474.28315
21380.68166
21287.48925
21194.96018
21105.83274
21016.27521
20926.2721
20837.0986
20745.11172
20652.43806
20562.79838
20471.53018
20377.88365
20282.26895
20185.33114
20090.08668
19995.55911
19901.72746
19808.36927
19715.64227
19622.95526
19529.07612
19435.08849
19341.58243
19249.64202
19161.25451
19072.40591
18979.88998
18887.07081
18792.6298
18696.7446
18601.22069
18504.27117
18408.43876
18316.95611
18225.41994
18131.56382
18038.19057
17943.69391
17845.86571
17748.06887
17652.95606
17558.41974
17462.88892
17366.73106
17271.94817
17176.67815
17081.17034
16987.40445
16895.34212
16803.1363
16708.51752
16615.07772
16524.09366
16431.86579
16337.23139
16239.8089
16141.06594
16044.20746
15951.08246
15861.57159
15773.12227
15681.17321
15585.28386
15489.6492
15392.14634
15292.47181
15193.1748
15095.7747
15002.47311
14911.18767
14817.64446
14721.97981
14627.31746
14532.10393
14434.92634
14341.847
14252.65697
14162.33462
14071.28502
13980.86408
13889.62717
13797.04409
13705.69645
13617.91942
13530.20455
13439.18143
13347.50811
13255.42975
13161.028
13065.82074
12969.9973
12876.35314
12785.75337
12696.11551
12606.91279
12515.31705
12422.91467
12333.00276
12245.64923
12156.76917
12065.66558
11974.38288
11883.2855
11793.53041
11705.44951
11616.88907
11525.39226
11432.58743
11338.14561
11242.1622
11146.79192
11052.78568
10959.48891
10865.72811
10770.83541
10675.04927
10577.65455
10482.99211
10394.80397
10307.46215
10214.16726
10117.19631
10023.85058
9933.534628
9842.570205
9749.481363
9656.390038
9564.157129
9474.8559
9388.111201
9298.77368
9206.610004
9113.686557
9022.429191
8932.692439
8842.351352
8752.431597
8664.046935
8574.57119
8480.851455
8383.240285
8287.626925
8196.763087
8105.687385
8011.09768
7914.984501
7819.413991
7723.661756
7630.001901
7538.151435
7446.396041
7353.605237
7258.815615
7164.773772
7070.539685
6975.835013
6882.583987
6793.820404
6707.896581
6621.633376
6536.671589
6451.972316
6364.948027
6273.668501
6178.986161
6083.124189
5989.224508
5896.983332
5804.665567
5712.572482
5620.636977
5531.22138
5442.509982
5350.555407
5257.163174
5164.913991
5075.112599
4987.617793
4899.344022
4807.123346
4714.828346
4625.929811
4537.857973
4447.634014
4356.080048
4263.791468
4169.643961
4078.185855
3989.689776
3899.295793
3806.855657
3715.698181
3625.139571
3533.074592
3438.112998
3339.761007
3239.608859
3139.464247
3041.1294
2946.883092
2853.598109
2757.100174
2661.649526
2569.402536
2478.202213
2384.907312
2289.70583
2195.269519
2103.880268
2014.197483
1921.472136
1826.586234
1730.663939
1634.451225
1537.998965
1441.701998
1345.805673
1250.386144
1155.955961
1061.261027
969.0267603
880.3047758
791.5390245
702.4453881
615.5743212
527.4205856
436.0517183
343.6904515
252.4572734
164.193576
84.40616234
1.068566107
6.744104108e-05
4.854989962e-05
5.003445827e-05
5.152213405e-05
5.294860375e-05
5.441475108e-05
5.586259253e-05
5.72096245e-05
5.856106334e-05
5.986804135e-05
6.118764117e-05
6.245887126e-05
6.382782953e-05
6.525741375e-05
6.667350259e-05
6.807795837e-05
6.958097535e-05
7.10839697e-05
7.253061637e-05
7.394005498e-05
7.539986322e-05
7.688278057e-05
7.832888021e-05
7.975741797e-05
8.119135971e-05
8.266228631e-05
8.409373374e-05
8.559615004e-05
8.715600624e-05
8.87915637e-05
9.037337743e-05
9.182330607e-05
9.332274706e-05
9.472301279e-05
9.613069186e-05
9.755643862e-05
9.900795984e-05
0.0001004528117
0.000101876491
0.0001033656816
0.0001048940448
0.0001064661865
0.0001080143889
0.0001095667873
0.0001110563637
0.0001125933717
0.0001141776361
0.0001158765571
0.0001175735427
0.0001193980048
0.0001213503051
0.0001232943764
0.0001252247028
0.0001271361741
0.0001289668853
0.0001308484455
0.0001326785376
0.0001345761814
0.0001364307481
0.0001382954339
0.0001403398581
0.0001424171721
0.0001445127784
0.0001466621229
0.0001488275918
0.0001509978876
0.0001531973675
0.0001554532093
0.0001576790545
0.000159801538
0.0001619531823
0.0001641073074
0.0001662751207
0.0001684605875
0.0001705601405
0.0001727156421
0.0001749581941
0.0001771618873
0.0001793689783
0.0001816935259
0.0001839414591
0.0001861974139
0.0001884145899
0.0001906147854
0.0001927671522
0.0001948189755
0.0001968562078
0.0001989893819
0.0002011862044
0.0002034397723
0.0002057987677
0.000208088187
0.0002103211609
0.0002124450211
0.0002146028479
0.000216722319
0.00021889693
0.0002210574072
0.0002231612541
0.0002253315958
0.0002275230209
0.0002297317626
0.0002318541205
0.0002340255682
0.0002361951944
0.0002383363357
0.0002404620354
0.0002425707992
0.0002447064726
0.0002469444032
0.0002490939759
0.0002512119166
0.0002533396975
0.0002553987969
0.0002573764851
0.0002593239706
0.0002613126085
0.0002632393524
0.0002652647412
0.0002672895519
0.0002692334505
0.0002711173682
0.0002730610274
0.0002749477103
0.0002767701891
0.0002786137497
0.0002804650527
0.0002822632929
0.0002839686033
0.0002856706923
0.0002874393223
0.0002892322792
0.0002909327048
0.0002925840012
0.000294333463
0.0002960680114
0.0002977820633
0.0002994943247
0.0003012276851
0.0003029174841
0.0003045756807
0.0003061768627
0.0003077573585
0.0003093784473
0.0003110355449
0.0003127190852
0.0003144190822
0.0003160897821
0.0003176463644
0.0003193203131
0.0003209990087
0.000322688312
0.0003243506485
0.0003260201337
0.0003277713206
0.0003295604115
0.0003313122109
0.0003330193119
0.0003347421373
0.0003364238376
0.0003381103308
0.0003398240642
0.0003415996222
0.0003434196071
0.0003452247411
0.0003470172392
0.000348753469
0.0003505525789
0.0003523557232
0.0003541779298
0.000356010248
0.0003578422897
0.0003597664719
0.0003616477797
0.0003635950202
0.0003655566279
0.0003676068034
0.0003696443921
0.0003716711222
0.0003735747342
0.000375461682
0.000377511541
0.0003795900353
0.0003816857646
0.0003837697089
0.0003859069161
0.0003880156287
0.0003901990428
0.0003923577443
0.0003944528614
0.0003964763215
0.0003984414437
0.0004004352148
0.0004024904414
0.0004045677261
0.000406644317
0.0004087481783
0.0004108737924
0.0004129936263
0.0004150912373
0.0004171222253
0.0004191738086
0.0004212145307
0.0004231897873
0.0004251345983
0.0004270236868
0.0004288986083
0.0004307906907
0.0004327647847
0.0004347496088
0.0004367648701
0.0004387343908
0.0004406286562
0.0004423983588
0.0004441206556
0.0004458943859
0.0004477349352
0.000449556154
0.0004514042625
0.0004531032462
0.0004546998166
0.0004562081047
0.0004577566559
0.0004593552698
0.0004609704966
0.0004626145479
0.0004643507824
0.0004660627169
0.0004677868152
0.0004694826287
0.0004712556783
0.0004730304472
0.0004748213702
0.0004764918534
0.0004781011738
0.000479800715
0.0004814518669
0.000483080636
0.0004847054163
0.0004863980844
0.0004881229338
0.000489853879
0.0004915290013
0.000493210529
0.0004949397143
0.0004967528465
0.0004985774039
0.0005003964102
0.0005022049275
0.0005040577744
0.0005058464311
0.0005076454182
0.0005094214556
0.000511238098
0.0005130553851
0.0005148304837
0.000516633114
0.0005185372877
0.0005204686777
0.0005222962007
0.0005241173367
0.0005259599979
0.0005278351127
0.0005296917524
0.0005314819357
0.0005333190423
0.0005352089516
0.0005371014637
0.0005389570975
0.0005407839864
0.0005425887122
0.0005443536299
0.0005461270902
0.0005479990923
0.0005499421735
0.0005518822024
0.0005538738814
0.00055595817
0.0005581204649
0.0005602730061
0.0005623322562
0.0005644229263
0.0005664842017
0.0005685471156
0.0005706465656
0.0005727886584
0.0005749480546
0.0005770535341
0.0005790867505
0.0005811861379
0.0005832856324
0.0005853294678
0.0005873999944
0.0005894404796
0.0005914933752
0.0005935215665
0.0005956516327
0.0005977302501
0.0005998009855
0.0006018377359
0.0006038009416
0.000605761076
0.0006077045187
0.000609645601
0.0006115764211
0.0006135124776
0.0006154671849
0.0006174549797
0.000619465673
0.0006214961054
0.0006234131399
0.0006253743813
0.0006274285268
0.0006295551339
0.0006316571376
0.0006337124001
0.0006356923466
0.0006376471946
0.0006395948559
0.0006417118672
0.0006437474798
0.0006458053874
0.0006477789688
0.0006498105275
0.0006518626822
0.0006538669877
0.0006558447792
0.0006578854359
0.0006599932833
0.0006621234263
0.0006641685166
0.0006661158363
0.0006679788747
0.0006699295021
0.0006719781903
0.0006739893276
0.000675857041
0.0006776922964
0.0006795303733
0.0006813116425
0.0006829134223
0.0006845355511
0.000686308623
0.0006881488281
0.0006899320815
0.0006915940871
0.0006932759816
0.0006948687693
0.0006963790269
0.0006978633803
0.0006993868762
0.0007009212309
0.0007025662924
0.0007041446792
0.0007056443994
0.0007071398462
0.000708587178
0.0007099611522
0.0007113969804
0.0007127896545
0.0007141174588
0.0007153829934
0.0007167279423
0.000718130462
0.0007195189908
0.0007208767038
0.0007222278056
0.000723571441
0.0007248746916
0.0007261411684
0.0007273541499
0.0007286301852
0.0007299602995
0.0007313204999
0.0007326187238
0.0007338762925
0.0007351663564
0.0007364711727
0.0007378383479
0.0007391674979
0.0007405065805
0.0007418598627
0.0007431862566
0.0007444701204
0.0007457348444
0.0007469886039
0.0007481978437
0.0007493833627
0.0007505814894
0.0007516970564
0.0007527800171
0.0007538333529
0.0007548991297
0.0007559781401
0.0007570825835
0.0007581801238
0.0007592223668
0.0007603723801
0.000761453905
0.0007625144346
0.0007635794329
0.0007645514866
0.0007654861816
0.0007664263051
0.0007674398667
0.0007684107734
0.0007693879523
0.0007703410402
0.0007712577578
0.0007721607352
0.0007730839386
0.0007740144657
0.000774986821
0.0007759577535
0.000776942017
0.0007778885867
0.0007788507353
0.0007798071275
0.0007807782809
0.0007816753785
0.0007825976645
0.0007835423276
0.0007844562032
0.0007854558841
0.000786432145
0.0007875185733
0.0007886693056
0.0007898118982
0.0007909481967
0.0007920728861
0.0007931690209
0.0007943263956
0.000795483751
0.0007966966222
0.0007978751023
0.0007990589384
0.0008003332036
0.0008015467346
0.000802791629
0.0008040647783
0.000805310411
0.0008065464676
0.0008077291775
0.0008089944966
0.0008102794603
0.0008115489602
0.0008127454962
0.0008139231182
0.0008151366413
0.0008163815585
0.0008176572133
0.0008189987861
0.0008203074246
0.0008216837265
0.0008230343867
0.0008243327979
0.000825618098
0.0008268707485
0.0008279937957
0.0008290938471
0.000830066187
0.0008311231373
0.0008321315519
0.0008330755512
0.0008339690401
0.0008349133731
0.0008359681119
0.0008370420699
0.0008380418993
0.0008390130029
0.0008399652244
0.0008408912005
0.0008418666559
0.0008428696087
0.0008438511362
0.0008448518212
0.000845809064
0.0008468377753
0.0008478100041
0.000848797134
0.0008497558593
0.0008506945679
0.0008516453284
0.0008526131481
0.0008535754779
0.0008545421007
0.0008555198135
0.0008565482763
0.0008575151002
0.0008583650182
0.0008592055173
0.0008599675077
0.0008606603978
0.0008613624397
0.0008619715328
0.0008625203839
0.0008630708982
0.0008636412
0.0008641213844
0.000864547638
0.0008649343834
0.0008652832899
0.0008656884012
0.00086599226
0.0008663096631
0.0008666192006
0.0008669504159
0.0008672390024
0.0008675506907
0.0008679221128
0.0008682793195
0.000868626681
0.0008689361284
0.0008692919713
0.0008696222368
0.0008699645057
0.0008703192765
0.0008707100587
0.0008710957713
0.0008715136948
0.000871931442
0.0008723958343
0.0008728729053
0.0008732929379
0.0008736757634
0.0008740472155
0.0008744867495
0.0008749226536
0.0008753391553
0.0008757402262
0.0008761651141
0.0008766625602
0.0008771078315
0.0008775355281
0.0008780540803
0.0008785161697
0.0008789262527
0.0008793743042
0.0008798426888
0.000880353053
0.0008808490872
0.0008813416942
0.0008817890496
0.0008822332699
0.0008826045882
0.0008829282359
0.0008831909826
0.0008834775828
0.0008837828363
0.0008841346572
0.000884494478
0.000884826147
0.0008852172033
0.000885597167
0.000886032706
0.0008865116343
0.0008869703179
0.0008874172218
0.0008879150981
0.0008884550113
0.0008889786223
0.0008894459539
0.0008899011943
0.0008903762042
0.0008908523108
0.000891296324
0.0008917618733
0.0008922292635
0.0008926843798
0.0008931578495
0.0008936766397
0.0008941494698
0.0008946240639
0.000895116986
0.0008956263253
0.000896088987
0.0008965212246
0.0008969258805
0.0008973205374
0.0008977078051
0.0008980897365
0.0008985089795
0.0008989842364
0.0008994815358
0.0009000046566
0.0009005869237
0.0009011698393
0.0009017775096
0.0009024171215
0.000903082952
0.0009036715369
0.0009042313472
0.0009048617061
0.0009054913118
0.0009060626733
0.0009066170312
0.0009071330416
0.0009076509838
0.0009082083368
0.0009087163594
0.0009091948474
0.0009096385625
0.0009100391714
0.000910491938
0.0009109176402
0.0009114275043
0.0009119483501
0.0009124387668
0.00091297361
0.000913516081
0.0009139809207
0.0009143937056
0.0009147559671
0.0009152057802
0.000915640864
0.0009161247113
0.0009166493203
0.0009171925872
0.0009177358158
0.0009181823817
0.0009186417791
0.0009191412202
0.0009196560514
0.00092020165
0.0009208153049
0.0009213548418
0.000921885633
0.0009223701497
0.0009227829775
0.0009232044789
0.0009235248224
0.0009237479767
0.000923959948
0.0009241433672
0.000924285276
0.0009243974938
0.0009244560285
0.0009245166752
0.0009245222698
0.0009245560552
0.0009245474669
0.0009244885606
0.0009244502269
0.0009244711671
0.0009244166906
0.0009243121512
0.0009242160421
0.000924151289
0.0009240095605
0.0009238861617
0.0009237598138
0.0009236440125
0.0009235695481
0.0009234710241
0.0009233690105
0.000923317023
0.0009232621725
0.000923259815
0.0009232128508
0.0009231866157
0.0009231344303
0.0009230583675
0.0009230170755
0.0009229841188
0.0009229258532
0.0009228519304
0.0009227504192
0.0009226605625
0.0009225465071
0.0009224515131
0.000922292363
0.0009220706249
0.0009217917214
0.0009215104807
0.0009211725166
0.0009207664311
0.0009204066764
0.0009200669466
0.0009197853906
0.0009194722303
0.0009191849163
0.0009188595091
0.0009184963153
0.0009181849032
0.0009178703176
0.0009175625958
0.0009172325259
0.0009168807273
0.0009164236413
0.0009158988208
0.0009153741731
0.0009148305693
0.0009143060451
0.000913784451
0.000913238074
0.0009127010612
0.000912109823
0.0009114632334
0.000910782494
0.0009100861933
0.0009094026582
0.0009086758755
0.000907899286
0.0009070875751
0.0009063190934
0.0009055920143
0.0009048907958
0.000904202688
0.0009034566173
0.0009026889848
0.0009019042935
0.0009011377614
0.0009004724638
0.0008998342732
0.0008991619944
0.0008983908419
0.000897638226
0.0008969178206
0.0008961407745
0.0008953399828
0.000894505047
0.0008936566404
0.0008927738219
0.0008918591988
0.0008909561512
0.000890057097
0.0008890896143
0.0008880720017
0.000887042881
0.0008860878996
0.0008851928695
0.000884332978
0.0008834600274
0.0008824946198
0.0008815074664
0.0008805352297
0.000879606945
0.0008786895496
0.0008777894131
0.0008768517744
0.0008759295407
0.0008749143184
0.0008739158042
0.0008728729017
0.0008717642709
0.0008706845044
0.0008695838632
0.0008685122044
0.0008674633951
0.0008665278834
0.0008656073305
0.0008647112073
0.0008637506173
0.0008627898384
0.0008618033961
0.0008609460891
0.0008600534952
0.0008591700077
0.000858305834
0.0008574891569
0.0008566049039
0.0008556915922
0.0008547959924
0.0008539053585
0.0008530546622
0.0008520930791
0.0008510731604
0.0008500874849
0.0008491225278
0.0008481951478
0.0008473415961
0.0008464496716
0.0008456219393
0.000844759833
0.000843933513
0.00084301436
0.0008420458854
0.0008410991233
0.0008401164126
0.0008390956801
0.0008380491011
0.0008370514013
0.0008360852183
0.0008351456337
0.0008342139018
0.0008332819861
0.0008323885894
0.0008315030909
0.0008305615573
0.0008296509085
0.0008287085219
0.0008277394408
0.0008268738252
0.0008260440523
0.0008252365392
0.0008244512931
0.0008236878684
0.0008229497042
0.0008221352559
0.0008213293038
0.0008205383104
0.0008198502898
0.0008191108686
0.0008183346327
0.0008174673191
0.0008166096985
0.0008156957216
0.0008148108421
0.0008139271433
0.000813059567
0.0008121946977
0.0008113217281
0.0008103473142
0.0008093121738
0.0008082989085
0.0008072860955
0.0008062320367
0.0008051753648
0.0008040460774
0.0008029659664
0.0008019013622
0.0008009304933
0.0007999314635
0.0007988285301
0.000797804018
0.0007967383791
0.0007957044623
0.0007946970689
0.000793677551
0.0007925599385
0.0007914290476
0.0007902962376
0.0007891950416
0.0007880818193
0.0007869897722
0.0007859561855
0.0007848954528
0.0007838772309
0.0007828568328
0.0007817862064
0.0007807432415
0.000779688919
0.000778616637
0.0007775047864
0.0007765153782
0.0007755855519
0.0007747235268
0.0007738704902
0.0007730346344
0.0007722009342
0.000771352136
0.0007705120985
0.0007697734141
0.0007690829134
0.0007683816282
0.0007675929034
0.0007667847101
0.0007659634227
0.000765172953
0.0007643995714
0.0007636560402
0.0007629517693
0.0007622517616
0.0007616002658
0.0007609112447
0.0007602523761
0.0007594754471
0.0007587081035
0.000757794696
0.000756870157
0.0007559594907
0.0007550157859
0.0007540107454
0.00075305781
0.0007520854244
0.0007510351944
0.0007500250264
0.0007490194032
0.0007480019167
0.0007469598968
0.0007458703763
0.0007447452154
0.0007436128802
0.000742454828
0.0007413504086
0.0007402604699
0.0007391969219
0.0007382029068
0.0007371815179
0.0007362462757
0.0007353825425
0.0007344834008
0.0007334707168
0.0007324086849
0.0007313002562
0.0007301797361
0.000729058899
0.000728010115
0.0007270364004
0.0007260826602
0.0007251608795
0.0007241846753
0.0007231660017
0.0007220853467
0.0007210234536
0.0007199019367
0.0007189251289
0.000717983026
0.0007171407194
0.0007163100432
0.0007155060886
0.0007146778399
0.0007137471756
0.0007128240284
0.0007119637087
0.0007112024417
0.0007104609475
0.0007097459587
0.0007089399246
0.0007080933648
0.0007072549403
0.0007065256145
0.0007057374654
0.000705009786
0.0007042810251
0.000703560226
0.0007028993463
0.000702196951
0.0007014256838
0.0007006319807
0.0006997889689
0.0006989920772
0.0006981921395
0.0006974299993
0.0006967480343
0.0006960537364
0.0006953844484
0.0006946522663
0.0006939292025
0.000693191173
0.0006923520351
0.0006914982884
0.0006906943923
0.0006899105751
0.0006890930106
0.0006882390737
0.0006873658976
0.000686442855
0.0006854831665
0.0006845642137
0.0006837186931
0.0006828560806
0.0006819955685
0.0006811506911
0.0006802152464
0.0006792831056
0.0006783742298
0.00067740794
0.0006764902356
0.0006756267362
0.0006746939386
0.0006738630915
0.0006730396791
0.0006722524481
0.0006714264696
0.0006705869273
0.0006696481597
0.000668745309
0.0006678238499
0.0006669216629
0.0006660764241
0.0006652159348
0.0006643310129
0.0006634361797
0.00066248794
0.0006615575518
0.0006606894782
0.0006597677463
0.0006588508294
0.0006580119798
0.0006571553118
0.0006562009662
0.0006552596136
0.0006543669761
0.0006535093026
0.0006525881322
0.0006516665377
0.0006508366731
0.0006499982447
0.0006491754024
0.0006483297428
0.0006474184909
0.0006465786007
0.0006456322951
0.0006445390925
0.0006434085198
0.0006422509975
0.0006409975566
0.0006397889921
0.0006385909813
0.0006373957832
0.0006363158834
0.0006353517958
0.000634369104
0.000633458738
0.000632552382
0.0006315981079
0.0006307817273
0.000629926388
0.0006290975129
0.0006282754457
0.0006273862162
0.0006264406166
0.0006255085537
0.0006245998623
0.0006237591139
0.0006228021767
0.0006218714716
0.0006209374484
0.0006199821816
0.0006190538685
0.0006182188891
0.0006173915043
0.0006165216307
0.0006156251631
0.0006146623081
0.0006136683931
0.0006126897035
0.0006117004303
0.0006106969505
0.0006096993627
0.0006087145039
0.0006077679385
0.0006068623224
0.000605993493
0.0006052223209
0.0006044169356
0.0006034918777
0.0006026477046
0.0006017037482
0.0006007756372
0.0005998566403
0.0005988651291
0.0005978566851
0.0005969646046
0.000596044218
0.000595019191
0.0005939066731
0.0005928479182
0.0005917392938
0.0005905893943
0.0005894578999
0.0005883935694
0.0005873119645
0.0005862256048
0.0005850933084
0.0005839820116
0.0005829157609
0.000581943145
0.0005809600975
0.0005798804057
0.0005788092923
0.0005777452283
0.0005767269835
0.0005757035577
0.0005746660324
0.0005735714562
0.0005723941146
0.0005711861857
0.0005699695102
0.0005687726831
0.0005676233393
0.0005664844603
0.0005652996145
0.0005641111966
0.000562899391
0.000561712888
0.0005604392703
0.0005591478137
0.0005578571283
0.0005566533592
0.000555445111
0.0005541586385
0.000552872439
0.000551602026
0.0005503822259
0.0005492161902
0.000548081526
0.0005469730994
0.0005458051804
0.000544499641
0.0005432081211
0.0005418559072
0.0005406015546
0.0005393489944
0.000538172986
0.0005369703
0.0005357788484
0.0005346782176
0.0005335446923
0.0005323749139
0.0005312029972
0.0005300729682
0.0005289221632
0.0005277881228
0.0005266703754
0.0005255469792
0.0005244314283
0.0005233076387
0.0005221353523
0.0005210070109
0.0005198695242
0.0005186976215
0.0005174796375
0.0005162853494
0.000515156939
0.0005139995671
0.0005128338972
0.0005116950859
0.0005105766391
0.0005095198624
0.0005085226581
0.0005074986696
0.0005065213817
0.0005055165923
0.0005044367696
0.0005033718521
0.0005023645146
0.0005013644054
0.0005003953167
0.0004994368843
0.0004984670685
0.0004976250001
0.000496777514
0.0004959683146
0.000495147429
0.000494347407
0.0004935279777
0.0004927018718
0.0004919378341
0.0004911131679
0.0004902435795
0.0004893524143
0.0004885355779
0.0004877504545
0.0004870221343
0.0004862873919
0.0004855246577
0.0004847895502
0.0004840073683
0.000483238366
0.0004824192584
0.0004815388262
0.000480633948
0.0004796618166
0.0004786913198
0.0004776854448
0.0004767621878
0.0004757951517
0.0004748357031
0.0004738606964
0.0004728698034
0.0004719181725
0.000470917714
0.0004698746198
0.000468827674
0.0004677746942
0.0004667074491
0.000465661011
0.0004646043454
0.0004635529431
0.0004624853796
0.0004613851599
0.0004603141186
0.0004591189281
0.000458017113
0.0004568723703
0.0004556646611
0.0004543780852
0.0004530715048
0.0004518136785
0.0004505224755
0.000449228032
0.0004478788664
0.0004466031146
0.0004453367929
0.0004441804274
0.0004429623273
0.0004417962391
0.000440632864
0.0004394539954
0.0004382321196
0.0004369802125
0.0004356730938
0.0004343807372
0.0004331554452
0.0004320391334
0.0004309660723
0.0004298790248
0.0004287361524
0.0004276566356
0.0004265726304
0.0004255201855
0.0004244602295
0.000423369575
0.0004221720787
0.0004208821008
0.0004195821258
0.000418329304
0.0004171276057
0.000415921928
0.0004147137642
0.0004135194779
0.0004123518282
0.0004111332111
0.0004098910851
0.0004086236807
0.0004074027953
0.000406191076
0.0004050263073
0.0004039008641
0.0004028038365
0.0004017295366
0.0004007027233
0.0003996325029
0.0003985430542
0.0003974193082
0.0003963482298
0.0003951815123
0.0003940785446
0.0003928832909
0.0003916325649
0.000390462048
0.0003893618621
0.0003882386892
0.0003869854988
0.0003856380742
0.0003843241658
0.000383081428
0.0003817842815
0.0003804266151
0.0003790742067
0.0003777348806
0.0003762819568
0.0003748598738
0.0003734779699
0.0003721384962
0.0003707860042
0.0003693976964
0.0003678754794
0.0003663617722
0.000364810163
0.0003631406957
0.0003614194841
0.0003597669343
0.0003581085322
0.0003564349869
0.0003547363151
0.0003529937889
0.0003513152623
0.000349701346
0.000348132002
0.0003465328544
0.0003448731783
0.0003431348483
0.000341401162
0.0003397199187
0.0003380376658
0.0003363093485
0.0003346191152
0.0003329108394
0.0003312762014
0.0003297980972
0.0003283046715
0.0003266867306
0.0003250166917
0.000323260183
0.0003214519065
0.0003197369637
0.0003181150264
0.0003165413895
0.0003149096437
0.0003133149702
0.0003117493713
0.0003101829811
0.0003085655971
0.000306913318
0.0003052858083
0.0003036968543
0.0003021619862
0.000300672036
0.0002992085825
0.0002977220799
0.000296289734
0.0002948455761
0.0002933243925
0.0002917939156
0.0002903205532
0.0002889173692
0.0002875095442
0.0002860793359
0.0002847443168
0.0002834198426
0.000282076314
0.0002806825548
0.0002793192018
0.0002779340785
0.0002765593812
0.000275184974
0.0002738123314
0.0002725700081
0.0002714063338
0.0002702035374
0.0002689324248
0.000267700645
0.0002663995845
0.0002651660096
0.0002639601106
0.000262801778
0.0002616373067
0.0002604120439
0.0002591103773
0.0002577847264
0.0002565308689
0.0002552672947
0.0002539185164
0.0002526262475
0.0002513413349
0.0002500376106
0.0002487575116
0.000247592775
0.0002464200116
0.0002452548139
0.0002440256612
0.0002427977374
0.000241652605
0.0002405583993
0.0002394846006
0.0002384263457
0.0002374070898
0.000236384884
0.0002353446123
0.0002342626742
0.000233102582
0.000232014599
0.0002309749269
0.0002299341348
0.0002288779283
0.0002277498377
0.0002266052567
0.0002254680337
0.0002243998575
0.0002233303827
0.000222354334
0.0002214205288
0.0002204115645
0.0002194201693
0.0002185794111
0.0002177461463
0.0002169213066
0.0002160817024
0.000215214189
0.0002143733381
0.0002135950864
0.0002128302711
0.000212132047
0.00021147092
0.0002108640881
0.0002103476887
0.0002098300145
0.0002093516319
0.0002088919792
0.0002083945389
0.0002079191799
0.0002073568507
0.0002067952088
0.0002062717728
0.0002057592641
0.0002052097094
0.0002046670618
0.0002041127394
0.000203553842
0.0002030228075
0.0002025250109
0.0002020607166
0.0002015536686
0.0002011172295
0.000200772188
0.0002004562859
0.0002001989012
0.0001998595993
0.0001995418808
0.0001992173076
0.0001988721239
0.0001985928676
0.0001982402076
0.0001979405832
0.0001976046559
0.0001973386178
0.0001971134484
0.000196905681
0.0001967270696
0.0001965981288
0.0001964727424
0.0001963603493
0.0001962786253
0.0001961637887
0.0001960345198
0.0001959285982
0.0001958397839
0.0001956866093
0.000195458382
0.0001951653683
0.0001948964308
0.0001946298404
0.0001942928052
0.0001939142944
0.0001934636136
0.0001929884338
0.0001925661334
0.0001921862846
0.0001918003796
0.0001913915035
0.0001909651365
0.0001905187517
0.0001900232392
0.0001895738725
0.0001892060161
0.0001887889434
0.0001883326831
0.0001878755698
0.0001874430174
0.0001869649663
0.0001865289982
0.0001861815864
0.0001858218248
0.0001854067882
0.0001850275159
0.0001846165835
0.000184182752
0.0001837792959
0.0001834461098
0.0001831399954
0.0001827661999
0.000182334452
0.0001819016209
0.0001815205332
0.0001811394936
0.0001807292342
0.0001802217922
0.000179677993
0.0001790987242
0.0001785782968
0.0001780569949
0.0001775599817
0.0001770621814
0.0001766247315
0.0001762537954
0.0001759606889
0.0001756530989
0.0001753746635
0.0001749894628
0.0001746623855
0.0001743645361
0.0001740797291
0.000173767059
0.0001734089838
0.0001730558891
0.0001727675356
0.0001724632958
0.0001721721655
0.0001718926202
0.0001715547818
0.0001712013325
0.0001708610355
0.0001705297133
0.0001701848553
0.0001698325809
0.0001695042898
0.0001691858962
0.0001689081767
0.00016859752
0.000168255516
0.0001679544545
0.0001676814108
0.0001673844733
0.0001670914302
0.0001667601975
0.000166502882
0.0001662970836
0.0001661390593
0.0001659692588
0.0001658506502
0.0001656881751
0.0001655879193
0.0001656046099
0.000165571494
0.0001655299289
0.0001655351728
)
;

boundaryField
{
    sides
    {
        type            zeroGradient;
    }
    empty1
    {
        type            empty;
    }
    empty2
    {
        type            empty;
    }
}


// ************************************************************************* //
