/*--------------------------------*- C++ -*----------------------------------*\
| =========                 |                                                 |
| \\      /  F ield         | OpenFOAM: The Open Source CFD Toolbox           |
|  \\    /   O peration     | Version:  2012                                  |
|   \\  /    A nd           | Website:  www.openfoam.com                      |
|    \\/     M anipulation  |                                                 |
\*---------------------------------------------------------------------------*/
FoamFile
{
    version     2.0;
    format      ascii;
    class       volScalarField;
    location    "0.00019";
    object      rho;
}
// * * * * * * * * * * * * * * * * * * * * * * * * * * * * * * * * * * * * * //

dimensions      [1 -3 0 0 0 0 0];


internalField   nonuniform List<scalar> 
5000
(
1037.680088
1037.680088
1037.680088
1037.680088
1037.680088
1037.680088
1037.680088
1037.680088
1037.680088
1037.680088
1037.680088
1037.680088
1037.680088
1037.680088
1037.680088
1037.680088
1037.680088
1037.680088
1037.680088
1037.680088
1037.680088
1037.680088
1037.680088
1037.680088
1037.680088
1037.680088
1037.680088
1037.680088
1037.680088
1037.680088
1037.680088
1037.680088
1037.680088
1037.680088
1037.680088
1037.680088
1037.680088
1037.680088
1037.680088
1037.680088
1037.680088
1037.680088
1037.680088
1037.680088
1037.680088
1037.680088
1037.680088
1037.680088
1037.680088
1037.680088
1037.680088
1037.680088
1037.680088
1037.680088
1037.680088
1037.680088
1037.680088
1037.680088
1037.680088
1037.680088
1037.680088
1037.680088
1037.680088
1037.680088
1037.680088
1037.680088
1037.680088
1037.680088
1037.680088
1037.680088
1037.680088
1037.680088
1037.680088
1037.680088
1037.680088
1037.680088
1037.680088
1037.680088
1037.680088
1037.680088
1037.680088
1037.680088
1037.680088
1037.680088
1037.680088
1037.680088
1037.680088
1037.680088
1037.680088
1037.680088
1037.680088
1037.680088
1037.680088
1037.680088
1037.680088
1037.680088
1037.680088
1037.680088
1037.680088
1037.680088
1037.680088
1037.680088
1037.680088
1037.680088
1037.680088
1037.680088
1037.680088
1037.680088
1037.680088
1037.680088
1037.680088
1037.680088
1037.680088
1037.680088
1037.680088
1037.680088
1037.680088
1037.680088
1037.680088
1037.680088
1037.680088
1037.680088
1037.680088
1037.680088
1037.680088
1037.680088
1037.680088
1037.680088
1037.680088
1037.680088
1037.680088
1037.680088
1037.680088
1037.680088
1037.680088
1037.680088
1037.680088
1037.680088
1037.680088
1037.680088
1037.680088
1037.680088
1037.680088
1037.680088
1037.680088
1037.680088
1037.680088
1037.680088
1037.680088
1037.680088
1037.680088
1037.680088
1037.680088
1037.680088
1037.680088
1037.680088
1037.680088
1037.680088
1037.680088
1037.680088
1037.680088
1037.680088
1037.680088
1037.680088
1037.680088
1037.680088
1037.680088
1037.680088
1037.680088
1037.680088
1037.680088
1037.680088
1037.680088
1037.680088
1037.680088
1037.680088
1037.680088
1037.680088
1037.680088
1037.680088
1037.680088
1037.680088
1037.680088
1037.680088
1037.680088
1037.680088
1037.680088
1037.680088
1037.680088
1037.680088
1037.680088
1037.680088
1037.680088
1037.680088
1037.680088
1037.680088
1037.680088
1037.680088
1037.680088
1037.680088
1037.680088
1037.680088
1037.680088
1037.680088
1037.680088
1037.680088
1037.680088
1037.680088
1037.680088
1037.680088
1037.680088
1037.680088
1037.680088
1037.680088
1037.680088
1037.680088
1037.680088
1037.680088
1037.680088
1037.680088
1037.680088
1037.680088
1037.680088
1037.680088
1037.680088
1037.680088
1037.680088
1037.680088
1037.680088
1037.680088
1037.680088
1037.680088
1037.680088
1037.680088
1037.680088
1037.680088
1037.680088
1037.680088
1037.680088
1037.680088
1037.680088
1037.680088
1037.680088
1037.680088
1037.680088
1037.680088
1037.680088
1037.680088
1037.680088
1037.680088
1037.680088
1037.680088
1037.680088
1037.680088
1037.680088
1037.680088
1037.680088
1037.680088
1037.680088
1037.680088
1037.680088
1037.680088
1037.680088
1037.680088
1037.680088
1037.680088
1037.680088
1037.680088
1037.680088
1037.680088
1037.680088
1037.680088
1037.680088
1037.680088
1037.680088
1037.680088
1037.680088
1037.680088
1037.680088
1037.680088
1037.680088
1037.680088
1037.680088
1037.680088
1037.680088
1037.680088
1037.680088
1037.680088
1037.680088
1037.680088
1037.680088
1037.680088
1037.680088
1037.680088
1037.680088
1037.680088
1037.680088
1037.680088
1037.680088
1037.680088
1037.680088
1037.680088
1037.680088
1037.680088
1037.680088
1037.680088
1037.680088
1037.680088
1037.680088
1037.680088
1037.680088
1037.680088
1037.680088
1037.680088
1037.680088
1037.680088
1037.680088
1037.680088
1037.680088
1037.680088
1037.680088
1037.680088
1037.680088
1037.680088
1037.680088
1037.680088
1037.680088
1037.680088
1037.680088
1037.680088
1037.680088
1037.680088
1037.680088
1037.680088
1037.680088
1037.680088
1037.680088
1037.680088
1037.680088
1037.680088
1037.680088
1037.680088
1037.680088
1037.680088
1037.680088
1037.680088
1037.680088
1037.680088
1037.680088
1037.680088
1037.680088
1037.680088
1037.680088
1037.680088
1037.680088
1037.680088
1037.680088
1037.680088
1037.680088
1037.680088
1037.680088
1037.680088
1037.680088
1037.680088
1037.680088
1037.680088
1037.680088
1037.680088
1037.680088
1037.680088
1037.680088
1037.680088
1037.680088
1037.680088
1037.680088
1037.680088
1037.680088
1037.680088
1037.680088
1037.680088
1037.680088
1037.680088
1037.680088
1037.680088
1037.680088
1037.680088
1037.680088
1037.680088
1037.680088
1037.680088
1037.680088
1037.680088
1037.680088
1037.680088
1037.680088
1037.680088
1037.680088
1037.680088
1037.680088
1037.680088
1037.680088
1037.680088
1037.680088
1037.680088
1037.680088
1037.680088
1037.680088
1037.680088
1037.680088
1037.680088
1037.680088
1037.680088
1037.680088
1037.680088
1037.680088
1037.680088
1037.680088
1037.680088
1037.680088
1037.680088
1037.680088
1037.680088
1037.680088
1037.680088
1037.680088
1037.680088
1037.680088
1037.680088
1037.680088
1037.680088
1037.680088
1037.680088
1037.680088
1037.680088
1037.680088
1037.680088
1037.680088
1037.680088
1037.680088
1037.680088
1037.680088
1037.680088
1037.680088
1037.680088
1037.680088
1037.680088
1037.680088
1037.680088
1037.680088
1037.680088
1037.680088
1037.680088
1037.680088
1037.680088
1037.680088
1037.680088
1037.680088
1037.680088
1037.680088
1037.680088
1037.680088
1037.680088
1037.680088
1037.680088
1037.680088
1037.680088
1037.680088
1037.680088
1037.680088
1037.680088
1037.680088
1037.680088
1037.680088
1037.680088
1037.680088
1037.680088
1037.680088
1037.680088
1037.680088
1037.680088
1037.680088
1037.680088
1037.680088
1037.680088
1037.680088
1037.680088
1037.680088
1037.680088
1037.680088
1037.680088
1037.680088
1037.680088
1037.680088
1037.680088
1037.680088
1037.680088
1037.680088
1037.680088
1037.680088
1037.680088
1037.680088
1037.680088
1037.680088
1037.680088
1037.680088
1037.680088
1037.680088
1037.680088
1037.680088
1037.680088
1037.680088
1037.680088
1037.680088
1037.680088
1037.680088
1037.680088
1037.680088
1037.680088
1037.680088
1037.680088
1037.680088
1037.680088
1037.680088
1037.680088
1037.680088
1037.680088
1037.680088
1037.680088
1037.680088
1037.680088
1037.680088
1037.680088
1037.680088
1037.680088
1037.680088
1037.680088
1037.680088
1037.680088
1037.680088
1037.680088
1037.680088
1037.680088
1037.680088
1037.680088
1037.680088
1037.680088
1037.680088
1037.680088
1037.680088
1037.680088
1037.680088
1037.680088
1037.680088
1037.680088
1037.680088
1037.680088
1037.680088
1037.680088
1037.680088
1037.680088
1037.680088
1037.680088
1037.680088
1037.680088
1037.680088
1037.680088
1037.680088
1037.680088
1037.680088
1037.680088
1037.680088
1037.680088
1037.680088
1037.680088
1037.680088
1037.680088
1037.680088
1037.680088
1037.680088
1037.680088
1037.680088
1037.680088
1037.680088
1037.680088
1037.680088
1037.680088
1037.680088
1037.680088
1037.680088
1037.680088
1037.680088
1037.680088
1037.680088
1037.680088
1037.680088
1037.680088
1037.680088
1037.680088
1037.680088
1037.680088
1037.680088
1037.680088
1037.680088
1037.680088
1037.680088
1037.680088
1037.680088
1037.680088
1037.680088
1037.680088
1037.680088
1037.680088
1037.680088
1037.680088
1037.680088
1037.680088
1037.680088
1037.680088
1037.680088
1037.680088
1037.680088
1037.680088
1037.680088
1037.680088
1037.680088
1037.680088
1037.680088
1037.680088
1037.680088
1037.680088
1037.680088
1037.680088
1037.680088
1037.680088
1037.680088
1037.680088
1037.680088
1037.680088
1037.680088
1037.680088
1037.680088
1037.680088
1037.680088
1037.680088
1037.680088
1037.680088
1037.680088
1037.680088
1037.680088
1037.680088
1037.680088
1037.680088
1037.680088
1037.680088
1037.680088
1037.680088
1037.680088
1037.680088
1037.680088
1037.680088
1037.680088
1037.680088
1037.680088
1037.680088
1037.680088
1037.680088
1037.680088
1037.680088
1037.680088
1037.680088
1037.680088
1037.680088
1037.680088
1037.680088
1037.680088
1037.680088
1037.680088
1037.680088
1037.680088
1037.680088
1037.680088
1037.680088
1037.680088
1037.680088
1037.680088
1037.680088
1037.680088
1037.680088
1037.680088
1037.680088
1037.680088
1037.680088
1037.680088
1037.680088
1037.680088
1037.680088
1037.680088
1037.680088
1037.680088
1037.680088
1037.680088
1037.680088
1037.680088
1037.680088
1037.680088
1037.680088
1037.680088
1037.680088
1037.680088
1037.680088
1037.680088
1037.680088
1037.680088
1037.680088
1037.680088
1037.680088
1037.680088
1037.680088
1037.680088
1037.680088
1037.680088
1037.680088
1037.680088
1037.680088
1037.680088
1037.680088
1037.680088
1037.680088
1037.680088
1037.680088
1037.680088
1037.680088
1037.680088
1037.680088
1037.680088
1037.680088
1037.680088
1037.680088
1037.680088
1037.680088
1037.680088
1037.680088
1037.680088
1037.680088
1037.680088
1037.680088
1037.680088
1037.680088
1037.680088
1037.680088
1037.680088
1037.680088
1037.680088
1037.680088
1037.680088
1037.680088
1037.680088
1037.680088
1037.680088
1037.680088
1037.680088
1037.680088
1037.680088
1037.680088
1037.680088
1037.680088
1037.680088
1037.680088
1037.680088
1037.680088
1037.680088
1037.680088
1037.680088
1037.680088
1037.680088
1037.680088
1037.680088
1037.680088
1037.680088
1037.680088
1037.680088
1037.680088
1037.680088
1037.680088
1037.680088
1037.680088
1037.680088
1037.680088
1037.680088
1037.680088
1037.680088
1037.680088
1037.680088
1037.680088
1037.680088
1037.680088
1037.680088
1037.680088
1037.680088
1037.680088
1037.680088
1037.680088
1037.680088
1037.680088
1037.680088
1037.680088
1037.680088
1037.680088
1037.680088
1037.680088
1037.680088
1037.680088
1037.680088
1037.680088
1037.680088
1037.680088
1037.680088
1037.680088
1037.680088
1037.680088
1037.680088
1037.680088
1037.680088
1037.680088
1037.680088
1037.680088
1037.680088
1037.680088
1037.680088
1037.680088
1037.680088
1037.680088
1037.680088
1037.680088
1037.680088
1037.680088
1037.680088
1037.680088
1037.680088
1037.680088
1037.680088
1037.680088
1037.680088
1037.680088
1037.680088
1037.680088
1037.680088
1037.680088
1037.680088
1037.680088
1037.680088
1037.680088
1037.680088
1037.680088
1037.680088
1037.680088
1037.680088
1037.680088
1037.680088
1037.680088
1037.680088
1037.680088
1037.680088
1037.680088
1037.680088
1037.680088
1037.680088
1037.680088
1037.680088
1037.680088
1037.680088
1037.680088
1037.680088
1037.680088
1037.680088
1037.680088
1037.680088
1037.680088
1037.680088
1037.680088
1037.680088
1037.680088
1037.680088
1037.680088
1037.680088
1037.680088
1037.680088
1037.680088
1037.680088
1037.680088
1037.680088
1037.680088
1037.680088
1037.680088
1037.680088
1037.680088
1037.680088
1037.680088
1037.680088
1037.680088
1037.680088
1037.680088
1037.680088
1037.680088
1037.680088
1037.680088
1037.680088
1037.680088
1037.680088
1037.680088
1037.680088
1037.680088
1037.680088
1037.680088
1037.680088
1037.680088
1037.680088
1037.680088
1037.680088
1037.680088
1037.680088
1037.680088
1037.680088
1037.680088
1037.680088
1037.680088
1037.680088
1037.680088
1037.680088
1037.680088
1037.680088
1037.680088
1037.680088
1037.680088
1037.680088
1037.680088
1037.680088
1037.680088
1037.680088
1037.680088
1037.680088
1037.680088
1037.680088
1037.680088
1037.680088
1037.680088
1037.680088
1037.680088
1037.680088
1037.680088
1037.680088
1037.680088
1037.680088
1037.680088
1037.680088
1037.680088
1037.680088
1037.680088
1037.680088
1037.680088
1037.680088
1037.680088
1037.680088
1037.680088
1037.680088
1037.680088
1037.680088
1037.680088
1037.680088
1037.680088
1037.680088
1037.680088
1037.680088
1037.680088
1037.680088
1037.680088
1037.680088
1037.680088
1037.680088
1037.680088
1037.680088
1037.680088
1037.680088
1037.680088
1037.680088
1037.680088
1037.680088
1037.680088
1037.680088
1037.680088
1037.680088
1037.680088
1037.680088
1037.680088
1037.680088
1037.680088
1037.680088
1037.680088
1037.680088
1037.680088
1037.680088
1037.680088
1037.680088
1037.680088
1037.680088
1037.680088
1037.680088
1037.680088
1037.680088
1037.680088
1037.680088
1037.680088
1037.680088
1037.680088
1037.680088
1037.680088
1037.680088
1037.680088
1037.680088
1037.680088
1037.680088
1037.680088
1037.680088
1037.680088
1037.680088
1037.680088
1037.680088
1037.680088
1037.680088
1037.680088
1037.680088
1037.680088
1037.680088
1037.680088
1037.680088
1037.680088
1037.680088
1037.680088
1037.680088
1037.680088
1037.680088
1037.680088
1037.680088
1037.680088
1037.680088
1037.680088
1037.680088
1037.680088
1037.680088
1037.680088
1037.680088
1037.680088
1037.680088
1037.680088
1037.680088
1037.680088
1037.680088
1037.680088
1037.680088
1037.680088
1037.680088
1037.680088
1037.680088
1037.680088
1037.680088
1037.680088
1037.680088
1037.680088
1037.680088
1037.680088
1037.680088
1037.680088
1037.680088
1037.680088
1037.680088
1037.680088
1037.680088
1037.680088
1037.680088
1037.680088
1037.680088
1037.680088
1037.680088
1037.680088
1037.680088
1037.680088
1037.680088
1037.680088
1037.680088
1037.680088
1037.680088
1037.680088
1037.680088
1037.680088
1037.680088
1037.680088
1037.680088
1037.680088
1037.680088
1037.680088
1037.680088
1037.680088
1037.680088
1037.680088
1037.680088
1037.680088
1037.680088
1037.680088
1037.680088
1037.680088
1037.680088
1037.680088
1037.680088
1037.680088
1037.680088
1037.680088
1037.680088
1037.680088
1037.680088
1037.680088
1037.680088
1037.680088
1037.680088
1037.680088
1037.680088
1037.680088
1037.680088
1037.680088
1037.680088
1037.680088
1037.680088
1037.680088
1037.680088
1037.680088
1037.680088
1037.680088
1037.680088
1037.680088
1037.680088
1037.680088
1037.680088
1037.680088
1037.680088
1037.680088
1037.680088
1037.680088
1037.680088
1037.680088
1037.680088
1037.680088
1037.680088
1037.680088
1037.680088
1037.680088
1037.680088
1037.680088
1037.680088
1037.680088
1037.680088
1037.680088
1037.680088
1037.680088
1037.680088
1037.680088
1037.680088
1037.680088
1037.680088
1037.680088
1037.680088
1037.680088
1037.680088
1037.680088
1037.680088
1037.680088
1037.680088
1037.680088
1037.680088
1037.680088
1037.680088
1037.680088
1037.680088
1037.680088
1037.680088
1037.680088
1037.680088
1037.680088
1037.680088
1037.680088
1037.680088
1037.680088
1037.680088
1037.680088
1037.680088
1037.680088
1037.680088
1037.680088
1037.680088
1037.680088
1037.680088
1037.680088
1037.680088
1037.680088
1037.680088
1037.680088
1037.680088
1037.680088
1037.680088
1037.680088
1037.680088
1037.680088
1037.680088
1037.680088
1037.680088
1037.680088
1037.680088
1037.680088
1037.680088
1037.680088
1037.680088
1037.680088
1037.680088
1037.680088
1037.680088
1037.680088
1037.680088
1037.680088
1037.680088
1037.680088
1037.680088
1037.680088
1037.680088
1037.680088
1037.680088
1037.680088
1037.680088
1037.680088
1037.680088
1037.680088
1037.680088
1037.680088
1037.680088
1037.680088
1037.680088
1037.680088
1037.680088
1037.680088
1037.680088
1037.680088
1037.680088
1037.680088
1037.680088
1037.680088
1037.680088
1037.680088
1037.680088
1037.680088
1037.680088
1037.680088
1037.680088
1037.680088
1037.680088
1037.680088
1037.680088
1037.680088
1037.680088
1037.680088
1037.680088
1037.680088
1037.680088
1037.680088
1037.680088
1037.680088
1037.680088
1037.680088
1037.680088
1037.680088
1037.680088
1037.680088
1037.680088
1037.680088
1037.680088
1037.680088
1037.680088
1037.680088
1037.680088
1037.680088
1037.680088
1037.680088
1037.680088
1037.680088
1037.680088
1037.680088
1037.680088
1037.680088
1037.680088
1037.680088
1037.680088
1037.680088
1037.680088
1037.680088
1037.680088
1037.680088
1037.680088
1037.680088
1037.680088
1037.680088
1037.680088
1037.680088
1037.680088
1037.680088
1037.680088
1037.680088
1037.680088
1037.680088
1037.680088
1037.680088
1037.680088
1037.680088
1037.680088
1037.680088
1037.680088
1037.680088
1037.680088
1037.680088
1037.680088
1037.680088
1037.680088
1037.680088
1037.680088
1037.680088
1037.680088
1037.680088
1037.680088
1037.680088
1037.680088
1037.680088
1037.680088
1037.680088
1037.680088
1037.680088
1037.680088
1037.680088
1037.680088
1037.680088
1037.680088
1037.680088
1037.680088
1037.680088
1037.680088
1037.680088
1037.680088
1037.680088
1037.680088
1037.680088
1037.680088
1037.680088
1037.680088
1037.680088
1037.680088
1037.680088
1037.680088
1037.680088
1037.680088
1037.680088
1037.680088
1037.680088
1037.680088
1037.680088
1037.680088
1037.680088
1037.680088
1037.680088
1037.680088
1037.680088
1037.680088
1037.680088
1037.680088
1037.680088
1037.680088
1037.680088
1037.680088
1037.680088
1037.680088
1037.680088
1037.680088
1037.680088
1037.680088
1037.680088
1037.680088
1037.680088
1037.680088
1037.680088
1037.680088
1037.680088
1037.680088
1037.680088
1037.680088
1037.680088
1037.680088
1037.680088
1037.680088
1037.680088
1037.680088
1037.680088
1037.680088
1037.680088
1037.680088
1037.680088
1037.680088
1037.680088
1037.680088
1037.680088
1037.680088
1037.680088
1037.680088
1037.680088
1037.680088
1037.680088
1037.680088
1037.680088
1037.680088
1037.680088
1037.680088
1037.680088
1037.680088
1037.680088
1037.680088
1037.680088
1037.680088
1037.680088
1037.680088
1037.680088
1037.680088
1037.680088
1037.680088
1037.680088
1037.680088
1037.680088
1037.680088
1037.680088
1037.680088
1037.680088
1037.680088
1037.680088
1037.680088
1037.680088
1037.680088
1037.680088
1037.680088
1037.680088
1037.680088
1037.680088
1037.680088
1037.680088
1037.680088
1037.680088
1037.680088
1037.680088
1037.680088
1037.680088
1037.680088
1037.680088
1037.680088
1037.680088
1037.680088
1037.680088
1037.680088
1037.680088
1037.680088
1037.680088
1037.680088
1037.680088
1037.680088
1037.680088
1037.680088
1037.680088
1037.680088
1037.680088
1037.680088
1037.680088
1037.680088
1037.680088
1037.680088
1037.680088
1037.680088
1037.680088
1037.680088
1037.680088
1037.680088
1037.680088
1037.680088
1037.680088
1037.680088
1037.680088
1037.680088
1037.680088
1037.680088
1037.680088
1037.680088
1037.680088
1037.680088
1037.680088
1037.680088
1037.680088
1037.680088
1037.680088
1037.680088
1037.680088
1037.680088
1037.680088
1037.680088
1037.680088
1037.680088
1037.680088
1037.680088
1037.680088
1037.680088
1037.680088
1037.680088
1037.680088
1037.680088
1037.680088
1037.680088
1037.680088
1037.680088
1037.680088
1037.680088
1037.680088
1037.680088
1037.680088
1037.680088
1037.680088
1037.680088
1037.680088
1037.680088
1037.680088
1037.680088
1037.680088
1037.680088
1037.680088
1037.680088
1037.680088
1037.680088
1037.680088
1037.680088
1037.680088
1037.680088
1037.680088
1037.680088
1037.680088
1037.680088
1037.680088
1037.680088
1037.680088
1037.680088
1037.680088
1037.680088
1037.680088
1037.680088
1037.680088
1037.680088
1037.680088
1037.680088
1037.680088
1037.680088
1037.680088
1037.680088
1037.680088
1037.680088
1037.680088
1037.680088
1037.680088
1037.680088
1037.680088
1037.680088
1037.680088
1037.680088
1037.680088
1037.680088
1037.680088
1037.680088
1037.680088
1037.680088
1037.680088
1037.680088
1037.680088
1037.680088
1037.680088
1037.680088
1037.680088
1037.680088
1037.680088
1037.680088
1037.680088
1037.680088
1037.680088
1037.680088
1037.680088
1037.680088
1037.680088
1037.680088
1037.680088
1037.680088
1037.680088
1037.680088
1037.680088
1037.680088
1037.680088
1037.680088
1037.680088
1037.680088
1037.680088
1037.680088
1037.680088
1037.680088
1037.680088
1037.680088
1037.680088
1037.680088
1037.680088
1037.680088
1037.680088
1037.680088
1037.680088
1037.680088
1037.680088
1037.680088
1037.680088
1037.680088
1037.680088
1037.680088
1037.680088
1037.680088
1037.680088
1037.680088
1037.680088
1037.680088
1037.680088
1037.680088
1037.680088
1037.680088
1037.680088
1037.680088
1037.680088
1037.680088
1037.680088
1037.680088
1037.680088
1037.680088
1037.680088
1037.680088
1037.680088
1037.680088
1037.680088
1037.680088
1037.680088
1037.680088
1037.680088
1037.680088
1037.680088
1037.680088
1037.680088
1037.680088
1037.680088
1037.680088
1037.680088
1037.680088
1037.680088
1037.680088
1037.680088
1037.680088
1037.680088
1037.680088
1037.680088
1037.680088
1037.680088
1037.680088
1037.680088
1037.680088
1037.680088
1037.680088
1037.680088
1037.680088
1037.680088
1037.680088
1037.680088
1037.680088
1037.680088
1037.680088
1037.680088
1037.680088
1037.680088
1037.680088
1037.680088
1037.680088
1037.680088
1037.680088
1037.680088
1037.680088
1037.680088
1037.680088
1037.680088
1037.680088
1037.680088
1037.680088
1037.680088
1037.680088
1037.680088
1037.680088
1037.680088
1037.680088
1037.680088
1037.680088
1037.680088
1037.680088
1037.680088
1037.680088
1037.680088
1037.680088
1037.680088
1037.680088
1037.680088
1037.680088
1037.680088
1037.680088
1037.680088
1037.680088
1037.680088
1037.680088
1037.680088
1037.680088
1037.680088
1037.680088
1037.680088
1037.680088
1037.680088
1037.680088
1037.680088
1037.680088
1037.680088
1037.680088
1037.680088
1037.680088
1037.680088
1037.680088
1037.680088
1037.680088
1037.680088
1037.680088
1037.680088
1037.680088
1037.680088
1037.680088
1037.680088
1037.680088
1037.680088
1037.680088
1037.680088
1037.680088
1037.680088
1037.680088
1037.680088
1037.680088
1037.680088
1037.680088
1037.680088
1037.680088
1037.680088
1037.680088
1037.680088
1037.680088
1037.680088
1037.680088
1037.680088
1037.680088
1037.680088
1037.680088
1037.680088
1037.680088
1037.680088
1037.680088
1037.680088
1037.680088
1037.680088
1037.680088
1037.680088
1037.680088
1037.680088
1037.680088
1037.680088
1037.680088
1037.680088
1037.680088
1037.680088
1037.680088
1037.680088
1037.680088
1037.680088
1037.680088
1037.680088
1037.680088
1037.680088
1037.680088
1037.680088
1037.680088
1037.680088
1037.680088
1037.680088
1037.680088
1037.680088
1037.680088
1037.680088
1037.680088
1037.680088
1037.680088
1037.680088
1037.680088
1037.680088
1037.680088
1037.680088
1037.680088
1037.680088
1037.680088
1037.680088
1037.680088
1037.680088
1037.680088
1037.680088
1037.680088
1037.680088
1037.680088
1037.680088
1037.680088
1037.680088
1037.680088
1037.680088
1037.680088
1037.680088
1037.680088
1037.680088
1037.680088
1037.680088
1037.680088
1037.680088
1037.680088
1037.680088
1037.680088
1037.680088
1037.680088
1037.680088
1037.680088
1037.680088
1037.680088
1037.680088
1037.680088
1037.680088
1037.680088
1037.680088
1037.680088
1037.680088
1037.680088
1037.680088
1037.680088
1037.680088
1037.680088
1037.680088
1037.680088
1037.680088
1037.680088
1037.680088
1037.680088
1037.680088
1037.680088
1037.680088
1037.680088
1037.680088
1037.680088
1037.680088
1037.680088
1037.680088
1037.680088
1037.680088
1037.680088
1037.680088
1037.680088
1037.680088
1037.680088
1037.680088
1037.680088
1037.680088
1037.680088
1037.680088
1037.680088
1037.680088
1037.680088
1037.680088
1037.680088
1037.680088
1037.680088
1037.680088
1037.680088
1037.680088
1037.680088
1037.680088
1037.680088
1037.680088
1037.680088
1037.680088
1037.680088
1037.680088
1037.680088
1037.680088
1037.680088
1037.680088
1037.680088
1037.680088
1037.680088
1037.680088
1037.680088
1037.680088
1037.680088
1037.680088
1037.680088
1037.680088
1037.680088
1037.680088
1037.680088
1037.680088
1037.680088
1037.680088
1037.680088
1037.680088
1037.680088
1037.680088
1037.680088
1037.680088
1037.680088
1037.680088
1037.680088
1037.680088
1037.680088
1037.680088
1037.680088
1037.680088
1037.680088
1037.680088
1037.680088
1037.680088
1037.680088
1037.680088
1037.680088
1037.680088
1037.680088
1037.680088
1037.680088
1037.680088
1037.680088
1037.680088
1037.680088
1037.680088
1037.680088
1037.680088
1037.680088
1037.680088
1037.680088
1037.680088
1037.680088
1037.680088
1037.680088
1037.680088
1037.680088
1037.680088
1037.680088
1037.680088
1037.680088
1037.680088
1037.680088
1037.680088
1037.680088
1037.680088
1037.680088
1037.680088
1037.680088
1037.680088
1037.680088
1037.680088
1037.680088
1037.680088
1037.680088
1037.680088
1037.680088
1037.680088
1037.680088
1037.680088
1037.680088
1037.680088
1037.680088
1037.680088
1037.680088
1037.680088
1037.680088
1037.680088
1037.680088
1037.680088
1037.680088
1037.680088
1037.680088
1037.680088
1037.680088
1037.680088
1037.680088
1037.680088
1037.680088
1037.680088
1037.680088
1037.680088
1037.680088
1037.680088
1037.680088
1037.680088
1037.680088
1037.680088
1037.680088
1037.680088
1037.680088
1037.680088
1037.680088
1037.680088
1037.680088
1037.680088
1037.680088
1037.680088
1037.680088
1037.680088
1037.680088
1037.680088
1037.680088
1037.680088
1037.680088
1037.680088
1037.680088
1037.680088
1037.680088
1037.680088
1037.680088
1037.680088
1037.680088
1037.680088
1037.680088
1037.680088
1037.680088
1037.680088
1037.680088
1037.680088
1037.680088
1037.680088
1037.680088
1037.680088
1037.680088
1037.680088
1037.680088
1037.680088
1037.680088
1037.680088
1037.680088
1037.680088
1037.680088
1037.680088
1037.680088
1037.680088
1037.680088
1037.680088
1037.680088
1037.680088
1037.680088
1037.680088
1037.680088
1037.680088
1037.680088
1037.680088
1037.680088
1037.680088
1037.680088
1037.680088
1037.680088
1037.680088
1037.680088
1037.680088
1037.680088
1037.680088
1037.680088
1037.680088
1037.680088
1037.680088
1037.680088
1037.680088
1037.680088
1037.680088
1037.680088
1037.680088
1037.680088
1037.680088
1037.680088
1037.680088
1037.680088
1037.680088
1037.680088
1037.680088
1037.680088
1037.680088
1037.680088
1037.680088
1037.680088
1037.680088
1037.680088
1037.680088
1037.680088
1037.680088
1037.680088
1037.680088
1037.680088
1037.680088
1037.680088
1037.680088
1037.680088
1037.680088
1037.680088
1037.680088
1037.680088
1037.680088
1037.680088
1037.680088
1037.680088
1037.680088
1037.680088
1037.680088
1037.680088
1037.680088
1037.680088
1037.680088
1037.680088
1037.680088
1037.680088
1037.680088
1037.680088
1037.680088
1037.680088
1037.680088
1037.680088
1037.680088
1037.680088
1037.680088
1037.680088
1037.680088
1037.680088
1037.680088
1037.680088
1037.680088
1037.680088
1037.680088
1037.680088
1037.680088
1037.680088
1037.680088
1037.680088
1037.680088
1037.680088
1037.680088
1037.680088
1037.680088
1037.680088
1037.680088
1037.680088
1037.680088
1037.680088
1037.680088
1037.680088
1037.680088
1037.680088
1037.680088
1037.680088
1037.680088
1037.680088
1037.680088
1037.680088
1037.680088
1037.680088
1037.680088
1037.680088
1037.680088
1037.680088
1037.680088
1037.680088
1037.680088
1037.680088
1037.680088
1037.680088
1037.680088
1037.680088
1037.680088
1037.680088
1037.680088
1037.680088
1037.680088
1037.680088
1037.680088
1037.680088
1037.680088
1037.680088
1037.680088
1037.680088
1037.680088
1037.680088
1037.680088
1037.680088
1037.680088
1037.680088
1037.680088
1037.680088
1037.680088
1037.680088
1037.680088
1037.680088
1037.680088
1037.680088
1037.680088
1037.680088
1037.680088
1037.680088
1037.680088
1037.680088
1037.680088
1037.680088
1037.680088
1037.680088
1037.680088
1037.680088
1037.680088
1037.680088
1037.680088
1037.680088
1037.680088
1037.680088
1037.680088
1037.680088
1037.680088
1037.680088
1037.680088
1037.680088
1037.680088
1037.680088
1037.680088
1037.680088
1037.680088
1037.680088
1037.680088
1037.680088
1037.680088
1037.680088
1037.680088
1037.680088
1037.680088
1037.680088
1037.680088
1037.680088
1037.680088
1037.680088
1037.680088
1037.680088
1037.680088
1037.680088
1037.680088
1037.680088
1037.680088
1037.680088
1037.680088
1037.680088
1037.680088
1037.680088
1037.680088
1037.680088
1037.680088
1037.680088
1037.680088
1037.680088
1037.680088
1037.680088
1037.680088
1037.680088
1037.680088
1037.680088
1037.680088
1037.680088
1037.680088
1037.680088
1037.680088
1037.680087
1037.680087
1037.680087
1037.680087
1037.680087
1037.680086
1037.680085
1037.680084
1037.680083
1037.680081
1037.680079
1037.680075
1037.68007
1037.680064
1037.680055
1037.680043
1037.680026
1037.680004
1037.679974
1037.679934
1037.679879
1037.679809
1037.679713
1037.679591
1037.679423
1037.679214
1037.678922
1037.678571
1037.678075
1037.677486
1037.676663
1037.675699
1037.674382
1037.67282
1037.670736
1037.668267
1037.665029
1037.661233
1037.656347
1037.650681
1037.6435
1037.635268
1037.624996
1037.613375
1037.599091
1037.583138
1037.563812
1037.542502
1037.517079
1037.489376
1037.456849
1037.421809
1037.381327
1037.338206
1037.289205
1037.237598
1037.179957
1037.119927
1037.054035
1036.986178
1036.912939
1036.838511
1036.758835
1036.679715
1036.594299
1036.512674
1036.42078
1036.340554
1036.256888
1036.185692
1036.111017
1036.044594
1035.97786
1035.918245
1035.859705
1035.807055
1035.755936
1035.710066
1035.666127
1035.627467
1035.5914
1035.560674
1035.53269
1035.509567
1035.488694
1035.471718
1035.456269
1035.443682
1035.432118
1035.42267
1035.414087
1035.407198
1035.401211
1035.396628
1035.392909
1035.390265
1035.388267
1035.386944
1035.385967
1035.385288
1035.384748
1035.384281
1035.383822
1035.383313
1035.382756
1035.382217
1035.381751
1035.3813
1035.380921
1035.380591
1035.380321
1035.380098
1035.379916
1035.379772
1035.379652
1035.379556
1035.379477
1035.379406
1035.379339
1035.379276
1035.379211
1035.37914
1035.379065
1035.378979
1035.378891
1035.378805
1035.378732
1035.378678
1035.378642
1035.378623
1035.378619
1035.378629
1035.378652
1035.378686
1035.37873
1035.378773
1035.378821
1035.378855
1035.378886
1035.378908
1035.378924
1035.378932
1035.378935
1035.378934
1035.378927
1035.378915
1035.378899
1035.378882
1035.378869
1035.378861
1035.378863
1035.378875
1035.378904
1035.378951
1035.379019
1035.379105
1035.379213
1035.379333
1035.379472
1035.37961
1035.379762
1035.379907
1035.380041
1035.380149
1035.38022
1035.380255
1035.380262
1035.38025
1035.380218
1035.380165
1035.380092
1035.379998
1035.379894
1035.379783
1035.379672
1035.379566
1035.379469
1035.379382
1035.379306
1035.379241
1035.379184
1035.379135
1035.37909
1035.379048
1035.379009
1035.378973
1035.378937
1035.378902
1035.378865
1035.378824
1035.378777
1035.378718
1035.378642
1035.378536
1035.378386
1035.378171
1035.377869
1035.377448
1035.376871
1035.376095
1035.375073
1035.373752
1035.372083
1035.370025
357.6634023
59.60679227
57.12395393
57.09785531
57.0804984
57.06974375
57.06360291
57.06043499
57.05902017
57.05853244
57.05844028
57.05854175
57.05882538
57.05913884
57.0593429
57.05947702
57.05958888
57.05971318
57.05987961
57.06013267
57.06055639
57.06127714
57.06245896
57.06431279
57.06716616
57.07086507
57.07272179
57.07272499
57.0710662
57.06604654
57.05541164
57.03654101
57.00684159
56.96423348
56.90781284
56.83805417
56.75922984
56.69102957
56.63976429
56.60314174
56.57810084
56.56163926
56.55119863
56.54479195
56.54097968
56.53877569
56.53753572
56.5368559
56.53649224
56.53630223
56.53620515
56.53615662
56.53613286
56.53612145
56.53611608
56.5361136
56.53611248
56.53611198
56.53611176
56.53611166
56.53611162
56.5361116
56.5361116
56.5361116
56.53611159
56.53611159
56.53611159
56.53611159
56.53611159
56.53611159
56.53611159
56.53611159
56.53611159
56.53611159
56.53611159
56.53611159
56.53611159
56.53611159
56.53611159
56.53611159
56.53611159
56.53611159
56.53611159
56.53611159
56.53611159
56.53611159
56.53611159
56.53611159
56.53611159
56.53611159
56.53611159
56.53611159
56.53611159
56.53611159
56.53611159
56.53611159
56.53611159
56.53611159
56.53611159
56.53611159
56.53611159
56.53611159
56.53611159
56.53611159
56.53611159
56.53611159
56.53611159
56.53611159
56.53611159
56.53611159
56.53611159
56.53611159
56.53611159
56.53611159
56.53611159
56.53611159
56.53611159
56.53611159
56.53611159
56.53611159
56.53611159
56.53611159
56.53611159
56.53611159
56.53611159
56.53611159
56.53611159
56.53611159
56.53611159
56.53611159
56.53611159
56.53611159
56.53611159
56.53611159
56.53611159
56.53611159
56.53611159
56.53611159
56.53611159
56.53611159
56.53611159
56.53611159
56.53611159
56.53611159
56.53611159
56.53611159
56.53611159
56.53611159
56.53611159
56.53611159
56.53611159
56.53611159
56.53611159
56.53611159
56.53611159
56.53611159
56.53611159
56.53611159
56.53611159
56.53611159
56.53611159
56.53611159
56.53611159
56.53611159
56.53611159
56.53611159
56.53611159
56.53611159
56.53611159
56.53611159
56.53611159
56.53611159
56.53611159
56.53611159
56.53611159
56.53611159
56.53611159
56.53611159
56.53611159
56.53611159
56.53611159
56.53611159
56.53611159
56.53611159
56.53611159
56.53611159
56.53611159
56.53611159
56.53611159
56.53611159
56.53611159
56.53611159
56.53611159
56.53611159
56.53611159
56.53611159
56.53611159
56.53611159
56.53611159
56.53611159
56.53611159
56.53611159
56.53611159
56.53611159
56.53611159
56.53611159
56.53611159
56.53611159
56.53611159
56.53611159
56.53611159
56.53611159
56.53611159
56.53611159
56.53611159
56.53611159
56.53611159
56.53611159
56.53611159
56.53611159
56.53611159
56.53611159
56.53611159
56.53611159
56.53611159
56.53611159
56.53611159
56.53611159
56.53611159
56.53611159
56.53611159
56.53611159
56.53611159
56.53611159
56.53611159
56.53611159
56.53611159
56.53611159
56.53611159
56.53611159
56.53611159
56.53611159
56.53611159
56.53611159
56.53611159
56.53611159
56.53611159
56.53611159
56.53611159
56.53611159
56.53611159
56.53611159
56.53611159
56.53611159
56.53611159
56.53611159
56.53611159
56.53611159
56.53611159
56.53611159
56.53611159
56.53611159
56.53611159
56.53611159
56.53611159
56.53611159
56.53611159
56.53611159
56.53611159
56.53611159
56.53611159
56.53611159
56.53611159
56.53611159
56.53611159
56.53611159
56.53611159
56.53611159
56.53611159
56.53611159
56.53611159
56.53611159
56.53611159
56.53611159
56.53611159
56.53611159
56.53611159
56.53611159
56.53611159
56.53611159
56.53611159
56.53611159
56.53611159
56.53611159
56.53611159
56.53611159
56.53611159
56.53611159
56.53611159
56.53611159
56.53611159
56.53611159
56.53611159
56.53611159
56.53611159
56.53611159
56.53611159
56.53611159
56.53611159
56.53611159
56.53611159
56.53611159
56.53611159
56.53611159
56.53611159
56.53611159
56.53611159
56.53611159
56.53611159
56.53611159
56.53611159
56.53611159
56.53611159
56.53611159
56.53611159
56.53611159
56.53611159
56.53611159
56.53611159
56.53611159
56.53611159
56.53611159
56.53611159
56.53611159
56.53611159
56.53611159
56.53611159
56.53611159
56.53611159
56.53611159
56.53611159
56.53611159
56.53611159
56.53611159
56.53611159
56.53611159
56.53611159
56.53611159
56.53611159
56.53611159
56.53611159
56.53611159
56.53611159
56.53611159
56.53611159
56.53611159
56.53611159
56.53611159
56.53611159
56.53611159
56.53611159
56.53611159
56.53611159
56.53611159
56.53611159
56.53611159
56.53611159
56.53611159
56.53611159
56.53611159
56.53611159
56.53611159
56.53611159
56.53611159
56.53611159
56.53611159
56.53611159
56.53611159
56.53611159
56.53611159
56.53611159
56.53611159
56.53611159
56.53611159
56.53611159
56.53611159
56.53611159
56.53611159
56.53611159
56.53611159
56.53611159
56.53611159
56.53611159
56.53611159
56.53611159
56.53611159
56.53611159
56.53611159
56.53611159
56.53611159
56.53611159
56.53611159
56.53611159
56.53611159
56.53611159
56.53611159
56.53611159
56.53611159
56.53611159
56.53611159
56.53611159
56.53611159
56.53611159
56.53611159
56.53611159
56.53611159
56.53611159
56.53611159
56.53611159
56.53611159
56.53611159
56.53611159
56.53611159
56.53611159
56.53611159
56.53611159
56.53611159
56.53611159
56.53611159
56.53611159
56.53611159
56.53611159
56.53611159
56.53611159
56.53611159
56.53611159
56.53611159
56.53611159
56.53611159
56.53611159
56.53611159
56.53611159
56.53611159
56.53611159
56.53611159
56.53611159
56.53611159
56.53611159
56.53611159
56.53611159
56.53611159
56.53611159
56.53611159
56.53611159
56.53611159
56.53611159
56.53611159
56.53611159
56.53611159
56.53611159
56.53611159
56.53611159
56.53611159
56.53611159
56.53611159
56.53611159
56.53611159
56.53611159
56.53611159
56.53611159
56.53611159
56.53611159
56.53611159
56.53611159
56.53611159
56.53611159
56.53611159
56.53611159
56.53611159
56.53611159
56.53611159
56.53611159
56.53611159
56.53611159
56.53611159
56.53611159
56.53611159
56.53611159
56.53611159
56.53611159
56.53611159
56.53611159
56.53611159
56.53611159
56.53611159
56.53611159
56.53611159
56.53611159
56.53611159
56.53611159
56.53611159
56.53611159
56.53611159
56.53611159
56.53611159
56.53611159
56.53611159
56.53611159
56.53611159
56.53611159
56.53611159
56.53611159
56.53611159
56.53611159
56.53611159
56.53611159
56.53611159
56.53611159
56.53611159
56.53611159
56.53611159
56.53611159
56.53611159
56.53611159
56.53611159
56.53611159
56.53611159
56.53611159
56.53611159
56.53611159
56.53611159
56.53611159
56.53611159
56.53611159
56.53611159
56.53611159
56.53611159
56.53611159
56.53611159
56.53611159
56.53611159
56.53611159
56.53611159
56.53611159
56.53611159
56.53611159
56.53611159
56.53611159
56.53611159
56.53611159
56.53611159
56.53611159
56.53611159
56.53611159
56.53611159
56.53611159
56.53611159
56.53611159
56.53611159
56.53611159
56.53611159
56.53611159
56.53611159
56.53611159
56.53611159
56.53611159
56.53611159
56.53611159
56.53611159
56.53611159
56.53611159
56.53611159
56.53611159
56.53611159
56.53611159
56.53611159
56.53611159
56.53611159
56.53611159
56.53611159
56.53611159
56.53611159
56.53611159
56.53611159
56.53611159
56.53611159
56.53611159
56.53611159
56.53611159
56.53611159
56.53611159
56.53611159
56.53611159
56.53611159
56.53611159
56.53611159
56.53611159
56.53611159
56.53611159
56.53611159
56.53611159
56.53611159
56.53611159
56.53611159
56.53611159
56.53611159
56.53611159
56.53611159
56.53611159
56.53611159
56.53611159
56.53611159
56.53611159
56.53611159
56.53611159
56.53611159
56.53611159
56.53611159
56.53611159
56.53611159
56.53611159
56.53611159
56.53611159
56.53611159
56.53611159
56.53611159
56.53611159
56.53611159
56.53611159
56.53611159
56.53611159
56.53611159
56.53611159
56.53611159
56.53611159
56.53611159
56.53611159
56.53611159
56.53611159
56.53611159
56.53611159
56.53611159
56.53611159
56.53611159
56.53611159
56.53611159
56.53611159
56.53611159
56.53611159
56.53611159
56.53611159
56.53611159
56.53611159
56.53611159
56.53611159
56.53611159
56.53611159
56.53611159
56.53611159
56.53611159
56.53611159
56.53611159
56.53611159
56.53611159
56.53611159
56.53611159
56.53611159
56.53611159
56.53611159
56.53611159
56.53611159
56.53611159
56.53611159
56.53611159
56.53611159
56.53611159
56.53611159
56.53611159
56.53611159
56.53611159
56.53611159
56.53611159
56.53611159
56.53611159
56.53611159
56.53611159
56.53611159
56.53611159
56.53611159
56.53611159
56.53611159
56.53611159
56.53611159
56.53611159
56.53611159
56.53611159
56.53611159
56.53611159
56.53611159
56.53611159
56.53611159
56.53611159
56.53611159
56.53611159
56.53611159
56.53611159
56.53611159
56.53611159
56.53611159
56.53611159
56.53611159
56.53611159
56.53611159
56.53611159
56.53611159
56.53611159
56.53611159
56.53611159
56.53611159
56.53611159
56.53611159
56.53611159
56.53611159
56.53611159
56.53611159
56.53611159
56.53611159
56.53611159
56.53611159
56.53611159
56.53611159
56.53611159
56.53611159
56.53611159
56.53611159
56.53611159
56.53611159
56.53611159
56.53611159
56.53611159
56.53611159
56.53611159
56.53611159
56.53611159
56.53611159
56.53611159
56.53611159
56.53611159
56.53611159
56.53611159
56.53611159
56.53611159
56.53611159
56.53611159
56.53611159
56.53611159
56.53611159
56.53611159
56.53611159
56.53611159
56.53611159
56.53611159
56.53611159
56.53611159
56.53611159
56.53611159
56.53611159
56.53611159
56.53611159
56.53611159
56.53611159
56.53611159
56.53611159
56.53611159
56.53611159
56.53611159
56.53611159
56.53611159
56.53611159
56.53611159
56.53611159
56.53611159
56.53611159
56.53611159
56.53611159
56.53611159
56.53611159
56.53611159
56.53611159
56.53611159
56.53611159
56.53611159
56.53611159
56.53611159
56.53611159
56.53611159
56.53611159
56.53611159
56.53611159
56.53611159
56.53611159
56.53611159
56.53611159
56.53611159
56.53611159
56.53611159
56.53611159
56.53611159
56.53611159
56.53611159
56.53611159
56.53611159
56.53611159
56.53611159
56.53611159
56.53611159
56.53611159
56.53611159
56.53611159
56.53611159
56.53611159
56.53611159
56.53611159
56.53611159
56.53611159
56.53611159
56.53611159
56.53611159
56.53611159
56.53611159
56.53611159
56.53611159
56.53611159
56.53611159
56.53611159
56.53611159
56.53611159
56.53611159
56.53611159
56.53611159
56.53611159
56.53611159
56.53611159
56.53611159
56.53611159
56.53611159
56.53611159
56.53611159
56.53611159
56.53611159
56.53611159
56.53611159
56.53611159
56.53611159
56.53611159
56.53611159
56.53611159
56.53611159
56.53611159
56.53611159
56.53611159
56.53611159
56.53611159
56.53611159
56.53611159
56.53611159
56.53611159
56.53611159
56.53611159
56.53611159
56.53611159
56.53611159
56.53611159
56.53611159
56.53611159
56.53611159
56.53611159
56.53611159
56.53611159
56.53611159
56.53611159
56.53611159
56.53611159
56.53611159
56.53611159
56.53611159
56.53611159
56.53611159
56.53611159
56.53611159
56.53611159
56.53611159
56.53611159
56.53611159
56.53611159
56.53611159
56.53611159
56.53611159
56.53611159
56.53611159
56.53611159
56.53611159
56.53611159
56.53611159
56.53611159
56.53611159
56.53611159
56.53611159
56.53611159
56.53611159
56.53611159
56.53611159
56.53611159
56.53611159
56.53611159
56.53611159
56.53611159
56.53611159
56.53611159
56.53611159
56.53611159
56.53611159
56.53611159
56.53611159
56.53611159
56.53611159
56.53611159
56.53611159
56.53611159
56.53611159
56.53611159
56.53611159
56.53611159
56.53611159
56.53611159
56.53611159
56.53611159
56.53611159
56.53611159
56.53611159
56.53611159
56.53611159
56.53611159
56.53611159
56.53611159
56.53611159
56.53611159
56.53611159
56.53611159
56.53611159
56.53611159
56.53611159
56.53611159
56.53611159
56.53611159
56.53611159
56.53611159
56.53611159
56.53611159
56.53611159
56.53611159
56.53611159
56.53611159
56.53611159
56.53611159
56.53611159
56.53611159
56.53611159
56.53611159
56.53611159
56.53611159
56.53611159
56.53611159
56.53611159
56.53611159
56.53611159
56.53611159
56.53611159
56.53611159
56.53611159
56.53611159
56.53611159
56.53611159
56.53611159
56.53611159
56.53611159
56.53611159
56.53611159
56.53611159
56.53611159
56.53611159
56.53611159
56.53611159
56.53611159
56.53611159
56.53611159
56.53611159
56.53611159
56.53611159
56.53611159
56.53611159
56.53611159
56.53611159
56.53611159
56.53611159
56.53611159
56.53611159
56.53611159
56.53611159
56.53611159
56.53611159
56.53611159
56.53611159
56.53611159
56.53611159
56.53611159
56.53611159
56.53611159
56.53611159
56.53611159
56.53611159
56.53611159
56.53611159
56.53611159
56.53611159
56.53611159
56.53611159
56.53611159
56.53611159
56.53611159
56.53611159
56.53611159
56.53611159
56.53611159
56.53611159
56.53611159
56.53611159
56.53611159
56.53611159
56.53611159
56.53611159
56.53611159
56.53611159
56.53611159
56.53611159
56.53611159
56.53611159
56.53611159
56.53611159
56.53611159
56.53611159
56.53611159
56.53611159
56.53611159
56.53611159
56.53611159
56.53611159
56.53611159
56.53611159
56.53611159
56.53611159
56.53611159
56.53611159
56.53611159
56.53611159
56.53611159
56.53611159
56.53611159
56.53611159
56.53611159
56.53611159
56.53611159
56.53611159
56.53611159
56.53611159
56.53611159
56.53611159
56.53611159
56.53611159
56.53611159
56.53611159
56.53611159
56.53611159
56.53611159
56.53611159
56.53611159
56.53611159
56.53611159
56.53611159
56.53611159
56.53611159
56.53611159
56.53611159
56.53611159
56.53611159
56.53611159
56.53611159
56.53611159
56.53611159
56.53611159
56.53611159
56.53611159
56.53611159
56.53611159
56.53611159
56.53611159
56.53611159
56.53611159
56.53611159
56.53611159
56.53611159
56.53611159
56.53611159
56.53611159
56.53611159
56.53611159
56.53611159
56.53611159
56.53611159
56.53611159
56.53611159
56.53611159
56.53611159
56.53611159
56.53611159
56.53611159
56.53611159
56.53611159
56.53611159
56.53611159
56.53611159
56.53611159
56.53611159
56.53611159
56.53611159
56.53611159
56.53611159
56.53611159
56.53611159
56.53611159
56.53611159
56.53611159
56.53611159
56.53611159
56.53611159
56.53611159
56.53611159
56.53611159
56.53611159
56.53611159
56.53611159
56.53611159
56.53611159
56.53611159
56.53611159
56.53611159
56.53611159
56.53611159
56.53611159
56.53611159
56.53611159
56.53611159
56.53611159
56.53611159
56.53611159
56.53611159
56.53611159
56.53611159
56.53611159
56.53611159
56.53611159
56.53611159
56.53611159
56.53611159
56.53611159
56.53611159
56.53611159
56.53611159
56.53611159
56.53611159
56.53611159
56.53611159
56.53611159
56.53611159
56.53611159
56.53611159
56.53611159
56.53611159
56.53611159
56.53611159
56.53611159
56.53611159
56.53611159
56.53611159
56.53611159
56.53611159
56.53611159
56.53611159
56.53611159
56.53611159
56.53611159
56.53611159
56.53611159
56.53611159
56.53611159
56.53611159
56.53611159
56.53611159
56.53611159
56.53611159
56.53611159
56.53611159
56.53611159
56.53611159
56.53611159
56.53611159
56.53611159
56.53611159
56.53611159
56.53611159
56.53611159
56.53611159
56.53611159
56.53611159
56.53611159
56.53611159
56.53611159
56.53611159
56.53611159
56.53611159
56.53611159
56.53611159
56.53611159
56.53611159
56.53611159
56.53611159
56.53611159
56.53611159
56.53611159
56.53611159
56.53611159
56.53611159
56.53611159
56.53611159
56.53611159
56.53611159
56.53611159
56.53611159
56.53611159
56.53611159
56.53611159
56.53611159
56.53611159
56.53611159
56.53611159
56.53611159
56.53611159
56.53611159
56.53611159
56.53611159
56.53611159
56.53611159
56.53611159
56.53611159
56.53611159
56.53611159
56.53611159
56.53611159
56.53611159
56.53611159
56.53611159
56.53611159
56.53611159
56.53611159
56.53611159
56.53611159
56.53611159
56.53611159
56.53611159
56.53611159
56.53611159
56.53611159
56.53611159
56.53611159
56.53611159
56.53611159
56.53611159
56.53611159
56.53611159
56.53611159
56.53611159
56.53611159
56.53611159
56.53611159
56.53611159
56.53611159
56.53611159
56.53611159
56.53611159
56.53611159
56.53611159
56.53611159
56.53611159
56.53611159
56.53611159
56.53611159
56.53611159
56.53611159
56.53611159
56.53611159
56.53611159
56.53611159
56.53611159
56.53611159
56.53611159
56.53611159
56.53611159
56.53611159
56.53611159
56.53611159
56.53611159
56.53611159
56.53611159
56.53611159
56.53611159
56.53611159
56.53611159
56.53611159
56.53611159
56.53611159
56.53611159
56.53611159
56.53611159
56.53611159
56.53611159
56.53611159
56.53611159
56.53611159
56.53611159
56.53611159
56.53611159
56.53611159
56.53611159
56.53611159
56.53611159
56.53611159
56.53611159
56.53611159
56.53611159
56.53611159
56.53611159
56.53611159
56.53611159
56.53611159
56.53611159
56.53611159
56.53611159
56.53611159
56.53611159
56.53611159
56.53611159
56.53611159
56.53611159
56.53611159
56.53611159
56.53611159
56.53611159
56.53611159
56.53611159
56.53611159
56.53611159
56.53611159
56.53611159
56.53611159
56.53611159
56.53611159
56.53611159
56.53611159
56.53611159
56.53611159
56.53611159
56.53611159
56.53611159
56.53611159
56.53611159
56.53611159
56.53611159
56.53611159
56.53611159
56.53611159
56.53611159
56.53611159
56.53611159
56.53611159
56.53611159
56.53611159
56.53611159
56.53611159
56.53611159
56.53611159
56.53611159
56.53611159
56.53611159
56.53611159
56.53611159
56.53611159
56.53611159
56.53611159
56.53611159
56.53611159
56.53611159
56.53611159
56.53611159
56.53611159
56.53611159
56.53611159
56.53611159
56.53611159
56.53611159
56.53611159
56.53611159
56.53611159
56.53611159
56.53611159
56.53611159
56.53611159
56.53611159
56.53611159
56.53611159
56.53611159
56.53611159
56.53611159
56.53611159
56.53611159
56.53611159
56.53611159
56.53611159
56.53611159
56.53611159
56.53611159
56.53611159
56.53611159
56.53611159
56.53611159
56.53611159
56.53611159
56.53611159
56.53611159
56.53611159
56.53611159
56.53611159
56.53611159
56.53611159
56.53611159
56.53611159
56.53611159
56.53611159
56.53611159
56.53611159
56.53611159
56.53611159
56.53611159
56.53611159
56.53611159
56.53611159
56.53611159
56.53611159
56.53611159
56.53611159
56.53611159
56.53611159
56.53611159
56.53611159
56.53611159
56.53611159
56.53611159
56.53611159
56.53611159
56.53611159
56.53611159
56.53611159
56.53611159
56.53611159
56.53611159
56.53611159
56.53611159
56.53611159
56.53611159
56.53611159
56.53611159
56.53611159
56.53611159
56.53611159
56.53611159
56.53611159
56.53611159
56.53611159
56.53611159
56.53611159
56.53611159
56.53611159
56.53611159
56.53611159
56.53611159
56.53611159
56.53611159
56.53611159
56.53611159
56.53611159
56.53611159
56.53611159
56.53611159
56.53611159
56.53611159
56.53611159
56.53611159
56.53611159
56.53611159
56.53611159
56.53611159
56.53611159
56.53611159
56.53611159
56.53611159
56.53611159
56.53611159
56.53611159
56.53611159
56.53611159
56.53611159
56.53611159
56.53611159
56.53611159
56.53611159
56.53611159
56.53611159
56.53611159
56.53611159
56.53611159
56.53611159
56.53611159
56.53611159
56.53611159
56.53611159
56.53611159
56.53611159
56.53611159
56.53611159
56.53611159
56.53611159
56.53611159
56.53611159
56.53611159
56.53611159
56.53611159
56.53611159
56.53611159
56.53611159
56.53611159
56.53611159
56.53611159
56.53611159
56.53611159
56.53611159
56.53611159
56.53611159
56.53611159
56.53611159
56.53611159
56.53611159
56.53611159
56.53611159
56.53611159
56.53611159
56.53611159
56.53611159
56.53611159
56.53611159
56.53611159
56.53611159
56.53611159
56.53611159
56.53611159
56.53611159
56.53611159
56.53611159
56.53611159
56.53611159
56.53611159
56.53611159
56.53611159
56.53611159
56.53611159
56.53611159
56.53611159
56.53611159
56.53611159
56.53611159
56.53611159
56.53611159
56.53611159
56.53611159
56.53611159
56.53611159
56.53611159
56.53611159
56.53611159
56.53611159
56.53611159
56.53611159
56.53611159
56.53611159
56.53611159
56.53611159
56.53611159
56.53611159
56.53611159
56.53611159
56.53611159
56.53611159
56.53611159
56.53611159
56.53611159
56.53611159
56.53611159
56.53611159
56.53611159
56.53611159
56.53611159
56.53611159
56.53611159
56.53611159
56.53611159
56.53611159
56.53611159
56.53611159
56.53611159
56.53611159
56.53611159
56.53611159
56.53611159
56.53611159
56.53611159
56.53611159
56.53611159
56.53611159
56.53611159
56.53611159
56.53611159
56.53611159
56.53611159
56.53611159
56.53611159
56.53611159
56.53611159
56.53611159
56.53611159
56.53611159
56.53611159
56.53611159
56.53611159
56.53611159
56.53611159
56.53611159
56.53611159
56.53611159
56.53611159
56.53611159
56.53611159
56.53611159
56.53611159
56.53611159
56.53611159
56.53611159
56.53611159
56.53611159
56.53611159
56.53611159
56.53611159
56.53611159
56.53611159
56.53611159
56.53611159
56.53611159
56.53611159
56.53611159
56.53611159
56.53611159
56.53611159
56.53611159
56.53611159
56.53611159
56.53611159
56.53611159
56.53611159
56.53611159
56.53611159
56.53611159
56.53611159
56.53611159
56.53611159
56.53611159
56.53611159
56.53611159
56.53611159
56.53611159
56.53611159
56.53611159
56.53611159
56.53611159
56.53611159
56.53611159
56.53611159
56.53611159
56.53611159
56.53611159
56.53611159
56.53611159
56.53611159
56.53611159
56.53611159
56.53611159
56.53611159
56.53611159
56.53611159
56.53611159
56.53611159
56.53611159
56.53611159
56.53611159
56.53611159
56.53611159
56.53611159
56.53611159
56.53611159
56.53611159
56.53611159
56.53611159
56.53611159
56.53611159
56.53611159
56.53611159
56.53611159
56.53611159
56.53611159
56.53611159
56.53611159
56.53611159
56.53611159
56.53611159
56.53611159
56.53611159
56.53611159
56.53611159
56.53611159
56.53611159
56.53611159
56.53611159
56.53611159
56.53611159
56.53611159
56.53611159
56.53611159
56.53611159
56.53611159
56.53611159
56.53611159
56.53611159
56.53611159
56.53611159
56.53611159
56.53611159
56.53611159
56.53611159
56.53611159
56.53611159
56.53611159
56.53611159
56.53611159
56.53611159
56.53611159
56.53611159
56.53611159
56.53611159
56.53611159
56.53611159
56.53611159
56.53611159
56.53611159
56.53611159
56.53611159
56.53611159
56.53611159
56.53611159
56.53611159
56.53611159
56.53611159
56.53611159
56.53611159
56.53611159
56.53611159
56.53611159
56.53611159
56.53611159
56.53611159
56.53611159
56.53611159
56.53611159
56.53611159
56.53611159
56.53611159
56.53611159
56.53611159
56.53611159
56.53611159
56.53611159
56.53611159
56.53611159
56.53611159
56.53611159
56.53611159
56.53611159
56.53611159
56.53611159
56.53611159
56.53611159
56.53611159
56.53611159
56.53611159
56.53611159
56.53611159
56.53611159
56.53611159
56.53611159
56.53611159
56.53611159
56.53611159
56.53611159
56.53611159
56.53611159
56.53611159
56.53611159
56.53611159
56.53611159
56.53611159
56.53611159
56.53611159
56.53611159
56.53611159
56.53611159
56.53611159
56.53611159
56.53611159
56.53611159
56.53611159
56.53611159
56.53611159
56.53611159
56.53611159
56.53611159
56.53611159
56.53611159
56.53611159
56.53611159
56.53611159
56.53611159
56.53611159
56.53611159
56.53611159
56.53611159
56.53611159
56.53611159
56.53611159
56.53611159
56.53611159
56.53611159
56.53611159
56.53611159
56.53611159
56.53611159
56.53611159
56.53611159
56.53611159
56.53611159
56.53611159
56.53611159
56.53611159
56.53611159
56.53611159
56.53611159
56.53611159
56.53611159
56.53611159
56.53611159
56.53611159
56.53611159
56.53611159
56.53611159
56.53611159
56.53611159
56.53611159
56.53611159
56.53611159
56.53611159
56.53611159
56.53611159
56.53611159
56.53611159
56.53611159
56.53611159
56.53611159
56.53611159
56.53611159
56.53611159
56.53611159
56.53611159
56.53611159
56.53611159
56.53611159
56.53611159
56.53611159
56.53611159
56.53611159
56.53611159
56.53611159
56.53611159
56.53611159
56.53611159
56.53611159
56.53611159
56.53611159
56.53611159
56.53611159
56.53611159
56.53611159
56.53611159
56.53611159
56.53611159
56.53611159
56.53611159
56.53611159
56.53611159
56.53611159
56.53611159
56.53611159
56.53611159
56.53611159
56.53611159
56.53611159
56.53611159
56.53611159
56.53611159
56.53611159
56.53611159
56.53611159
56.53611159
56.53611159
56.53611159
56.53611159
56.53611159
56.53611159
56.53611159
56.53611159
56.53611159
56.53611159
56.53611159
56.53611159
56.53611159
56.53611159
56.53611159
56.53611159
56.53611159
56.53611159
56.53611159
56.53611159
56.53611159
56.53611159
56.53611159
56.53611159
56.53611159
56.53611159
56.53611159
56.53611159
56.53611159
56.53611159
56.53611159
56.53611159
56.53611159
56.53611159
56.53611159
56.53611159
56.53611159
56.53611159
56.53611159
56.53611159
56.53611159
56.53611159
56.53611159
56.53611159
56.53611159
56.53611159
56.53611159
56.53611159
56.53611159
56.53611159
56.53611159
56.53611159
56.53611159
56.53611159
56.53611159
56.53611159
56.53611159
56.53611159
56.53611159
56.53611159
56.53611159
56.53611159
56.53611159
56.53611159
56.53611159
56.53611159
56.53611159
56.53611159
56.53611159
56.53611159
56.53611159
56.53611159
56.53611159
56.53611159
56.53611159
56.53611159
56.53611159
56.53611159
56.53611159
56.53611159
56.53611159
56.53611159
56.53611159
56.53611159
56.53611159
56.53611159
56.53611159
56.53611159
56.53611159
56.53611159
56.53611159
56.53611159
56.53611159
56.53611159
56.53611159
56.53611159
56.53611159
56.53611159
56.53611159
56.53611159
56.53611159
56.53611159
56.53611159
56.53611159
56.53611159
56.53611159
56.53611159
56.53611159
56.53611159
56.53611159
56.53611159
56.53611159
56.53611159
56.53611159
56.53611159
56.53611159
56.53611159
56.53611159
56.53611159
56.53611159
56.53611159
56.53611159
56.53611159
56.53611159
56.53611159
56.53611159
56.53611159
56.53611159
56.53611159
56.53611159
56.53611159
56.53611159
56.53611159
56.53611159
56.53611159
56.53611159
56.53611159
56.53611159
56.53611159
56.53611159
56.53611159
56.53611159
56.53611159
56.53611159
56.53611159
56.53611159
56.53611159
56.53611159
56.53611159
56.53611159
56.53611159
56.53611159
56.53611159
56.53611159
56.53611159
56.53611159
56.53611159
56.53611159
56.53611159
56.53611159
56.53611159
56.53611159
56.53611159
56.53611159
56.53611159
56.53611159
56.53611159
56.53611159
56.53611159
56.53611159
56.53611159
56.53611159
56.53611159
56.53611159
56.53611159
56.53611159
56.53611159
56.53611159
56.53611159
56.53611159
56.53611159
56.53611159
56.53611159
56.53611159
56.53611159
56.53611159
56.53611159
56.53611159
56.53611159
56.53611159
56.53611159
56.53611159
56.53611159
56.53611159
56.53611159
56.53611159
56.53611159
56.53611159
56.53611159
56.53611159
56.53611159
56.53611159
56.53611159
56.53611159
56.53611159
56.53611159
56.53611159
56.53611159
56.53611159
56.53611159
56.53611159
56.53611159
56.53611159
56.53611159
56.53611159
56.53611159
56.53611159
56.53611159
56.53611159
56.53611159
56.53611159
56.53611159
56.53611159
56.53611159
56.53611159
56.53611159
56.53611159
56.53611159
56.53611159
56.53611159
56.53611159
56.53611159
56.53611159
56.53611159
56.53611159
56.53611159
56.53611159
56.53611159
56.53611159
56.53611159
56.53611159
56.53611159
56.53611159
56.53611159
56.53611159
56.53611159
56.53611159
56.53611159
56.53611159
56.53611159
56.53611159
56.53611159
56.53611159
56.53611159
56.53611159
56.53611159
56.53611159
56.53611159
56.53611159
56.53611159
56.53611159
56.53611159
56.53611159
56.53611159
56.53611159
56.53611159
56.53611159
56.53611159
56.53611159
56.53611159
56.53611159
56.53611159
56.53611159
56.53611159
56.53611159
56.53611159
56.53611159
56.53611159
56.53611159
56.53611159
56.53611159
56.53611159
56.53611159
56.53611159
56.53611159
56.53611159
56.53611159
56.53611159
56.53611159
56.53611159
56.53611159
56.53611159
56.53611159
56.53611159
56.53611159
56.53611159
56.53611159
56.53611159
56.53611159
56.53611159
56.53611159
56.53611159
56.53611159
56.53611159
56.53611159
56.53611159
56.53611159
56.53611159
56.53611159
56.53611159
56.53611159
56.53611159
56.53611159
56.53611159
56.53611159
56.53611159
56.53611159
56.53611159
56.53611159
56.53611159
56.53611159
56.53611159
56.53611159
56.53611159
56.53611159
56.53611159
56.53611159
56.53611159
56.53611159
56.53611159
56.53611159
56.53611159
56.53611159
56.53611159
56.53611159
56.53611159
56.53611159
56.53611159
56.53611159
56.53611159
56.53611159
56.53611159
56.53611159
56.53611159
56.53611159
56.53611159
56.53611159
56.53611159
56.53611159
56.53611159
56.53611159
56.53611159
56.53611159
56.53611159
56.53611159
56.53611159
56.53611159
56.53611159
56.53611159
56.53611159
56.53611159
56.53611159
56.53611159
56.53611159
56.53611159
56.53611159
56.53611159
56.53611159
56.53611159
56.53611159
56.53611159
56.53611159
56.53611159
56.53611159
56.53611159
56.53611159
56.53611159
56.53611159
56.53611159
56.53611159
56.53611159
56.53611159
56.53611159
56.53611159
56.53611159
56.53611159
56.53611159
56.53611159
56.53611159
56.53611159
56.53611159
56.53611159
56.53611159
56.53611159
56.53611159
56.53611159
56.53611159
56.53611159
56.53611159
56.53611159
56.53611159
56.53611159
56.53611159
56.53611159
56.53611159
56.53611159
56.53611159
56.53611159
56.53611159
56.53611159
56.53611159
56.53611159
56.53611159
56.53611159
56.53611159
56.53611159
56.53611159
56.53611159
56.53611159
56.53611159
56.53611159
56.53611159
56.53611159
56.53611159
56.53611159
56.53611159
56.53611159
56.53611159
56.53611159
56.53611159
56.53611159
56.53611159
56.53611159
56.53611159
56.53611159
56.53611159
56.53611159
56.53611159
56.53611159
56.53611159
56.53611159
56.53611159
56.53611159
56.53611159
56.53611159
56.53611159
56.53611159
56.53611159
56.53611159
56.53611159
56.53611159
56.53611159
56.53611159
56.53611159
56.53611159
56.53611159
56.53611159
56.53611159
56.53611159
56.53611159
56.53611159
56.53611159
56.53611159
56.53611159
56.53611159
56.53611159
56.53611159
56.53611159
56.53611159
56.53611159
56.53611159
56.53611159
56.53611159
56.53611159
56.53611159
56.53611159
56.53611159
56.53611159
56.53611159
56.53611159
56.53611159
56.53611159
56.53611159
56.53611159
56.53611159
56.53611159
56.53611159
56.53611159
56.53611159
56.53611159
56.53611159
56.53611159
56.53611159
56.53611159
56.53611159
56.53611159
56.53611159
56.53611159
56.53611159
56.53611159
56.53611159
56.53611159
56.53611159
56.53611159
56.53611159
56.53611159
56.53611159
56.53611159
56.53611159
56.53611159
56.53611159
56.53611159
56.53611159
56.53611159
56.53611159
56.53611159
56.53611159
56.53611159
56.53611159
56.53611159
56.53611159
56.53611159
56.53611159
56.53611159
56.53611159
56.53611159
56.53611159
56.53611159
56.53611159
56.53611159
56.53611159
56.53611159
56.53611159
56.53611159
56.53611159
56.53611159
56.53611159
56.53611159
56.53611159
56.53611159
56.53611159
56.53611159
56.53611159
56.53611159
56.53611159
)
;

boundaryField
{
    sides
    {
        type            calculated;
        value           nonuniform List<scalar> 2(56.53611159 1037.680088);
    }
    empty1
    {
        type            empty;
    }
    empty2
    {
        type            empty;
    }
}


// ************************************************************************* //
