/*--------------------------------*- C++ -*----------------------------------*\
| =========                 |                                                 |
| \\      /  F ield         | OpenFOAM: The Open Source CFD Toolbox           |
|  \\    /   O peration     | Version:  2012                                  |
|   \\  /    A nd           | Website:  www.openfoam.com                      |
|    \\/     M anipulation  |                                                 |
\*---------------------------------------------------------------------------*/
FoamFile
{
    version     2.0;
    format      ascii;
    class       volVectorField;
    location    "0.51";
    object      Uc;
}
// * * * * * * * * * * * * * * * * * * * * * * * * * * * * * * * * * * * * * //

dimensions      [0 1 -1 0 0 0 0];


internalField   nonuniform List<vector> 
2268
(
(0.0128729 -0.00608365 0)
(0.039097 -0.00630964 0)
(0.0646463 -0.00576476 0)
(0.088214 -0.00537315 0)
(0.110819 -0.00530994 0)
(0.134041 -0.00566439 0)
(0.15603 -0.00472762 0)
(0.17451 -0.00400561 0)
(0.190938 -0.00375846 0)
(0.204808 -0.00279647 0)
(0.215103 -0.00206864 0)
(0.222487 -0.00142107 0)
(0.227658 -0.00102257 0)
(0.229941 -5.6221e-05 0)
(0.227594 0.00116537 0)
(0.220818 0.00203687 0)
(0.21022 0.00297154 0)
(0.195773 0.00385628 0)
(0.177059 0.00498752 0)
(0.152167 0.0067762 0)
(0.12062 0.00813279 0)
(0.0820437 0.0100983 0)
(0.0303379 0.0143376 0)
(0.0128032 -0.018218 0)
(0.0389981 -0.0189481 0)
(0.0647411 -0.0173666 0)
(0.0885844 -0.0161773 0)
(0.111342 -0.0159441 0)
(0.134489 -0.0169432 0)
(0.156312 -0.0141545 0)
(0.174852 -0.0120735 0)
(0.19157 -0.0113558 0)
(0.205349 -0.00826544 0)
(0.21557 -0.00629539 0)
(0.223465 -0.00441515 0)
(0.22851 -0.00285613 0)
(0.230195 -9.77202e-05 0)
(0.227799 0.00344815 0)
(0.221275 0.00603934 0)
(0.210956 0.00885433 0)
(0.196271 0.0117416 0)
(0.176311 0.0153788 0)
(0.149119 0.0209996 0)
(0.113773 0.0255224 0)
(0.0691368 0.0320346 0)
(0.0220439 0.0390932 0)
(0.0127442 -0.0302915 0)
(0.0389768 -0.0316515 0)
(0.0650084 -0.0291315 0)
(0.0892353 -0.02713 0)
(0.112251 -0.0266236 0)
(0.135251 -0.0280721 0)
(0.156754 -0.0235017 0)
(0.175506 -0.0203495 0)
(0.192578 -0.0190491 0)
(0.206581 -0.0137016 0)
(0.217324 -0.0107666 0)
(0.225768 -0.00766581 0)
(0.23082 -0.00437676 0)
(0.232111 1.66354e-05 0)
(0.230037 0.00544593 0)
(0.224592 0.00969768 0)
(0.215436 0.0143998 0)
(0.202224 0.0193804 0)
(0.184313 0.0256376 0)
(0.15967 0.0352378 0)
(0.12708 0.0433899 0)
(0.0828597 0.0561601 0)
(0.0284299 0.0629471 0)
(0.0127323 -0.0423315 0)
(0.0391282 -0.0444833 0)
(0.0655085 -0.0410692 0)
(0.0901415 -0.0382832 0)
(0.113536 -0.0374036 0)
(0.136481 -0.0390053 0)
(0.1577 -0.0327589 0)
(0.176742 -0.0289532 0)
(0.194204 -0.0267658 0)
(0.208346 -0.0192863 0)
(0.219363 -0.0154651 0)
(0.227632 -0.0108663 0)
(0.232073 -0.00566232 0)
(0.232952 0.000276877 0)
(0.230815 0.00717559 0)
(0.225492 0.0130565 0)
(0.216273 0.0197253 0)
(0.202324 0.0268911 0)
(0.183278 0.0355928 0)
(0.157762 0.0489875 0)
(0.124875 0.0605842 0)
(0.0800288 0.0810581 0)
(0.0266725 0.0889883 0)
(0.0128471 -0.0544201 0)
(0.0394055 -0.0574204 0)
(0.065992 -0.0531639 0)
(0.091082 -0.0496872 0)
(0.11499 -0.0483544 0)
(0.137954 -0.0497511 0)
(0.158988 -0.0419813 0)
(0.1785 -0.0379513 0)
(0.196475 -0.034515 0)
(0.210932 -0.0250527 0)
(0.22257 -0.0204052 0)
(0.231395 -0.0140046 0)
(0.236307 -0.00694446 0)
(0.23775 0.000461863 0)
(0.23605 0.00880384 0)
(0.231256 0.0162095 0)
(0.223245 0.0247154 0)
(0.211406 0.0340878 0)
(0.194993 0.045154 0)
(0.172323 0.0621985 0)
(0.142376 0.0770678 0)
(0.0984238 0.10654 0)
(0.0355939 0.118415 0)
(0.0131301 -0.0666967 0)
(0.0398125 -0.070305 0)
(0.0664809 -0.0654472 0)
(0.0921728 -0.061403 0)
(0.116748 -0.059551 0)
(0.139949 -0.0603721 0)
(0.161103 -0.051298 0)
(0.181198 -0.0473525 0)
(0.199445 -0.0422319 0)
(0.213784 -0.0309447 0)
(0.22563 -0.0256117 0)
(0.234348 -0.0170884 0)
(0.238587 -0.00818578 0)
(0.239418 0.000628857 0)
(0.237323 0.0104303 0)
(0.23244 0.0191565 0)
(0.224596 0.0292613 0)
(0.212681 0.0407675 0)
(0.195971 0.0541286 0)
(0.172758 0.0749079 0)
(0.142429 0.0928443 0)
(0.0977374 0.132656 0)
(0.0348562 0.151709 0)
(0.0135755 -0.0793176 0)
(0.0404028 -0.0829724 0)
(0.0669696 -0.0779383 0)
(0.093286 -0.0734906 0)
(0.118615 -0.0710475 0)
(0.142134 -0.0709553 0)
(0.163595 -0.0608543 0)
(0.184285 -0.0570708 0)
(0.202744 -0.0498603 0)
(0.217634 -0.03713 0)
(0.230528 -0.031118 0)
(0.240149 -0.0202492 0)
(0.245412 -0.00951564 0)
(0.247119 0.000759712 0)
(0.245277 0.0121597 0)
(0.240325 0.0220749 0)
(0.233194 0.0334201 0)
(0.223525 0.0468089 0)
(0.210458 0.0621599 0)
(0.192038 0.0865521 0)
(0.167178 0.107282 0)
(0.124494 0.159511 0)
(0.047847 0.190794 0)
(0.014034 -0.0923656 0)
(0.0412042 -0.0954432 0)
(0.0677852 -0.0905848 0)
(0.0946948 -0.0859983 0)
(0.120842 -0.0828668 0)
(0.144849 -0.0815965 0)
(0.166916 -0.0707839 0)
(0.188116 -0.0669384 0)
(0.2065 -0.0574043 0)
(0.221935 -0.0439177 0)
(0.235432 -0.0368021 0)
(0.244628 -0.0234586 0)
(0.249313 -0.0110073 0)
(0.250205 0.0010233 0)
(0.247509 0.0140406 0)
(0.242397 0.0249501 0)
(0.235884 0.036993 0)
(0.227109 0.0519526 0)
(0.21474 0.0690372 0)
(0.196391 0.0970516 0)
(0.171763 0.120171 0)
(0.130042 0.186512 0)
(0.0508541 0.23744 0)
(-0.0569748 0.025725 0)
(-0.18598 0.032128 0)
(-0.335777 0.0345723 0)
(-0.560221 0.0638714 0)
(-1.19488 0.209036 0)
(-2.10909 0.182887 0)
(-2.54859 0.00757746 0)
(-2.54716 -0.00485446 0)
(-2.48306 -0.0197061 0)
(-2.34235 -0.0375575 0)
(-2.15773 -0.038365 0)
(-2.00984 -0.0221233 0)
(-1.93738 -0.00672367 0)
(-1.93471 0.00728964 0)
(-1.98233 0.0146252 0)
(-2.02304 0.00448394 0)
(-1.91167 -0.0498887 0)
(-1.43566 -0.150275 0)
(-0.539656 -0.228666 0)
(-0.0564094 0.0769345 0)
(-0.178436 0.0936565 0)
(-0.282974 0.0871922 0)
(-0.267341 0.106025 0)
(-0.187935 0.408986 0)
(-0.527803 0.522455 0)
(-1.17296 0.136376 0)
(-1.42267 -0.0209759 0)
(-1.4 -0.034648 0)
(-1.55969 -0.00924775 0)
(-1.82514 -0.0268567 0)
(-1.95801 -0.034166 0)
(-1.95856 -0.0191983 0)
(-1.93127 0.0124954 0)
(-1.9043 0.022821 0)
(-1.8059 -0.0239877 0)
(-1.52638 -0.18346 0)
(-1.05087 -0.417064 0)
(-0.387334 -0.621423 0)
(-0.0610135 0.129862 0)
(-0.193614 0.154997 0)
(-0.30154 0.122188 0)
(-0.232134 0.0408152 0)
(0.107808 0.301771 0)
(0.318826 0.690492 0)
(-0.0395752 0.401784 0)
(-0.749471 0.128809 0)
(-1.4921 0.128006 0)
(-2.20019 0.202603 0)
(-2.67488 0.081889 0)
(-2.77 -0.0389256 0)
(-2.58592 -0.0844108 0)
(-2.27777 -0.0570186 0)
(-1.9823 -0.0376983 0)
(-1.71389 -0.113005 0)
(-1.37097 -0.352983 0)
(-0.862725 -0.660372 0)
(-0.280484 -0.904279 0)
(-0.0594509 0.184083 0)
(-0.189134 0.218299 0)
(-0.287253 0.152484 0)
(-0.131953 -0.0791127 0)
(0.368448 0.0702035 0)
(0.837008 0.63892 0)
(0.684519 0.676745 0)
(-0.255439 0.56194 0)
(-1.40039 0.503735 0)
(-2.27853 0.50727 0)
(-2.80679 0.209951 0)
(-2.98591 -0.0437749 0)
(-2.95075 -0.16604 0)
(-2.81786 -0.156072 0)
(-2.67612 -0.117724 0)
(-2.29777 -0.301322 0)
(-1.57239 -0.612068 0)
(-0.796294 -0.940192 0)
(-0.215711 -1.11426 0)
(-0.0556809 0.236035 0)
(-0.204601 0.290809 0)
(-0.251728 0.1477 0)
(0.0297748 -0.254167 0)
(0.525022 -0.172266 0)
(0.988199 0.490943 0)
(1.05612 0.86665 0)
(0.372079 1.06888 0)
(-0.666608 0.931441 0)
(-1.42367 0.781055 0)
(-1.7383 0.300873 0)
(-1.79018 -0.0304892 0)
(-1.79378 -0.186984 0)
(-1.74511 -0.20661 0)
(-1.62883 -0.171233 0)
(-1.44154 -0.482723 0)
(-1.10257 -0.877143 0)
(-0.604524 -1.20932 0)
(-0.163228 -1.27515 0)
(-0.0408391 0.280069 0)
(-0.117751 0.348787 0)
(-0.00747019 0.068789 0)
(0.313095 -0.425413 0)
(0.697487 -0.36918 0)
(1.20474 0.280969 0)
(1.45633 0.946595 0)
(0.906158 1.51993 0)
(-0.0721498 1.34421 0)
(-0.778709 0.996721 0)
(-1.07653 0.351678 0)
(-1.14219 -0.0253791 0)
(-1.11638 -0.195588 0)
(-0.964475 -0.27733 0)
(-0.694358 -0.258912 0)
(-0.621469 -0.499808 0)
(-0.781252 -0.930062 0)
(-0.661322 -1.41146 0)
(-0.226767 -1.43927 0)
(-0.0251641 0.311122 0)
(0.0364389 0.33019 0)
(0.292494 -0.0625262 0)
(0.457023 -0.493825 0)
(0.557628 -0.499908 0)
(1.09648 -0.0267499 0)
(1.72331 0.886556 0)
(1.49396 1.91743 0)
(0.615284 1.74248 0)
(-0.0852504 1.20278 0)
(-0.421552 0.421254 0)
(-0.523033 -0.0179362 0)
(-0.523103 -0.208047 0)
(-0.446904 -0.35595 0)
(-0.260395 -0.368565 0)
(-0.181498 -0.448788 0)
(-0.387601 -0.819455 0)
(-0.455448 -1.53667 0)
(-0.179138 -1.60838 0)
(0.0504552 0.303163 0)
(0.232023 0.240219 0)
(0.454577 -0.169795 0)
(0.496435 -0.466792 0)
(0.425656 -0.531572 0)
(0.654243 -0.313623 0)
(1.30867 0.635316 0)
(1.65208 2.12633 0)
(1.23596 2.09034 0)
(0.659814 1.40389 0)
(0.325087 0.511533 0)
(0.170332 0.00674125 0)
(0.111827 -0.201865 0)
(0.0841893 -0.376845 0)
(0.0984029 -0.427101 0)
(0.183234 -0.453948 0)
(0.172593 -0.716152 0)
(0.0135382 -1.53631 0)
(-0.0373383 -1.69837 0)
(0.0146056 -0.113682 0)
(0.0424062 -0.114917 0)
(0.0693226 -0.110733 0)
(0.0970691 -0.106461 0)
(0.124218 -0.102053 0)
(0.14893 -0.0985971 0)
(0.171957 -0.087359 0)
(0.193987 -0.0825268 0)
(0.213058 -0.069673 0)
(0.230516 -0.0564922 0)
(0.245951 -0.0461218 0)
(0.2567 -0.0292895 0)
(0.263322 -0.0140469 0)
(0.265766 0.00118462 0)
(0.263601 0.0173302 0)
(0.258227 0.0294782 0)
(0.251677 0.0421268 0)
(0.247195 0.0554714 0)
(0.245492 0.0730757 0)
(0.249345 0.0978121 0)
(0.259658 0.120682 0)
(0.283363 0.18189 0)
(0.315388 0.247294 0)
(0.0155632 -0.144145 0)
(0.0443581 -0.141616 0)
(0.0718792 -0.139026 0)
(0.101105 -0.135709 0)
(0.129789 -0.129199 0)
(0.155769 -0.122673 0)
(0.180449 -0.111502 0)
(0.203743 -0.104191 0)
(0.223919 -0.0876801 0)
(0.242607 -0.0750006 0)
(0.257754 -0.0584832 0)
(0.267996 -0.0381067 0)
(0.273794 -0.0177522 0)
(0.273286 0.00293395 0)
(0.268246 0.0228236 0)
(0.262132 0.0355334 0)
(0.257476 0.0473357 0)
(0.254199 0.058062 0)
(0.249464 0.0769568 0)
(0.249682 0.089839 0)
(0.260104 0.107813 0)
(0.289547 0.141334 0)
(0.344781 0.200136 0)
(0.00894703 -0.168902 0)
(0.0247848 -0.161959 0)
(0.03935 -0.161222 0)
(0.0545684 -0.158426 0)
(0.066577 -0.147624 0)
(0.0749054 -0.138968 0)
(0.0814034 -0.126777 0)
(0.088989 -0.120171 0)
(0.115187 -0.118504 0)
(0.164695 -0.112886 0)
(0.210671 -0.0821746 0)
(0.243707 -0.0580473 0)
(0.266832 -0.0270067 0)
(0.278833 0.000540027 0)
(0.285703 0.023265 0)
(0.289515 0.0372411 0)
(0.290513 0.0491966 0)
(0.28626 0.0697205 0)
(0.276818 0.0855199 0)
(0.275591 0.0822902 0)
(0.288719 0.0916891 0)
(0.316147 0.100289 0)
(0.36431 0.137246 0)
(0.00228674 -0.180159 0)
(0.00788449 -0.172179 0)
(0.0137063 -0.171425 0)
(0.0187087 -0.168478 0)
(0.0238814 -0.15477 0)
(0.0300543 -0.146326 0)
(0.03579 -0.131643 0)
(0.0411222 -0.128216 0)
(0.0444309 -0.140044 0)
(0.0444612 -0.141076 0)
(0.0373042 -0.0929698 0)
(0.024052 -0.0671448 0)
(-0.0207439 0.0038356 0)
(-0.0773554 0.0146489 0)
(-0.0286863 -0.046549 0)
(0.0990427 -0.0251644 0)
(0.186591 0.0227149 0)
(0.221593 0.0713889 0)
(0.240678 0.0800938 0)
(0.266415 0.0630013 0)
(0.295087 0.0752505 0)
(0.320471 0.069949 0)
(0.352859 0.0866154 0)
(-0.000615637 -0.181799 0)
(0.000114874 -0.176821 0)
(0.00161561 -0.174065 0)
(0.00232473 -0.1715 0)
(0.00568232 -0.160242 0)
(0.0121919 -0.153522 0)
(0.0216355 -0.139625 0)
(0.0316201 -0.135549 0)
(0.0293003 -0.133622 0)
(0.0137697 -0.131833 0)
(0.00464968 -0.0857654 0)
(0.00994154 -0.0662599 0)
(0.0238769 0.034061 0)
(0.0452988 0.0200352 0)
(0.0700181 -0.125425 0)
(0.0806099 -0.0851118 0)
(0.0787918 -0.00323789 0)
(0.0958292 0.0452902 0)
(0.140062 0.0427355 0)
(0.191834 0.0226146 0)
(0.238603 0.0462153 0)
(0.285135 0.032934 0)
(0.339894 0.0358658 0)
(-0.000340768 -0.180798 0)
(-0.00046711 -0.17835 0)
(-0.000512977 -0.173919 0)
(-0.00120816 -0.171581 0)
(-0.002282 -0.162378 0)
(-0.00340041 -0.156725 0)
(-0.0045833 -0.144644 0)
(-0.00517495 -0.13989 0)
(-0.00393484 -0.128113 0)
(-0.00114669 -0.12445 0)
(0.0101292 -0.0952312 0)
(0.0350621 -0.0870897 0)
(0.0969341 -0.0212236 0)
(0.180777 -0.0304035 0)
(0.192849 -0.111878 0)
(0.142924 -0.0590268 0)
(0.118683 -0.00303218 0)
(0.130121 0.0166251 0)
(0.138748 0.0185506 0)
(0.123731 0.0101633 0)
(0.108249 0.0274388 0)
(0.128704 -0.0155693 0)
(0.203356 -0.0458202 0)
(0.00075791 -0.181178 0)
(0.00245643 -0.179471 0)
(0.00456455 -0.174791 0)
(0.00705638 -0.172435 0)
(0.0105071 -0.163833 0)
(0.0151566 -0.158739 0)
(0.0204512 -0.146682 0)
(0.0255433 -0.142293 0)
(0.0283226 -0.129667 0)
(0.0281685 -0.12546 0)
(0.0287455 -0.106051 0)
(0.0317557 -0.104272 0)
(0.0400557 -0.0744907 0)
(0.0532851 -0.0746244 0)
(0.0706654 -0.0971714 0)
(0.105965 -0.0589377 0)
(0.159283 -0.0322538 0)
(0.208206 -0.0147289 0)
(0.243628 0.0057368 0)
(0.264376 0.0173338 0)
(0.265827 0.0345292 0)
(0.239394 -0.0164669 0)
(0.183599 -0.0637574 0)
(0.0010551 -0.182961 0)
(0.00309848 -0.181371 0)
(0.00557981 -0.177426 0)
(0.00856811 -0.17523 0)
(0.0117696 -0.167646 0)
(0.015657 -0.163428 0)
(0.0205591 -0.152163 0)
(0.026228 -0.147548 0)
(0.0335385 -0.134472 0)
(0.0416359 -0.128556 0)
(0.0513679 -0.113233 0)
(0.0629405 -0.111663 0)
(0.0793908 -0.0918917 0)
(0.0985023 -0.0896433 0)
(0.101015 -0.102058 0)
(0.0930678 -0.0814527 0)
(0.0952604 -0.0654423 0)
(0.112382 -0.0478313 0)
(0.151106 -0.0355906 0)
(0.210328 -0.0216204 0)
(0.277457 0.00465572 0)
(0.325637 -0.00833907 0)
(0.324025 -0.0140613 0)
(0.00234006 -0.186335 0)
(0.00723178 -0.184891 0)
(0.0124866 -0.181605 0)
(0.0178874 -0.179406 0)
(0.0234513 -0.172202 0)
(0.0293126 -0.168591 0)
(0.0355006 -0.158067 0)
(0.0415209 -0.153313 0)
(0.047007 -0.141489 0)
(0.0515761 -0.134189 0)
(0.0550804 -0.120821 0)
(0.0571708 -0.117723 0)
(0.059476 -0.104598 0)
(0.0633994 -0.100003 0)
(0.0687991 -0.0995604 0)
(0.0781939 -0.0853116 0)
(0.0901274 -0.0756874 0)
(0.100467 -0.0650919 0)
(0.104729 -0.0614386 0)
(0.106173 -0.0566499 0)
(0.119309 -0.0408901 0)
(0.153982 -0.0459662 0)
(0.208564 -0.0295643 0)
(0.00270971 -0.191373 0)
(0.00828788 -0.190301 0)
(0.0140078 -0.18715 0)
(0.0197948 -0.18503 0)
(0.0258022 -0.178133 0)
(0.0321061 -0.174811 0)
(0.0392019 -0.165122 0)
(0.0469022 -0.159971 0)
(0.0556744 -0.149083 0)
(0.0655425 -0.141026 0)
(0.0760095 -0.127945 0)
(0.0860134 -0.122671 0)
(0.0949985 -0.110912 0)
(0.103147 -0.105735 0)
(0.106167 -0.102202 0)
(0.105919 -0.0917717 0)
(0.107202 -0.0824182 0)
(0.110567 -0.0720393 0)
(0.116209 -0.0643466 0)
(0.1225 -0.0614142 0)
(0.125334 -0.0520713 0)
(0.119058 -0.0632191 0)
(0.108241 -0.0561901 0)
(0.00364954 -0.197728 0)
(0.0109826 -0.196849 0)
(0.0184011 -0.193733 0)
(0.0258808 -0.191707 0)
(0.0334957 -0.185073 0)
(0.0411686 -0.181844 0)
(0.0489965 -0.173013 0)
(0.056689 -0.167474 0)
(0.0642358 -0.157904 0)
(0.071995 -0.149843 0)
(0.0800906 -0.137706 0)
(0.0879589 -0.130793 0)
(0.0952832 -0.1191 0)
(0.101993 -0.112396 0)
(0.107523 -0.104049 0)
(0.112655 -0.0947432 0)
(0.116369 -0.0843767 0)
(0.117413 -0.0744169 0)
(0.113875 -0.0639849 0)
(0.105397 -0.0594758 0)
(0.0948478 -0.0461485 0)
(0.0822483 -0.0500583 0)
(0.0655488 -0.0415779 0)
(0.00402957 -0.20541 0)
(0.0120962 -0.204573 0)
(0.02023 -0.201568 0)
(0.0284839 -0.199612 0)
(0.0370237 -0.19333 0)
(0.0457895 -0.190034 0)
(0.0549711 -0.181844 0)
(0.0644681 -0.175845 0)
(0.0743124 -0.166937 0)
(0.0846974 -0.15897 0)
(0.0957281 -0.147725 0)
(0.106925 -0.139857 0)
(0.117484 -0.127929 0)
(0.126893 -0.119685 0)
(0.13369 -0.109064 0)
(0.13826 -0.0993905 0)
(0.141341 -0.086468 0)
(0.14329 -0.0752402 0)
(0.144487 -0.0607114 0)
(0.143174 -0.0528076 0)
(0.137231 -0.0361348 0)
(0.123826 -0.0338244 0)
(0.102778 -0.0197576 0)
(0.00484273 -0.214292 0)
(0.0145615 -0.213496 0)
(0.0243358 -0.210573 0)
(0.0341185 -0.208664 0)
(0.0439364 -0.202658 0)
(0.0536232 -0.199181 0)
(0.0632422 -0.19152 0)
(0.07265 -0.185095 0)
(0.0817486 -0.176651 0)
(0.0905694 -0.168483 0)
(0.0991801 -0.157875 0)
(0.107448 -0.149192 0)
(0.115366 -0.137083 0)
(0.122733 -0.127311 0)
(0.128927 -0.11441 0)
(0.133865 -0.103515 0)
(0.136847 -0.0883475 0)
(0.137652 -0.0760371 0)
(0.13541 -0.0587687 0)
(0.12932 -0.0472109 0)
(0.119088 -0.0253714 0)
(0.103381 -0.0152184 0)
(0.07988 0.00652461 0)
(0.00528216 -0.224434 0)
(0.0158905 -0.223715 0)
(0.0266157 -0.220888 0)
(0.0374259 -0.218978 0)
(0.0483999 -0.213173 0)
(0.0594166 -0.209405 0)
(0.0705775 -0.202111 0)
(0.081871 -0.195239 0)
(0.093203 -0.186968 0)
(0.104477 -0.178289 0)
(0.11557 -0.167798 0)
(0.126233 -0.15822 0)
(0.136154 -0.145906 0)
(0.145224 -0.134929 0)
(0.153063 -0.120813 0)
(0.15936 -0.108321 0)
(0.164073 -0.0911888 0)
(0.167151 -0.0770088 0)
(0.168371 -0.0566771 0)
(0.166902 -0.0416082 0)
(0.162267 -0.015932 0)
(0.15342 0.000126502 0)
(0.139673 0.0287269 0)
(0.00591777 -0.235657 0)
(0.0177705 -0.235 0)
(0.0295747 -0.23218 0)
(0.0412628 -0.230231 0)
(0.0529283 -0.224606 0)
(0.0644373 -0.220543 0)
(0.0758385 -0.21358 0)
(0.0871234 -0.206393 0)
(0.0982499 -0.198316 0)
(0.109162 -0.189168 0)
(0.119878 -0.178765 0)
(0.130207 -0.168277 0)
(0.139975 -0.155564 0)
(0.148951 -0.143332 0)
(0.156885 -0.128183 0)
(0.163603 -0.113949 0)
(0.168687 -0.0953234 0)
(0.171804 -0.0790133 0)
(0.172221 -0.0562284 0)
(0.169418 -0.037669 0)
(0.162935 -0.00860018 0)
(0.152032 0.0127461 0)
(0.135103 0.0470447 0)
(0.00653648 -0.248142 0)
(0.0196273 -0.24752 0)
(0.0327039 -0.244602 0)
(0.0457079 -0.242561 0)
(0.0587703 -0.237064 0)
(0.0718122 -0.232695 0)
(0.084868 -0.225943 0)
(0.0979346 -0.218438 0)
(0.110923 -0.210441 0)
(0.123716 -0.200799 0)
(0.136229 -0.190411 0)
(0.148407 -0.179181 0)
(0.160126 -0.166182 0)
(0.171176 -0.152767 0)
(0.181424 -0.136946 0)
(0.190505 -0.120985 0)
(0.19843 -0.101281 0)
(0.204896 -0.082604 0)
(0.209569 -0.0576669 0)
(0.211974 -0.0357394 0)
(0.211617 -0.00356178 0)
(0.207839 0.0225597 0)
(0.199267 0.0629632 0)
(0.00699814 -0.261714 0)
(0.0209937 -0.261109 0)
(0.0349517 -0.258121 0)
(0.0487815 -0.255948 0)
(0.0625654 -0.250595 0)
(0.0762398 -0.24595 0)
(0.0898147 -0.239388 0)
(0.103304 -0.231617 0)
(0.116688 -0.223701 0)
(0.129909 -0.213618 0)
(0.142938 -0.203194 0)
(0.155648 -0.191342 0)
(0.16792 -0.178063 0)
(0.179621 -0.163679 0)
(0.190621 -0.147315 0)
(0.200671 -0.129769 0)
(0.209636 -0.109394 0)
(0.217054 -0.0883655 0)
(0.222743 -0.062237 0)
(0.226304 -0.0370794 0)
(0.227314 -0.00278886 0)
(0.225663 0.0273358 0)
(0.220432 0.0721569 0)
(0.00773247 -0.276489 0)
(0.0232088 -0.275895 0)
(0.0386335 -0.272807 0)
(0.0539015 -0.270447 0)
(0.0691225 -0.265187 0)
(0.0842646 -0.260259 0)
(0.0993244 -0.253797 0)
(0.114295 -0.245751 0)
(0.129167 -0.237902 0)
(0.143955 -0.227503 0)
(0.158663 -0.21712 0)
(0.173235 -0.20477 0)
(0.187531 -0.191271 0)
(0.20144 -0.176141 0)
(0.21492 -0.159386 0)
(0.227691 -0.140563 0)
(0.239783 -0.119688 0)
(0.250842 -0.0965645 0)
(0.260881 -0.0697669 0)
(0.269468 -0.0416778 0)
(0.276433 -0.00612114 0)
(0.281416 0.0274078 0)
(0.283426 0.0754141 0)
(0.00813338 -0.292406 0)
(0.0244118 -0.291835 0)
(0.0406621 -0.288643 0)
(0.0567843 -0.286101 0)
(0.072878 -0.280947 0)
(0.0889374 -0.275799 0)
(0.104941 -0.269418 0)
(0.120893 -0.261147 0)
(0.136779 -0.253358 0)
(0.15255 -0.242699 0)
(0.168213 -0.232385 0)
(0.183721 -0.219674 0)
(0.198979 -0.206005 0)
(0.213977 -0.190392 0)
(0.228633 -0.173346 0)
(0.242781 -0.153589 0)
(0.25636 -0.132391 0)
(0.269096 -0.107702 0)
(0.281087 -0.0806952 0)
(0.291946 -0.0502169 0)
(0.301847 -0.0144537 0)
(0.310661 0.021956 0)
(0.317932 0.0716239 0)
(0.00861484 -0.309211 0)
(0.0258532 -0.308661 0)
(0.043131 -0.30546 0)
(0.060377 -0.302766 0)
(0.0776793 -0.297791 0)
(0.0950562 -0.292504 0)
(0.112451 -0.286224 0)
(0.129902 -0.277854 0)
(0.147439 -0.270185 0)
(0.165027 -0.259342 0)
(0.182679 -0.249165 0)
(0.200355 -0.236185 0)
(0.217943 -0.222445 0)
(0.235452 -0.20656 0)
(0.252822 -0.189302 0)
(0.269917 -0.168968 0)
(0.286732 -0.147493 0)
(0.303118 -0.121801 0)
(0.319206 -0.0947465 0)
(0.334698 -0.0625765 0)
(0.349944 -0.0272925 0)
(0.364723 0.0111597 0)
(0.378756 0.0610882 0)
(0.00888297 -0.326771 0)
(0.0266282 -0.326209 0)
(0.0444475 -0.323134 0)
(0.0623439 -0.320359 0)
(0.0803712 -0.315653 0)
(0.0985912 -0.310365 0)
(0.116978 -0.304272 0)
(0.135555 -0.295962 0)
(0.154306 -0.288493 0)
(0.173158 -0.277604 0)
(0.192172 -0.267698 0)
(0.211302 -0.254586 0)
(0.230479 -0.240935 0)
(0.249752 -0.224978 0)
(0.268979 -0.207605 0)
(0.288073 -0.186975 0)
(0.306935 -0.16528 0)
(0.325478 -0.139055 0)
(0.343827 -0.112036 0)
(0.361822 -0.0788751 0)
(0.380042 -0.0445579 0)
(0.39825 -0.00465716 0)
(0.416763 0.0442682 0)
(0.00889052 -0.344609 0)
(0.0265955 -0.343949 0)
(0.0444729 -0.34122 0)
(0.0626496 -0.338478 0)
(0.0811277 -0.334173 0)
(0.100048 -0.329122 0)
(0.119436 -0.32343 0)
(0.139353 -0.31544 0)
(0.159766 -0.308324 0)
(0.180587 -0.297593 0)
(0.201858 -0.288142 0)
(0.223499 -0.275066 0)
(0.245465 -0.26175 0)
(0.267778 -0.245902 0)
(0.290316 -0.228601 0)
(0.313037 -0.207948 0)
(0.335847 -0.18613 0)
(0.358738 -0.159788 0)
(0.381739 -0.132799 0)
(0.404754 -0.0992661 0)
(0.428146 -0.0659232 0)
(0.451547 -0.0250445 0)
(0.4757 0.0218417 0)
(0.00873697 -0.362302 0)
(0.0260963 -0.36145 0)
(0.0436736 -0.359305 0)
(0.0616483 -0.356678 0)
(0.0800064 -0.352946 0)
(0.0989728 -0.348378 0)
(0.118611 -0.343348 0)
(0.13904 -0.336022 0)
(0.160233 -0.32951 0)
(0.182096 -0.319256 0)
(0.204701 -0.310527 0)
(0.227969 -0.297767 0)
(0.251911 -0.285136 0)
(0.276542 -0.269645 0)
(0.301721 -0.252763 0)
(0.327449 -0.232425 0)
(0.353605 -0.210811 0)
(0.380146 -0.184732 0)
(0.406932 -0.157836 0)
(0.433875 -0.124382 0)
(0.461252 -0.0917732 0)
(0.488681 -0.0502199 0)
(0.517132 -0.00579064 0)
(0.00818558 -0.379287 0)
(0.0244867 -0.37825 0)
(0.0410639 -0.376786 0)
(0.0581126 -0.374351 0)
(0.0757039 -0.371359 0)
(0.0941224 -0.367494 0)
(0.113481 -0.363381 0)
(0.133987 -0.357085 0)
(0.15571 -0.351534 0)
(0.178645 -0.342209 0)
(0.202856 -0.33458 0)
(0.228283 -0.322607 0)
(0.255045 -0.311208 0)
(0.28313 -0.296508 0)
(0.312372 -0.280548 0)
(0.342711 -0.260939 0)
(0.373942 -0.239924 0)
(0.405924 -0.214388 0)
(0.438352 -0.187641 0)
(0.471195 -0.154611 0)
(0.504553 -0.122532 0)
(0.53801 -0.0805991 0)
(0.572574 -0.0386884 0)
(0.00761793 -0.395149 0)
(0.0228646 -0.394052 0)
(0.0383733 -0.393189 0)
(0.0542992 -0.391047 0)
(0.0707966 -0.388881 0)
(0.0880999 -0.38583 0)
(0.106344 -0.382794 0)
(0.125814 -0.377807 0)
(0.146753 -0.373646 0)
(0.169389 -0.365854 0)
(0.193855 -0.359816 0)
(0.220069 -0.349229 0)
(0.248137 -0.339648 0)
(0.277968 -0.326232 0)
(0.309429 -0.311789 0)
(0.34252 -0.293403 0)
(0.37711 -0.273568 0)
(0.413077 -0.24899 0)
(0.450098 -0.222793 0)
(0.488165 -0.190678 0)
(0.527178 -0.159152 0)
(0.566702 -0.117278 0)
(0.607599 -0.0778008 0)
(0.00681444 -0.409633 0)
(0.020518 -0.408622 0)
(0.0344651 -0.408182 0)
(0.0488103 -0.406436 0)
(0.0637875 -0.405083 0)
(0.0796068 -0.402877 0)
(0.0964621 -0.400983 0)
(0.114661 -0.397436 0)
(0.134475 -0.394935 0)
(0.156254 -0.389164 0)
(0.180314 -0.385238 0)
(0.206819 -0.376752 0)
(0.236004 -0.369628 0)
(0.267793 -0.358143 0)
(0.302155 -0.345992 0)
(0.339109 -0.329559 0)
(0.378522 -0.311748 0)
(0.420156 -0.288762 0)
(0.463591 -0.263842 0)
(0.508708 -0.23319 0)
(0.55503 -0.202363 0)
(0.602063 -0.161018 0)
(0.650525 -0.123827 0)
(0.00609376 -0.422587 0)
(0.0183757 -0.421746 0)
(0.0308746 -0.421598 0)
(0.0437553 -0.420344 0)
(0.0572658 -0.419768 0)
(0.0715813 -0.41844 0)
(0.0869166 -0.417734 0)
(0.10356 -0.415665 0)
(0.121774 -0.414887 0)
(0.141912 -0.411301 0)
(0.164332 -0.409777 0)
(0.189379 -0.403987 0)
(0.217464 -0.399914 0)
(0.2487 -0.391162 0)
(0.283284 -0.382231 0)
(0.321339 -0.368673 0)
(0.362792 -0.353871 0)
(0.40741 -0.33329 0)
(0.454914 -0.310675 0)
(0.505135 -0.282141 0)
(0.557294 -0.252354 0)
(0.610954 -0.212192 0)
(0.666903 -0.177554 0)
(0.0052781 -0.433998 0)
(0.0159153 -0.433333 0)
(0.0267358 -0.433412 0)
(0.0379025 -0.432663 0)
(0.0496575 -0.432806 0)
(0.0621787 -0.432338 0)
(0.0757175 -0.432819 0)
(0.0905786 -0.432206 0)
(0.107044 -0.433163 0)
(0.125487 -0.431765 0)
(0.14623 -0.432658 0)
(0.16963 -0.429764 0)
(0.19612 -0.428954 0)
(0.225977 -0.42349 0)
(0.259693 -0.418514 0)
(0.29758 -0.408683 0)
(0.339774 -0.397898 0)
(0.386397 -0.380934 0)
(0.437539 -0.362144 0)
(0.49298 -0.336837 0)
(0.55185 -0.309217 0)
(0.613826 -0.271518 0)
(0.679329 -0.240262 0)
(0.00463669 -0.443946 0)
(0.0139725 -0.443425 0)
(0.0234618 -0.443698 0)
(0.0332583 -0.443411 0)
(0.0436009 -0.444232 0)
(0.0546744 -0.444591 0)
(0.0667348 -0.44626 0)
(0.0800724 -0.447073 0)
(0.0949512 -0.449766 0)
(0.111723 -0.450523 0)
(0.130691 -0.453778 0)
(0.152234 -0.453781 0)
(0.176758 -0.456176 0)
(0.204579 -0.454206 0)
(0.236251 -0.453485 0)
(0.27212 -0.447811 0)
(0.312518 -0.441752 0)
(0.358002 -0.429624 0)
(0.408982 -0.416067 0)
(0.465337 -0.395248 0)
(0.526692 -0.371613 0)
(0.593221 -0.338251 0)
(0.665095 -0.311576 0)
(0.00389542 -0.452505 0)
(0.0117313 -0.452092 0)
(0.019699 -0.452544 0)
(0.0279331 -0.452655 0)
(0.0366585 -0.454121 0)
(0.0460464 -0.455235 0)
(0.0563319 -0.458043 0)
(0.0677809 -0.46017 0)
(0.0806365 -0.464512 0)
(0.0952439 -0.467284 0)
(0.111888 -0.472778 0)
(0.130941 -0.475551 0)
(0.152781 -0.480975 0)
(0.17776 -0.482445 0)
(0.206425 -0.485861 0)
(0.239207 -0.484406 0)
(0.276727 -0.483443 0)
(0.319723 -0.476834 0)
(0.368626 -0.469221 0)
(0.42371 -0.454074 0)
(0.485574 -0.436609 0)
(0.55519 -0.410069 0)
(0.632892 -0.390072 0)
(0.00340642 -0.459829 0)
(0.0102497 -0.459492 0)
(0.0172118 -0.46012 0)
(0.0244104 -0.46056 0)
(0.0320563 -0.46264 0)
(0.0403096 -0.464416 0)
(0.0493945 -0.468301 0)
(0.0595487 -0.471595 0)
(0.0710025 -0.477489 0)
(0.0840706 -0.482093 0)
(0.099013 -0.489687 0)
(0.116186 -0.495022 0)
(0.135919 -0.503261 0)
(0.158579 -0.508011 0)
(0.184653 -0.515284 0)
(0.214537 -0.51794 0)
(0.248877 -0.522109 0)
(0.288188 -0.52087 0)
(0.332816 -0.519168 0)
(0.38354 -0.510451 0)
(0.441239 -0.500382 0)
(0.50699 -0.482331 0)
(0.581755 -0.471033 0)
(0.00277202 -0.466024 0)
(0.00834272 -0.465745 0)
(0.014033 -0.466555 0)
(0.0199367 -0.467265 0)
(0.0262268 -0.469914 0)
(0.0330319 -0.47225 0)
(0.0405392 -0.477116 0)
(0.048935 -0.481396 0)
(0.0584197 -0.488705 0)
(0.0692403 -0.494859 0)
(0.0816198 -0.504354 0)
(0.0958441 -0.511885 0)
(0.112182 -0.522626 0)
(0.130967 -0.530275 0)
(0.152575 -0.540919 0)
(0.177373 -0.54724 0)
(0.205907 -0.555977 0)
(0.238619 -0.559366 0)
(0.2762 -0.563277 0)
(0.319802 -0.561125 0)
(0.370514 -0.55865 0)
(0.430206 -0.550126 0)
(0.501652 -0.550178 0)
(0.00239708 -0.471207 0)
(0.00721909 -0.470983 0)
(0.0121587 -0.471976 0)
(0.0172898 -0.47291 0)
(0.0227543 -0.476058 0)
(0.0286589 -0.478855 0)
(0.0351671 -0.484573 0)
(0.0424194 -0.489642 0)
(0.0505933 -0.498183 0)
(0.0598608 -0.505547 0)
(0.0704266 -0.516704 0)
(0.0824978 -0.52594 0)
(0.0962965 -0.538837 0)
(0.112073 -0.548778 0)
(0.130078 -0.562208 0)
(0.150613 -0.571492 0)
(0.174089 -0.583978 0)
(0.200757 -0.591026 0)
(0.231194 -0.599961 0)
(0.26573 -0.602956 0)
(0.305195 -0.607438 0)
(0.35127 -0.607626 0)
(0.407596 -0.621086 0)
(0.00181145 -0.475426 0)
(0.00546517 -0.47526 0)
(0.00922347 -0.476418 0)
(0.0131364 -0.477535 0)
(0.0173008 -0.481088 0)
(0.0217866 -0.484245 0)
(0.0267073 -0.490646 0)
(0.0321457 -0.496301 0)
(0.0382285 -0.505831 0)
(0.0450608 -0.514059 0)
(0.0528024 -0.52657 0)
(0.061559 -0.536985 0)
(0.0714795 -0.55161 0)
(0.0826614 -0.563079 0)
(0.0952419 -0.578627 0)
(0.109339 -0.58986 0)
(0.125114 -0.60504 0)
(0.142477 -0.614198 0)
(0.161572 -0.626554 0)
(0.182206 -0.631795 0)
(0.204813 -0.640969 0)
(0.230606 -0.646309 0)
(0.265897 -0.67447 0)
(0.00146964 -0.478713 0)
(0.00443441 -0.478604 0)
(0.00747279 -0.479885 0)
(0.0106173 -0.481141 0)
(0.0139346 -0.484981 0)
(0.017471 -0.488395 0)
(0.0213009 -0.495272 0)
(0.0254713 -0.501313 0)
(0.0300693 -0.511533 0)
(0.035154 -0.520313 0)
(0.040825 -0.533776 0)
(0.0470996 -0.544867 0)
(0.0540406 -0.560655 0)
(0.0615918 -0.572842 0)
(0.0697712 -0.58971 0)
(0.0784641 -0.601664 0)
(0.0875472 -0.618201 0)
(0.0966162 -0.627584 0)
(0.105204 -0.640972 0)
(0.112277 -0.645206 0)
(0.11659 -0.654595 0)
(0.118078 -0.660082 0)
(0.124073 -0.702174 0)
(0.000903514 -0.48109 0)
(0.00272618 -0.481022 0)
(0.00459104 -0.482378 0)
(0.00651147 -0.483722 0)
(0.0085126 -0.487729 0)
(0.010596 -0.491278 0)
(0.0127982 -0.498434 0)
(0.0151296 -0.504668 0)
(0.0176289 -0.515294 0)
(0.0202991 -0.52433 0)
(0.0231543 -0.538312 0)
(0.0261401 -0.549622 0)
(0.0292006 -0.565936 0)
(0.0321688 -0.578117 0)
(0.0348778 -0.595362 0)
(0.0369637 -0.606829 0)
(0.0379963 -0.623186 0)
(0.0370698 -0.630765 0)
(0.0329072 -0.642219 0)
(0.0232211 -0.641313 0)
(0.00482326 -0.64431 0)
(-0.0240006 -0.642869 0)
(-0.0567141 -0.692508 0)
(0.000581849 -0.482576 0)
(0.00174256 -0.482521 0)
(0.00289635 -0.483899 0)
(0.00403939 -0.485265 0)
(0.00517272 -0.489321 0)
(0.0062831 -0.492881 0)
(0.00738655 -0.500139 0)
(0.0084708 -0.506382 0)
(0.00952829 -0.51714 0)
(0.0105108 -0.52614 0)
(0.0113515 -0.540202 0)
(0.0119191 -0.551288 0)
(0.0120478 -0.56746 0)
(0.0114408 -0.578951 0)
(0.00974122 -0.595527 0)
(0.00632805 -0.605315 0)
(0.000364313 -0.619728 0)
(-0.00965494 -0.623205 0)
(-0.026052 -0.629097 0)
(-0.0522825 -0.618316 0)
(-0.0935108 -0.607354 0)
(-0.153665 -0.590365 0)
(-0.23125 -0.634121 0)
(0.000129989 -0.483286 0)
(0.000356938 -0.483194 0)
(0.000512164 -0.48453 0)
(0.000580376 -0.485841 0)
(0.000550523 -0.489844 0)
(0.000390498 -0.493302 0)
(7.91024e-05 -0.500502 0)
(-0.000431982 -0.506584 0)
(-0.00120157 -0.517217 0)
(-0.00231842 -0.525917 0)
(-0.00391279 -0.539656 0)
(-0.00615463 -0.55014 0)
(-0.00929024 -0.565574 0)
(-0.0136922 -0.57579 0)
(-0.0198153 -0.590813 0)
(-0.0285022 -0.597854 0)
(-0.0408957 -0.608724 0)
(-0.059125 -0.605801 0)
(-0.0868936 -0.602093 0)
(-0.130059 -0.57555 0)
(-0.197855 -0.540516 0)
(-0.298311 -0.495742 0)
(-0.431232 -0.517126 0)
(-0.00011501 -0.483297 0)
(-0.000387867 -0.48313 0)
(-0.000767417 -0.484362 0)
(-0.00129597 -0.485538 0)
(-0.00199987 -0.489401 0)
(-0.00290879 -0.492663 0)
(-0.00407024 -0.499654 0)
(-0.00556026 -0.505414 0)
(-0.00748397 -0.515672 0)
(-0.00996294 -0.52384 0)
(-0.0131814 -0.536888 0)
(-0.0173564 -0.54645 0)
(-0.0228105 -0.560622 0)
(-0.0300074 -0.569076 0)
(-0.0394955 -0.581827 0)
(-0.0523426 -0.585187 0)
(-0.069941 -0.591237 0)
(-0.0947673 -0.580001 0)
(-0.131468 -0.563081 0)
(-0.188826 -0.513507 0)
(-0.281724 -0.441022 0)
(-0.427643 -0.347569 0)
(-0.634651 -0.323587 0)
(-0.000460489 -0.482718 0)
(-0.0014245 -0.482464 0)
(-0.00251547 -0.483547 0)
(-0.00380647 -0.484522 0)
(-0.00535638 -0.48815 0)
(-0.00722289 -0.491122 0)
(-0.00948352 -0.497753 0)
(-0.0122331 -0.503051 0)
(-0.0156038 -0.512711 0)
(-0.0197385 -0.520151 0)
(-0.0248464 -0.532206 0)
(-0.0311553 -0.540592 0)
(-0.0389845 -0.553125 0)
(-0.048769 -0.559501 0)
(-0.0609649 -0.569604 0)
(-0.0765689 -0.568809 0)
(-0.0968068 -0.56958 0)
(-0.123722 -0.549647 0)
(-0.1609 -0.519171 0)
(-0.215525 -0.44485 0)
(-0.297604 -0.333791 0)
(-0.417947 -0.187147 0)
(-0.593059 -0.09989 0)
(-0.000612378 -0.481642 0)
(-0.00187193 -0.481309 0)
(-0.00323829 -0.482236 0)
(-0.00478109 -0.482989 0)
(-0.00658529 -0.486316 0)
(-0.00874067 -0.488918 0)
(-0.0113518 -0.495064 0)
(-0.0145128 -0.499803 0)
(-0.0183554 -0.508714 0)
(-0.0230104 -0.515318 0)
(-0.0286653 -0.526225 0)
(-0.0355057 -0.533361 0)
(-0.0437597 -0.544196 0)
(-0.0537439 -0.548565 0)
(-0.0656681 -0.5563 0)
(-0.0801194 -0.551907 0)
(-0.0978446 -0.548328 0)
(-0.120126 -0.521454 0)
(-0.150059 -0.479913 0)
(-0.194209 -0.384829 0)
(-0.272826 -0.232292 0)
(-0.435742 -0.00391932 0)
(-0.724069 0.182733 0)
(-0.000877083 -0.480133 0)
(-0.00267659 -0.479721 0)
(-0.00461872 -0.480477 0)
(-0.00680307 -0.480979 0)
(-0.00934177 -0.483939 0)
(-0.0123445 -0.486089 0)
(-0.0159484 -0.491624 0)
(-0.0202964 -0.495673 0)
(-0.0255716 -0.503655 0)
(-0.0319779 -0.509234 0)
(-0.0397718 -0.518766 0)
(-0.0492529 -0.524389 0)
(-0.0607555 -0.533284 0)
(-0.074728 -0.53537 0)
(-0.0915729 -0.540552 0)
(-0.111848 -0.532726 0)
(-0.136291 -0.5251 0)
(-0.165808 -0.492596 0)
(-0.202836 -0.44145 0)
(-0.252345 -0.329141 0)
(-0.333514 -0.127375 0)
(-0.497452 0.219687 0)
(-0.777922 0.530835 0)
(0.288801 0.0865546 0)
(0.208766 0.0836835 0)
(0.138619 0.065522 0)
(0.0866257 0.0450718 0)
(0.385806 0.155631 0)
(0.404104 0.145926 0)
(0.420589 0.117424 0)
(0.430284 0.083143 0)
(0.404222 0.116552 0)
(0.423331 0.10544 0)
(0.439652 0.0881334 0)
(0.451656 0.0662819 0)
(0.384458 0.0715834 0)
(0.406071 0.0637959 0)
(0.42638 0.0518714 0)
(0.444077 0.0393746 0)
(0.382208 0.0215836 0)
(0.405255 0.0188072 0)
(0.423526 0.0148154 0)
(0.436459 0.0112947 0)
(0.2722 -0.0423001 0)
(0.304963 -0.0363315 0)
(0.331642 -0.0260459 0)
(0.353038 -0.0212627 0)
(0.134728 -0.0468531 0)
(0.106149 -0.0409301 0)
(0.0842408 -0.0319317 0)
(0.0683578 -0.0274509 0)
(0.300433 0.00230854 0)
(0.281403 0.0112985 0)
(0.256142 0.0162971 0)
(0.219826 0.0354792 0)
(0.256298 -0.0160523 0)
(0.287693 0.00348409 0)
(0.315276 0.0192994 0)
(0.337892 0.0617488 0)
(0.104688 -0.0535029 0)
(0.110803 -0.0387276 0)
(0.125619 -0.0285489 0)
(0.152201 0.00507816 0)
(0.0498614 -0.0433151 0)
(0.0379286 -0.0364203 0)
(0.0270552 -0.0391203 0)
(0.019627 -0.0249676 0)
(0.0841927 -0.0164094 0)
(0.0708511 -0.00945 0)
(0.0567005 -0.0127453 0)
(0.0427835 -0.00582 0)
(0.0567735 0.016831 0)
(0.0374724 0.026855 0)
(0.0147889 0.0294125 0)
(-0.011824 0.0383479 0)
(0.126634 0.0469007 0)
(0.115855 0.060877 0)
(0.103174 0.0707223 0)
(0.0880739 0.0858769 0)
(0.118756 0.0708074 0)
(0.105752 0.087664 0)
(0.0908183 0.102778 0)
(0.0737499 0.122354 0)
(0.190062 0.0916309 0)
(0.182021 0.111705 0)
(0.172258 0.131372 0)
(0.160493 0.155196 0)
(0.214862 0.103753 0)
(0.210456 0.126155 0)
(0.205334 0.148681 0)
(0.199453 0.175523 0)
(0.283729 0.108207 0)
(0.283304 0.132075 0)
(0.282364 0.155749 0)
(0.28098 0.184008 0)
(0.323081 0.104767 0)
(0.326403 0.129443 0)
(0.329668 0.153525 0)
(0.332891 0.182415 0)
(0.389321 0.0937686 0)
(0.396268 0.118685 0)
(0.403267 0.142538 0)
(0.410316 0.171642 0)
(0.431306 0.0760806 0)
(0.441098 0.10085 0)
(0.451119 0.124252 0)
(0.461365 0.153227 0)
(0.494605 0.052512 0)
(0.507231 0.0768116 0)
(0.520138 0.0995997 0)
(0.533358 0.128048 0)
(0.539246 0.0238484 0)
(0.55384 0.0476479 0)
(0.56867 0.0698404 0)
(0.583847 0.0974829 0)
(0.599031 -0.00974334 0)
(0.616173 0.0138025 0)
(0.633492 0.0353737 0)
(0.651098 0.0622899 0)
(0.638653 -0.0492094 0)
(0.658738 -0.0258496 0)
(0.679074 -0.0050005 0)
(0.6996 0.0216206 0)
(0.687106 -0.0955892 0)
(0.710863 -0.0726603 0)
(0.734896 -0.0525022 0)
(0.758997 -0.0257406 0)
(0.709481 -0.15019 0)
(0.737449 -0.128021 0)
(0.765898 -0.108717 0)
(0.794546 -0.0816682 0)
(0.729383 -0.21445 0)
(0.76247 -0.193574 0)
(0.796332 -0.175649 0)
(0.830733 -0.148793 0)
(0.720771 -0.288368 0)
(0.758314 -0.269841 0)
(0.797299 -0.254283 0)
(0.837758 -0.229344 0)
(0.694517 -0.371704 0)
(0.737494 -0.357729 0)
(0.783273 -0.346649 0)
(0.832701 -0.32813 0)
(0.642476 -0.460563 0)
(0.686886 -0.454703 0)
(0.736209 -0.451923 0)
(0.792343 -0.447355 0)
(0.562459 -0.551534 0)
(0.609997 -0.55927 0)
(0.666109 -0.571586 0)
(0.733662 -0.590747 0)
(0.458136 -0.638285 0)
(0.50225 -0.667433 0)
(0.559699 -0.704939 0)
(0.633068 -0.757107 0)
(0.304245 -0.714348 0)
(0.345035 -0.771936 0)
(0.399619 -0.838703 0)
(0.463536 -0.915322 0)
(0.140216 -0.77159 0)
(0.16526 -0.854702 0)
(0.192866 -0.93073 0)
(0.209148 -0.993852 0)
(-0.0754309 -0.786534 0)
(-0.0846913 -0.873306 0)
(-0.105905 -0.925696 0)
(-0.147154 -0.945758 0)
(-0.295152 -0.734319 0)
(-0.347723 -0.793985 0)
(-0.424261 -0.797077 0)
(-0.524979 -0.772392 0)
(-0.545543 -0.602788 0)
(-0.639648 -0.613514 0)
(-0.759667 -0.559449 0)
(-0.896872 -0.503936 0)
(-0.826396 -0.361306 0)
(-0.991744 -0.303121 0)
(-1.18113 -0.211711 0)
(-1.36897 -0.16029 0)
(-0.773548 -0.0428811 0)
(-0.947188 0.0994969 0)
(-1.14487 0.208984 0)
(-1.34299 0.239973 0)
(-1.00016 0.330242 0)
(-1.19756 0.515588 0)
(-1.39361 0.63037 0)
(-1.5875 0.652418 0)
(-1.02871 0.714237 0)
(-1.18288 0.879312 0)
(-1.32454 0.984883 0)
(-1.4604 0.999238 0)
(0.177254 0.185292 0)
(0.404925 0.0850868 0)
(0.524906 -0.207541 0)
(0.486358 -0.404532 0)
(0.408424 -0.486368 0)
(0.402127 -0.439222 0)
(0.769425 0.162403 0)
(1.40035 1.89242 0)
(1.65805 2.27763 0)
(1.54889 1.56993 0)
(1.32196 0.70262 0)
(1.02634 0.158299 0)
(0.769892 -0.0872077 0)
(0.549495 -0.271047 0)
(0.366048 -0.363672 0)
(0.308585 -0.492165 0)
(0.285179 -0.642946 0)
(0.142611 -1.40314 0)
(0.021265 -1.69294 0)
(0.458681 0.0650888 0)
(0.498275 -0.0283921 0)
(0.507347 -0.191744 0)
(0.472329 -0.338307 0)
(0.407239 -0.41985 0)
(0.357718 -0.44373 0)
(0.490493 -0.268991 0)
(0.940224 1.35989 0)
(1.38037 2.19137 0)
(1.54143 1.62199 0)
(1.48267 0.921844 0)
(1.25318 0.426852 0)
(0.972567 0.142793 0)
(0.72764 -0.067405 0)
(0.535939 -0.21525 0)
(0.389923 -0.443831 0)
(0.262758 -0.542407 0)
(0.149222 -1.25942 0)
(0.0486701 -1.62656 0)
(0.468544 0.0315178 0)
(0.488435 -0.0481898 0)
(0.486419 -0.166198 0)
(0.440154 -0.2784 0)
(0.350744 -0.339505 0)
(0.247412 -0.377336 0)
(0.203597 -0.399622 0)
(0.479429 0.84861 0)
(0.983947 1.86046 0)
(1.28299 1.54919 0)
(1.31618 1.03047 0)
(1.19121 0.651552 0)
(1.00908 0.349389 0)
(0.830235 0.122048 0)
(0.653865 -0.0590451 0)
(0.485531 -0.30298 0)
(0.323443 -0.408923 0)
(0.174599 -1.14302 0)
(0.0523295 -1.53197 0)
(0.466624 0.00728421 0)
(0.483665 -0.0573697 0)
(0.463742 -0.137168 0)
(0.395933 -0.204219 0)
(0.287946 -0.235009 0)
(0.140178 -0.248029 0)
(0.000258678 -0.347409 0)
(0.108384 0.464109 0)
(0.493444 1.45274 0)
(0.852355 1.3742 0)
(1.02171 1.03482 0)
(1.00742 0.785806 0)
(0.891288 0.497615 0)
(0.731259 0.29306 0)
(0.534828 0.119882 0)
(0.327255 -0.12916 0)
(0.197996 -0.306532 0)
(0.148165 -1.04928 0)
(0.0628205 -1.42474 0)
(0.450006 -0.0134202 0)
(0.454841 -0.0564508 0)
(0.428131 -0.0958918 0)
(0.364742 -0.126792 0)
(0.272705 -0.131415 0)
(0.141775 -0.0957863 0)
(-0.0707262 -0.16829 0)
(-0.0131152 0.150152 0)
(0.408802 1.04908 0)
(0.668843 1.23042 0)
(0.723319 0.988694 0)
(0.731028 0.850509 0)
(0.667734 0.607878 0)
(0.55886 0.438724 0)
(0.435544 0.27615 0)
(0.310308 0.0283148 0)
(0.240573 -0.271434 0)
(0.200193 -0.984255 0)
(0.0822121 -1.29144 0)
(0.399135 -0.0540365 0)
(0.450665 -0.0674787 0)
(0.447021 -0.0576592 0)
(0.38762 -0.053945 0)
(0.300777 -0.0423534 0)
(0.203951 0.0220262 0)
(0.0341718 0.0670588 0)
(-0.0723502 -0.0270171 0)
(0.0892394 0.712173 0)
(0.405996 1.05831 0)
(0.639001 0.913418 0)
(0.678638 0.895613 0)
(0.606872 0.697635 0)
(0.502374 0.554677 0)
(0.366381 0.407454 0)
(0.248692 0.129447 0)
(0.260597 -0.307773 0)
(0.264522 -0.898997 0)
(0.108445 -1.11796 0)
(0.0632508 -0.0889565 0)
(0.120879 -0.131911 0)
(0.245095 -0.102658 0)
(0.343798 -0.0452545 0)
(0.342838 0.0277094 0)
(0.27218 0.103415 0)
(0.198362 0.20821 0)
(-0.0562389 0.167231 0)
(-0.256757 0.565605 0)
(-0.0277875 0.72318 0)
(0.25484 0.794652 0)
(0.390606 0.868749 0)
(0.453739 0.745355 0)
(0.419361 0.645533 0)
(0.361007 0.505301 0)
(0.36017 0.151642 0)
(0.406478 -0.370041 0)
(0.341954 -0.768642 0)
(0.126649 -0.904849 0)
(0.10613 -0.00814429 0)
(-0.111331 -0.0679791 0)
(-0.302553 -0.105966 0)
(-0.23305 -0.194763 0)
(0.0814833 -0.107036 0)
(0.284154 0.118478 0)
(0.288856 0.255489 0)
(0.267568 0.371925 0)
(0.286545 0.531152 0)
(0.250534 0.594187 0)
(0.193719 0.733015 0)
(0.260211 0.759679 0)
(0.375179 0.705441 0)
(0.471346 0.641756 0)
(0.608183 0.450376 0)
(0.733128 0.106449 0)
(0.664172 -0.290232 0)
(0.421961 -0.559465 0)
(0.141541 -0.662082 0)
(0.340699 0.0811052 0)
(0.24668 0.124725 0)
(0.0916087 0.0147953 0)
(-0.0812525 -0.221831 0)
(-0.143019 -0.308409 0)
(0.0890765 -0.0733264 0)
(0.303929 0.249143 0)
(0.333638 0.371176 0)
(0.347307 0.50377 0)
(0.398269 0.613901 0)
(0.492857 0.687742 0)
(0.592202 0.665301 0)
(0.702337 0.609425 0)
(0.847694 0.532992 0)
(0.963749 0.343252 0)
(0.951069 0.12276 0)
(0.796968 -0.0947636 0)
(0.531834 -0.289716 0)
(0.18674 -0.365009 0)
(0.215611 0.0453924 0)
(0.326589 0.145228 0)
(0.438547 0.033442 0)
(0.398098 -0.047334 0)
(0.204081 -0.251325 0)
(0.108714 -0.253715 0)
(0.190759 0.162097 0)
(0.324639 0.312405 0)
(0.403691 0.480697 0)
(0.438488 0.560254 0)
(0.493891 0.606987 0)
(0.588257 0.575478 0)
(0.705545 0.50115 0)
(0.808613 0.42458 0)
(0.860635 0.306828 0)
(0.835234 0.198781 0)
(0.719916 0.0752143 0)
(0.500713 -0.0210685 0)
(0.181088 -0.0321805 0)
(0.0295678 -0.00810091 0)
(0.0628291 0.0683505 0)
(0.0757131 -0.00249399 0)
(0.123122 -0.0175502 0)
(0.195631 -0.171029 0)
(0.184322 -0.237351 0)
(0.199041 0.0587218 0)
(0.250962 0.249705 0)
(0.280866 0.447934 0)
(0.32066 0.528673 0)
(0.376959 0.539502 0)
(0.47229 0.471931 0)
(0.596597 0.386831 0)
(0.708105 0.34586 0)
(0.755707 0.296484 0)
(0.718167 0.266722 0)
(0.597471 0.221026 0)
(0.399529 0.210642 0)
(0.141009 0.259265 0)
(0.0246439 -0.00873943 0)
(0.017466 0.0455182 0)
(0.00543868 0.0196977 0)
(-0.0595282 -0.023716 0)
(-0.156666 -0.142431 0)
(-0.29077 -0.134232 0)
(-0.660897 0.277345 0)
(-1.20633 0.478066 0)
(-1.41157 0.379946 0)
(-1.20156 0.374392 0)
(-0.843818 0.323642 0)
(-0.422075 0.223884 0)
(-0.0126879 0.155684 0)
(0.315444 0.183081 0)
(0.477011 0.274222 0)
(0.461075 0.3417 0)
(0.36981 0.340501 0)
(0.250374 0.378894 0)
(0.0909818 0.469179 0)
(-0.0701966 0.0417841 0)
(-0.159383 0.0823063 0)
(-0.266555 0.0908856 0)
(-0.401771 0.0863489 0)
(-0.637158 0.0485023 0)
(-1.07451 0.192018 0)
(-1.6065 0.767452 0)
(-2.03365 0.868171 0)
(-2.17936 0.308738 0)
(-1.96129 0.0638695 0)
(-1.56756 -0.0384313 0)
(-1.18584 -0.136196 0)
(-0.860185 -0.145643 0)
(-0.588891 -0.0539852 0)
(-0.35836 0.161459 0)
(-0.179915 0.313199 0)
(-0.0507558 0.338402 0)
(0.0197001 0.426009 0)
(0.0180392 0.567833 0)
(0.0523971 0.106742 0)
(-0.013598 0.157871 0)
(-0.120736 0.209345 0)
(-0.30568 0.257688 0)
(-0.6164 0.3714 0)
(-0.992316 0.605087 0)
(-1.21851 1.04049 0)
(-1.2629 1.02194 0)
(-1.22825 0.25652 0)
(-1.11714 -0.175801 0)
(-0.970315 -0.278091 0)
(-0.851712 -0.344216 0)
(-0.764413 -0.310543 0)
(-0.682439 -0.207559 0)
(-0.552586 -0.00953706 0)
(-0.353275 0.144028 0)
(-0.160539 0.217244 0)
(-0.0425373 0.376827 0)
(-0.00225669 0.582169 0)
(0.0381428 0.155801 0)
(-0.0213979 0.222508 0)
(-0.100067 0.312939 0)
(-0.211707 0.422557 0)
(-0.372908 0.633644 0)
(-0.588971 0.878592 0)
(-0.799421 1.16219 0)
(-0.925857 1.05495 0)
(-0.94518 0.20984 0)
(-0.88766 -0.279852 0)
(-0.807784 -0.373077 0)
(-0.728683 -0.423214 0)
(-0.660109 -0.372638 0)
(-0.591628 -0.282369 0)
(-0.489189 -0.145242 0)
(-0.335306 -0.0402067 0)
(-0.167647 0.0751459 0)
(-0.0509245 0.306533 0)
(-0.00562122 0.575121 0)
(0.133956 0.198133 0)
(0.0859803 0.277564 0)
(0.0250057 0.384344 0)
(-0.0462608 0.516761 0)
(-0.109245 0.742405 0)
(-0.169201 1.01971 0)
(-0.24752 1.28249 0)
(-0.381746 1.17063 0)
(-0.65498 0.358999 0)
(-0.927832 -0.233924 0)
(-1.00803 -0.417616 0)
(-0.932872 -0.516695 0)
(-0.775325 -0.483077 0)
(-0.615941 -0.377048 0)
(-0.503026 -0.24452 0)
(-0.362418 -0.207564 0)
(-0.179414 -0.0748195 0)
(-0.0524701 0.236054 0)
(-0.00712197 0.563632 0)
(0.187087 0.224759 0)
(0.165041 0.314398 0)
(0.137813 0.427423 0)
(0.10917 0.564192 0)
(0.101953 0.758611 0)
(0.15041 1.01403 0)
(0.244635 1.27391 0)
(0.254966 1.29145 0)
(-0.0151478 0.729912 0)
(-0.556181 0.131652 0)
(-1.06569 -0.249532 0)
(-1.24977 -0.586141 0)
(-1.09204 -0.698222 0)
(-0.788079 -0.579338 0)
(-0.546247 -0.361161 0)
(-0.378782 -0.368832 0)
(-0.218359 -0.224496 0)
(-0.0866133 0.151672 0)
(-0.0156911 0.543003 0)
(0.277583 0.235483 0)
(0.271072 0.329613 0)
(0.267382 0.440287 0)
(0.271071 0.574017 0)
(0.295753 0.7331 0)
(0.368603 0.929914 0)
(0.51913 1.13672 0)
(0.704019 1.25214 0)
(0.745379 0.976307 0)
(0.508568 0.589131 0)
(0.0826592 0.139428 0)
(-0.349589 -0.417376 0)
(-0.634345 -0.751961 0)
(-0.656168 -0.780771 0)
(-0.515616 -0.504476 0)
(-0.399527 -0.479546 0)
(-0.299676 -0.347952 0)
(-0.160603 0.0303848 0)
(-0.040715 0.49197 0)
(0.338277 0.234429 0)
(0.346045 0.329627 0)
(0.35794 0.43295 0)
(0.380034 0.558132 0)
(0.423449 0.687483 0)
(0.504361 0.836527 0)
(0.639745 0.971545 0)
(0.827193 1.08057 0)
(0.981525 0.97095 0)
(1.03254 0.762696 0)
(0.958453 0.418339 0)
(0.672899 -0.046748 0)
(0.208723 -0.44489 0)
(-0.216831 -0.68297 0)
(-0.421323 -0.544088 0)
(-0.439845 -0.525667 0)
(-0.387412 -0.436901 0)
(-0.249687 -0.130583 0)
(-0.075438 0.387084 0)
(0.422642 0.223051 0)
(0.440924 0.317529 0)
(0.463828 0.413659 0)
(0.495856 0.528555 0)
(0.543765 0.634538 0)
(0.615007 0.751915 0)
(0.719736 0.839023 0)
(0.863629 0.913418 0)
(0.999798 0.875377 0)
(1.06307 0.75497 0)
(1.02712 0.525718 0)
(0.874489 0.242416 0)
(0.580373 -0.0478954 0)
(0.114955 -0.273752 0)
(-0.312228 -0.38158 0)
(-0.446951 -0.548099 0)
(-0.403325 -0.499699 0)
(-0.300842 -0.285447 0)
(-0.114657 0.217327 0)
(0.479478 0.203405 0)
(0.506719 0.296075 0)
(0.538253 0.385951 0)
(0.577284 0.492065 0)
(0.629566 0.580475 0)
(0.70045 0.677486 0)
(0.791779 0.73617 0)
(0.900054 0.788221 0)
(1.0065 0.781169 0)
(1.08334 0.722501 0)
(1.09241 0.582604 0)
(0.98561 0.420336 0)
(0.76707 0.238101 0)
(0.447405 0.150652 0)
(0.0960482 -0.101471 0)
(-0.164465 -0.470118 0)
(-0.267437 -0.523117 0)
(-0.27092 -0.352306 0)
(-0.134915 -0.00636414 0)
(0.556772 0.176601 0)
(0.591399 0.266986 0)
(0.629651 0.351986 0)
(0.672312 0.452207 0)
(0.722986 0.527274 0)
(0.785193 0.610363 0)
(0.857104 0.655694 0)
(0.933501 0.701708 0)
(1.00474 0.707017 0)
(1.05734 0.679624 0)
(1.05945 0.615459 0)
(0.98858 0.54831 0)
(0.84701 0.436021 0)
(0.660656 0.410641 0)
(0.413651 0.18 0)
(0.062907 -0.198385 0)
(-0.173305 -0.487478 0)
(-0.184674 -0.374856 0)
(-0.0808197 -0.201427 0)
(0.610586 0.144281 0)
(0.650493 0.231951 0)
(0.695054 0.312176 0)
(0.744993 0.40832 0)
(0.800875 0.474839 0)
(0.861535 0.55172 0)
(0.923354 0.593431 0)
(0.98418 0.639904 0)
(1.03447 0.658954 0)
(1.06099 0.656187 0)
(1.04917 0.647761 0)
(0.981601 0.641345 0)
(0.856091 0.584709 0)
(0.679213 0.590672 0)
(0.436991 0.442683 0)
(0.102703 0.158818 0)
(-0.128791 -0.421428 0)
(-0.0908965 -0.464892 0)
(-0.00722045 -0.281008 0)
(0.681616 0.107499 0)
(0.726638 0.191967 0)
(0.776016 0.267242 0)
(0.829832 0.359458 0)
(0.884894 0.423403 0)
(0.937977 0.500327 0)
(0.985027 0.546405 0)
(1.02356 0.597119 0)
(1.04577 0.636218 0)
(1.04364 0.656934 0)
(1.01561 0.683146 0)
(0.953631 0.723246 0)
(0.855351 0.705361 0)
(0.72953 0.743966 0)
(0.592223 0.632848 0)
(0.400654 0.444507 0)
(0.158473 -0.278499 0)
(0.0239684 -0.520177 0)
(0.00443158 -0.283377 0)
(0.734814 0.0653763 0)
(0.786845 0.146348 0)
(0.843847 0.216683 0)
(0.904606 0.306427 0)
(0.962309 0.374482 0)
(1.0124 0.455977 0)
(1.04737 0.516624 0)
(1.06409 0.576986 0)
(1.0607 0.639394 0)
(1.03107 0.682565 0)
(0.975504 0.733227 0)
(0.890152 0.806533 0)
(0.773263 0.816822 0)
(0.639204 0.867706 0)
(0.518596 0.74253 0)
(0.410248 0.606251 0)
(0.257186 -0.0825752 0)
(0.0946832 -0.44732 0)
(0.0146482 -0.266011 0)
(0.800487 0.0161695 0)
(0.862403 0.0925239 0)
(0.929496 0.158297 0)
(0.997488 0.248393 0)
(1.05753 0.32606 0)
(1.1027 0.418279 0)
(1.12248 0.504857 0)
(1.11274 0.582505 0)
(1.07629 0.669992 0)
(1.01013 0.738703 0)
(0.918287 0.810527 0)
(0.803483 0.910394 0)
(0.662268 0.946552 0)
(0.509012 0.997996 0)
(0.372779 0.844686 0)
(0.271738 0.693607 0)
(0.187589 0.0447497 0)
(0.102843 -0.350876 0)
(0.0308376 -0.225037 0)
(0.844506 -0.0427386 0)
(0.919891 0.0272665 0)
(1.00097 0.0895584 0)
(1.08168 0.182654 0)
(1.15205 0.273872 0)
(1.19965 0.386594 0)
(1.20917 0.510097 0)
(1.17423 0.617755 0)
(1.09784 0.736897 0)
(0.984724 0.83407 0)
(0.839855 0.929389 0)
(0.675126 1.04451 0)
(0.485611 1.11174 0)
(0.289625 1.14886 0)
(0.138931 0.953488 0)
(0.0713279 0.737448 0)
(0.0719557 0.0765346 0)
(0.062009 -0.296922 0)
(0.0217905 -0.177783 0)
(0.892488 -0.115222 0)
(0.986502 -0.05346 0)
(1.08795 0.0052002 0)
(1.19076 0.10103 0)
(1.27756 0.213348 0)
(1.32552 0.360716 0)
(1.31953 0.532845 0)
(1.25388 0.686078 0)
(1.13129 0.84866 0)
(0.963777 0.976271 0)
(0.759113 1.10349 0)
(0.535984 1.22138 0)
(0.292134 1.32701 0)
(0.0316973 1.3466 0)
(-0.158829 1.06453 0)
(-0.169129 0.696945 0)
(-0.015996 -0.0220247 0)
(0.0922047 -0.287194 0)
(0.0499611 -0.113177 0)
(0.913688 -0.205496 0)
(1.03345 -0.156548 0)
(1.16897 -0.106061 0)
(1.30436 -0.00316969 0)
(1.40614 0.146976 0)
(1.44839 0.345526 0)
(1.41987 0.579312 0)
(1.31499 0.793961 0)
(1.13786 1.012 0)
(0.908654 1.17192 0)
(0.636612 1.33921 0)
(0.341877 1.45428 0)
(0.0259246 1.60067 0)
(-0.317405 1.61928 0)
(-0.574399 1.19683 0)
(-0.505771 0.511938 0)
(-0.192351 -0.259059 0)
(0.00717105 -0.328175 0)
(0.0225671 -0.0477928 0)
(0.931612 -0.321634 0)
(1.09292 -0.29466 0)
(1.27089 -0.251538 0)
(1.42955 -0.123688 0)
(1.53331 0.0815724 0)
(1.56507 0.344028 0)
(1.51473 0.652201 0)
(1.37616 0.941394 0)
(1.15264 1.22711 0)
(0.870088 1.4199 0)
(0.542294 1.634 0)
(0.176201 1.75745 0)
(-0.263468 1.98123 0)
(-0.793372 2.02888 0)
(-1.02553 1.22989 0)
(-0.714711 0.135682 0)
(-0.336602 -0.507739 0)
(-0.131022 -0.444362 0)
(-0.0197364 -0.0454185 0)
(0.913449 -0.469953 0)
(1.11308 -0.472858 0)
(1.31689 -0.418717 0)
(1.47645 -0.244381 0)
(1.5713 0.0226122 0)
(1.58954 0.357799 0)
(1.51864 0.748163 0)
(1.35392 1.11989 0)
(1.09583 1.48441 0)
(0.777048 1.70673 0)
(0.420812 1.96612 0)
(0.0187624 2.12039 0)
(-0.476619 2.46438 0)
(-0.905296 2.41315 0)
(-0.84297 0.999516 0)
(-0.464835 -0.256635 0)
(-0.280089 -0.622689 0)
(-0.193632 -0.589222 0)
(-0.0609241 -0.118799 0)
(0.879658 -0.650596 0)
(1.09882 -0.671078 0)
(1.29236 -0.579962 0)
(1.43259 -0.354346 0)
(1.51445 -0.0272608 0)
(1.5216 0.384739 0)
(1.43862 0.860493 0)
(1.26301 1.31552 0)
(0.993873 1.76585 0)
(0.659592 2.01622 0)
(0.301847 2.30269 0)
(-0.0616145 2.47651 0)
(-0.433926 2.89343 0)
(-0.625056 2.54501 0)
(-0.489131 0.68859 0)
(-0.296839 -0.461127 0)
(-0.214308 -0.659102 0)
(-0.201275 -0.639861 0)
(-0.10717 -0.271199 0)
(0.778162 -0.843174 0)
(0.960444 -0.841669 0)
(1.1013 -0.711878 0)
(1.21553 -0.452627 0)
(1.28946 -0.0698934 0)
(1.29872 0.412557 0)
(1.22059 0.978478 0)
(1.04765 1.51293 0)
(0.801682 2.03455 0)
(0.508518 2.31527 0)
(0.201978 2.60474 0)
(-0.0897459 2.76733 0)
(-0.333026 3.15966 0)
(-0.433484 2.54269 0)
(-0.407738 0.544791 0)
(-0.301877 -0.586897 0)
(-0.112729 -0.779328 0)
(-0.0403607 -0.597614 0)
(-0.0372417 -0.400254 0)
(0.556023 -0.990807 0)
(0.662547 -0.955305 0)
(0.773749 -0.826258 0)
(0.902177 -0.557762 0)
(0.98926 -0.110402 0)
(0.97881 0.45417 0)
(0.864317 1.11117 0)
(0.676599 1.70659 0)
(0.464918 2.25501 0)
(0.254116 2.55084 0)
(0.0527947 2.82873 0)
(-0.118763 2.96257 0)
(-0.235173 3.28993 0)
(-0.290935 2.55384 0)
(-0.321415 0.53797 0)
(-0.219744 -0.767759 0)
(0.0184948 -0.984935 0)
(0.119663 -0.550582 0)
(0.0499571 -0.385956 0)
(0.196477 -1.0296 0)
(0.183308 -1.00095 0)
(0.22122 -0.915497 0)
(0.309325 -0.664402 0)
(0.375364 -0.14227 0)
(0.345596 0.522451 0)
(0.242034 1.2402 0)
(0.113898 1.86336 0)
(-0.000670085 2.39345 0)
(-0.0897014 2.68373 0)
(-0.148182 2.93096 0)
(-0.146506 3.01411 0)
(-0.090402 3.29303 0)
(-0.0618398 2.57541 0)
(-0.0837553 0.563843 0)
(0.0328668 -0.991106 0)
(0.224134 -1.15017 0)
(0.212599 -0.468294 0)
(0.0696737 -0.276907 0)
(-0.243958 -0.950989 0)
(-0.36378 -0.959208 0)
(-0.448255 -0.915084 0)
(-0.502244 -0.695653 0)
(-0.538998 -0.137486 0)
(-0.581822 0.583373 0)
(-0.609408 1.29796 0)
(-0.600231 1.91325 0)
(-0.551171 2.40286 0)
(-0.469395 2.68092 0)
(-0.353673 2.88201 0)
(-0.203094 2.92534 0)
(-0.00172278 3.14888 0)
(0.210413 2.50182 0)
(0.305524 0.571241 0)
(0.325305 -1.12189 0)
(0.310001 -1.17858 0)
(0.201438 -0.333084 0)
(0.0615959 -0.158951 0)
(-0.720555 -0.760183 0)
(-0.986812 -0.800684 0)
(-1.2165 -0.789346 0)
(-1.3838 -0.621154 0)
(-1.45528 -0.114031 0)
(-1.44502 0.589412 0)
(-1.37289 1.25164 0)
(-1.23218 1.82399 0)
(-1.03413 2.26859 0)
(-0.797754 2.52738 0)
(-0.53661 2.69461 0)
(-0.265786 2.7315 0)
(0.060022 2.86576 0)
(0.440422 2.24885 0)
(0.715842 0.488994 0)
(0.691096 -1.03512 0)
(0.42969 -1.01498 0)
(0.214684 -0.205583 0)
(0.0750932 -0.0363828 0)
(-1.14668 -0.471391 0)
(-1.50121 -0.527802 0)
(-1.82322 -0.563059 0)
(-2.06838 -0.47425 0)
(-2.17397 -0.100707 0)
(-2.11819 0.516361 0)
(-1.95135 1.1085 0)
(-1.7029 1.61507 0)
(-1.38899 2.01435 0)
(-1.05195 2.26284 0)
(-0.723523 2.42576 0)
(-0.410228 2.47187 0)
(-0.0608092 2.51447 0)
(0.349452 1.88478 0)
(0.716732 0.271595 0)
(0.624646 -0.711955 0)
(0.175487 -0.69516 0)
(0.0714091 -0.237509 0)
(0.0851257 0.106918 0)
(-1.65671 -0.131203 0)
(-2.02555 -0.213503 0)
(-2.33469 -0.306302 0)
(-2.57185 -0.294623 0)
(-2.68411 -0.0832114 0)
(-2.61822 0.388792 0)
(-2.40711 0.894148 0)
(-2.09815 1.32511 0)
(-1.72812 1.68553 0)
(-1.35207 1.94648 0)
(-0.993824 2.12084 0)
(-0.65234 2.18438 0)
(-0.258506 2.1295 0)
(0.259867 1.42957 0)
(0.678972 0.0153648 0)
(0.703591 -0.394646 0)
(0.463069 -0.388405 0)
(0.266599 -0.272514 0)
(0.103092 0.275546 0)
(-1.64885 0.235615 0)
(-2.03574 0.103448 0)
(-2.35331 -0.0562241 0)
(-2.58889 -0.116975 0)
(-2.71841 -0.0420888 0)
(-2.68131 0.254505 0)
(-2.46631 0.64293 0)
(-2.15085 1.01138 0)
(-1.80229 1.34914 0)
(-1.45499 1.62842 0)
(-1.1184 1.81025 0)
(-0.791551 1.8903 0)
(-0.365668 1.68196 0)
(0.1661 0.927064 0)
(0.482824 -0.147822 0)
(0.577951 -0.339834 0)
(0.544564 -0.195435 0)
(0.307512 -0.0732484 0)
(0.0738494 0.434215 0)
(-1.88509 0.606168 0)
(-2.23134 0.396235 0)
(-2.45794 0.14335 0)
(-2.57015 -0.00185273 0)
(-2.57679 -0.0339966 0)
(-2.44722 0.0956481 0)
(-2.19204 0.376399 0)
(-1.89512 0.72386 0)
(-1.59943 1.05378 0)
(-1.2942 1.33342 0)
(-0.973735 1.51083 0)
(-0.634908 1.5875 0)
(-0.221083 1.22509 0)
(0.173669 0.545709 0)
(0.350561 -0.21308 0)
(0.381524 -0.388702 0)
(0.536837 -0.256927 0)
(0.630659 0.117834 0)
(0.289657 0.759724 0)
(-1.65906 0.907592 0)
(-1.86047 0.590287 0)
(-1.93191 0.218973 0)
(-1.89191 -0.0121015 0)
(-1.77224 -0.125959 0)
(-1.59905 -0.0862743 0)
(-1.41008 0.156478 0)
(-1.2328 0.514712 0)
(-1.06315 0.841847 0)
(-0.874958 1.09883 0)
(-0.657675 1.25878 0)
(-0.410996 1.30969 0)
(-0.147741 0.890199 0)
(0.0735116 0.323172 0)
(0.228003 -0.290409 0)
(0.341211 -0.441804 0)
(0.604243 -0.582318 0)
(0.748794 0.227591 0)
(0.339437 1.33529 0)
)
;

boundaryField
{
    leftWall
    {
        type            extrapolatedCalculated;
        value           nonuniform List<vector> 
50
(
(0.0128729 -0.00608365 0)
(0.0128032 -0.018218 0)
(0.0127442 -0.0302915 0)
(0.0127323 -0.0423315 0)
(0.0128471 -0.0544201 0)
(0.0131301 -0.0666967 0)
(0.0135755 -0.0793176 0)
(0.014034 -0.0923656 0)
(0.0146056 -0.113682 0)
(0.0155632 -0.144145 0)
(0.00894703 -0.168902 0)
(0.00228674 -0.180159 0)
(-0.000615637 -0.181799 0)
(-0.000340768 -0.180798 0)
(0.00075791 -0.181178 0)
(0.0010551 -0.182961 0)
(0.00234006 -0.186335 0)
(0.00270971 -0.191373 0)
(0.00364954 -0.197728 0)
(0.00402957 -0.20541 0)
(0.00484273 -0.214292 0)
(0.00528216 -0.224434 0)
(0.00591777 -0.235657 0)
(0.00653648 -0.248142 0)
(0.00699814 -0.261714 0)
(0.00773247 -0.276489 0)
(0.00813338 -0.292406 0)
(0.00861484 -0.309211 0)
(0.00888297 -0.326771 0)
(0.00889052 -0.344609 0)
(0.00873697 -0.362302 0)
(0.00818558 -0.379287 0)
(0.00761793 -0.395149 0)
(0.00681444 -0.409633 0)
(0.00609376 -0.422587 0)
(0.0052781 -0.433998 0)
(0.00463669 -0.443946 0)
(0.00389542 -0.452505 0)
(0.00340642 -0.459829 0)
(0.00277202 -0.466024 0)
(0.00239708 -0.471207 0)
(0.00181145 -0.475426 0)
(0.00146964 -0.478713 0)
(0.000903514 -0.48109 0)
(0.000581849 -0.482576 0)
(0.000129989 -0.483286 0)
(-0.00011501 -0.483297 0)
(-0.000460489 -0.482718 0)
(-0.000612378 -0.481642 0)
(-0.000877083 -0.480133 0)
)
;
    }
    rightWall
    {
        type            extrapolatedCalculated;
        value           nonuniform List<vector> 
50
(
(-0.539656 -0.228666 0)
(-0.387334 -0.621423 0)
(-0.280484 -0.904279 0)
(-0.215711 -1.11426 0)
(-0.163228 -1.27515 0)
(-0.226767 -1.43927 0)
(-0.179138 -1.60838 0)
(-0.0373383 -1.69837 0)
(0.021265 -1.69294 0)
(0.0486701 -1.62656 0)
(0.0523295 -1.53197 0)
(0.0628205 -1.42474 0)
(0.0822121 -1.29144 0)
(0.108445 -1.11796 0)
(0.126649 -0.904849 0)
(0.141541 -0.662082 0)
(0.18674 -0.365009 0)
(0.181088 -0.0321805 0)
(0.141009 0.259265 0)
(0.0909818 0.469179 0)
(0.0180392 0.567833 0)
(-0.00225669 0.582169 0)
(-0.00562122 0.575121 0)
(-0.00712197 0.563632 0)
(-0.0156911 0.543003 0)
(-0.040715 0.49197 0)
(-0.075438 0.387084 0)
(-0.114657 0.217327 0)
(-0.134915 -0.00636414 0)
(-0.0808197 -0.201427 0)
(-0.00722045 -0.281008 0)
(0.00443158 -0.283377 0)
(0.0146482 -0.266011 0)
(0.0308376 -0.225037 0)
(0.0217905 -0.177783 0)
(0.0499611 -0.113177 0)
(0.0225671 -0.0477928 0)
(-0.0197364 -0.0454185 0)
(-0.0609241 -0.118799 0)
(-0.10717 -0.271199 0)
(-0.0372417 -0.400254 0)
(0.0499571 -0.385956 0)
(0.0696737 -0.276907 0)
(0.0615959 -0.158951 0)
(0.0750932 -0.0363828 0)
(0.0851257 0.106918 0)
(0.103092 0.275546 0)
(0.0738494 0.434215 0)
(0.289657 0.759724 0)
(0.339437 1.33529 0)
)
;
    }
    lowerWall
    {
        type            extrapolatedCalculated;
        value           nonuniform List<vector> 
62
(
(0.0128729 -0.00608365 0)
(0.039097 -0.00630964 0)
(0.0646463 -0.00576476 0)
(0.088214 -0.00537315 0)
(0.110819 -0.00530994 0)
(0.134041 -0.00566439 0)
(0.15603 -0.00472762 0)
(0.17451 -0.00400561 0)
(0.190938 -0.00375846 0)
(0.204808 -0.00279647 0)
(0.215103 -0.00206864 0)
(0.222487 -0.00142107 0)
(0.227658 -0.00102257 0)
(0.229941 -5.6221e-05 0)
(0.227594 0.00116537 0)
(0.220818 0.00203687 0)
(0.21022 0.00297154 0)
(0.195773 0.00385628 0)
(0.177059 0.00498752 0)
(0.152167 0.0067762 0)
(0.12062 0.00813279 0)
(0.0820437 0.0100983 0)
(0.0303379 0.0143376 0)
(0.0303379 0.0143376 0)
(0.0220439 0.0390932 0)
(0.0284299 0.0629471 0)
(0.0266725 0.0889883 0)
(0.0355939 0.118415 0)
(0.0348562 0.151709 0)
(0.047847 0.190794 0)
(0.0508541 0.23744 0)
(0.288801 0.0865546 0)
(0.208766 0.0836835 0)
(0.138619 0.065522 0)
(0.0866257 0.0450718 0)
(-0.0569748 0.025725 0)
(-0.0564094 0.0769345 0)
(-0.0610135 0.129862 0)
(-0.0594509 0.184083 0)
(-0.0556809 0.236035 0)
(-0.0408391 0.280069 0)
(-0.0251641 0.311122 0)
(0.0504552 0.303163 0)
(-0.0569748 0.025725 0)
(-0.18598 0.032128 0)
(-0.335777 0.0345723 0)
(-0.560221 0.0638714 0)
(-1.19488 0.209036 0)
(-2.10909 0.182887 0)
(-2.54859 0.00757746 0)
(-2.54716 -0.00485446 0)
(-2.48306 -0.0197061 0)
(-2.34235 -0.0375575 0)
(-2.15773 -0.038365 0)
(-2.00984 -0.0221233 0)
(-1.93738 -0.00672367 0)
(-1.93471 0.00728964 0)
(-1.98233 0.0146252 0)
(-2.02304 0.00448394 0)
(-1.91167 -0.0498887 0)
(-1.43566 -0.150275 0)
(-0.539656 -0.228666 0)
)
;
    }
    atmosphere
    {
        type            extrapolatedCalculated;
        value           nonuniform List<vector> 
46
(
(-0.000877083 -0.480133 0)
(-0.00267659 -0.479721 0)
(-0.00461872 -0.480477 0)
(-0.00680307 -0.480979 0)
(-0.00934177 -0.483939 0)
(-0.0123445 -0.486089 0)
(-0.0159484 -0.491624 0)
(-0.0202964 -0.495673 0)
(-0.0255716 -0.503655 0)
(-0.0319779 -0.509234 0)
(-0.0397718 -0.518766 0)
(-0.0492529 -0.524389 0)
(-0.0607555 -0.533284 0)
(-0.074728 -0.53537 0)
(-0.0915729 -0.540552 0)
(-0.111848 -0.532726 0)
(-0.136291 -0.5251 0)
(-0.165808 -0.492596 0)
(-0.202836 -0.44145 0)
(-0.252345 -0.329141 0)
(-0.333514 -0.127375 0)
(-0.497452 0.219687 0)
(-0.777922 0.530835 0)
(-1.02871 0.714237 0)
(-1.18288 0.879312 0)
(-1.32454 0.984883 0)
(-1.4604 0.999238 0)
(-1.65906 0.907592 0)
(-1.86047 0.590287 0)
(-1.93191 0.218973 0)
(-1.89191 -0.0121015 0)
(-1.77224 -0.125959 0)
(-1.59905 -0.0862743 0)
(-1.41008 0.156478 0)
(-1.2328 0.514712 0)
(-1.06315 0.841847 0)
(-0.874958 1.09883 0)
(-0.657675 1.25878 0)
(-0.410996 1.30969 0)
(-0.147741 0.890199 0)
(0.0735116 0.323172 0)
(0.228003 -0.290409 0)
(0.341211 -0.441804 0)
(0.604243 -0.582318 0)
(0.748794 0.227591 0)
(0.339437 1.33529 0)
)
;
    }
    defaultFaces
    {
        type            empty;
    }
}


// ************************************************************************* //
