/*--------------------------------*- C++ -*----------------------------------*\
| =========                 |                                                 |
| \\      /  F ield         | OpenFOAM: The Open Source CFD Toolbox           |
|  \\    /   O peration     | Version:  2012                                  |
|   \\  /    A nd           | Website:  www.openfoam.com                      |
|    \\/     M anipulation  |                                                 |
\*---------------------------------------------------------------------------*/
FoamFile
{
    version     2.0;
    format      ascii;
    class       volScalarField;
    location    "0.25";
    object      T;
}
// * * * * * * * * * * * * * * * * * * * * * * * * * * * * * * * * * * * * * //

dimensions      [0 0 0 1 0 0 0];


internalField   nonuniform List<scalar> 
2268
(
273
273
273
273
273
273
273
273
273
273
273
273
273
273
273
273
273
273
273
273
273
273
273.001
273
273
273
273
273
273
273
273
273
273
273
273
273
273
273
273
273
273
273
273
273
273
273.001
273
273
273
273
273
273
273
273
273
273
273
273
273
273
273
273
273
273
273
273
273
273
273.001
273
273
273
273
273
273
273
273
273
273
273
273
273
273
273
273
273
273
273
273
273
273
273.001
273
273
273
273
273
273
273
273
273
273
273
273
273
273
273
273
273
273
273
273
273
273
273.001
273
273
273
273
273
273
273
273
273
273
273
273
273
273
273
273
273
273
273
273
273
273
273.001
273
273
273
273
273
273
273
273
273
273
273
273
273
273
273
273
273
273
273
273
273
273
273.001
273
273
273
273
273
273
273
273
273
273
273
273
273
273
273
273
273
273
273
273
273
273
273.001
273.013
273.014
273.014
273.014
273.014
273.014
273.014
273.014
273.014
273.014
273.014
273.014
273.014
273.014
273.014
273.014
273.014
273.014
273.014
273.013
273.014
273.014
273.014
273.014
273.014
273.014
273.014
273.014
273.014
273.014
273.014
273.014
273.014
273.014
273.014
273.014
273.014
273.014
273.013
273.014
273.014
273.014
273.014
273.014
273.014
273.014
273.014
273.014
273.014
273.014
273.014
273.014
273.014
273.014
273.014
273.014
273.014
273.013
273.014
273.013
273.014
273.014
273.014
273.014
273.014
273.014
273.014
273.014
273.014
273.014
273.014
273.014
273.014
273.014
273.014
273.014
273.013
273.014
273.013
273.014
273.014
273.014
273.014
273.014
273.014
273.014
273.014
273.014
273.014
273.014
273.014
273.014
273.014
273.014
273.014
273.013
273.013
273.013
273.014
273.014
273.014
273.014
273.014
273.014
273.014
273.014
273.014
273.014
273.014
273.014
273.014
273.014
273.014
273.014
273.013
273.014
273.013
273.014
273.014
273.014
273.014
273.014
273.014
273.014
273.014
273.014
273.014
273.014
273.014
273.014
273.014
273.014
273.014
273.013
273.013
273.013
273.014
273.013
273.014
273.014
273.014
273.014
273.014
273.014
273.014
273.014
273.014
273.014
273.014
273.014
273.014
273.014
273
273
273
273
273
273
273
273
273
273
273
273
273
273
273
273
273
273
273
273
273
273
273
273
273
273
273
273
273
273
273
273
273
273
273
273
273
273
273
273
273
273
273
273
273
273
273
273
273
273
273
273
273
273
273
273
273
273
273
272.999
272.998
272.997
272.997
272.998
272.999
272.999
273
273.001
273.001
273
273
273
273
273
273
273
273
273
272.999
272.999
272.998
272.997
272.994
272.991
272.988
272.987
272.988
272.99
272.993
272.996
272.999
273
273
273
273
272.999
272.999
272.999
272.999
272.998
272.997
272.996
272.994
272.991
272.987
272.981
272.977
272.977
272.978
272.98
272.983
272.986
272.99
272.994
272.998
272.997
272.997
272.997
272.997
272.996
272.995
272.994
272.992
272.989
272.986
272.982
272.978
272.974
272.971
272.971
272.974
272.979
272.985
272.988
272.99
272.991
272.993
272.996
272.99
272.99
272.989
272.988
272.986
272.984
272.981
272.978
272.976
272.973
272.972
272.971
272.968
272.97
272.974
272.981
272.987
272.992
272.995
272.996
272.995
272.995
272.996
272.975
272.975
272.974
272.973
272.972
272.97
272.97
272.97
272.97
272.969
272.973
272.978
272.981
272.982
272.984
272.986
272.99
272.994
272.996
272.997
272.997
272.996
272.996
272.966
272.966
272.966
272.966
272.965
272.966
272.97
272.975
272.98
272.985
272.989
272.991
272.992
272.992
272.99
272.99
272.991
272.994
272.996
272.997
272.997
272.996
272.996
272.972
272.973
272.975
272.978
272.981
272.985
272.988
272.991
272.993
272.995
272.996
272.997
272.996
272.996
272.996
272.995
272.995
272.995
272.996
272.996
272.996
272.996
272.996
272.99
272.991
272.992
272.993
272.994
272.996
272.996
272.997
272.998
272.998
272.998
272.998
272.998
272.997
272.997
272.996
272.996
272.996
272.996
272.996
272.996
272.996
272.996
272.997
272.997
272.997
272.998
272.998
272.998
272.998
272.998
272.998
272.998
272.998
272.998
272.998
272.998
272.997
272.997
272.996
272.996
272.996
272.996
272.996
272.996
272.995
272.999
272.999
272.999
272.999
272.999
272.999
272.998
272.998
272.998
272.998
272.998
272.997
272.997
272.997
272.997
272.997
272.997
272.996
272.996
272.996
272.996
272.995
272.995
272.999
272.999
272.999
272.999
272.998
272.998
272.998
272.998
272.998
272.997
272.997
272.997
272.997
272.996
272.997
272.997
272.996
272.996
272.996
272.996
272.995
272.995
272.994
272.998
272.998
272.998
272.998
272.998
272.998
272.998
272.998
272.997
272.997
272.997
272.997
272.997
272.997
272.997
272.996
272.996
272.996
272.996
272.995
272.995
272.994
272.993
272.998
272.998
272.998
272.998
272.998
272.998
272.998
272.997
272.997
272.997
272.997
272.997
272.997
272.997
272.997
272.996
272.996
272.996
272.996
272.995
272.995
272.994
272.993
272.998
272.998
272.998
272.998
272.998
272.998
272.997
272.997
272.997
272.997
272.997
272.997
272.997
272.997
272.996
272.996
272.996
272.996
272.995
272.995
272.994
272.993
272.992
272.998
272.998
272.998
272.998
272.998
272.998
272.997
272.997
272.997
272.997
272.997
272.997
272.997
272.997
272.996
272.996
272.996
272.996
272.995
272.995
272.994
272.993
272.992
272.998
272.998
272.998
272.998
272.998
272.997
272.997
272.997
272.997
272.997
272.997
272.997
272.997
272.997
272.996
272.996
272.996
272.995
272.995
272.994
272.994
272.993
272.991
272.998
272.998
272.998
272.998
272.998
272.997
272.997
272.997
272.997
272.997
272.997
272.997
272.997
272.997
272.996
272.996
272.996
272.995
272.995
272.994
272.994
272.993
272.991
272.998
272.998
272.998
272.998
272.997
272.997
272.997
272.997
272.997
272.997
272.997
272.997
272.997
272.997
272.996
272.996
272.996
272.995
272.995
272.994
272.994
272.993
272.991
272.998
272.998
272.998
272.998
272.997
272.997
272.997
272.997
272.997
272.997
272.997
272.997
272.997
272.997
272.996
272.996
272.996
272.996
272.995
272.995
272.994
272.993
272.992
272.998
272.998
272.998
272.998
272.998
272.997
272.997
272.997
272.997
272.997
272.997
272.997
272.997
272.997
272.996
272.996
272.996
272.996
272.995
272.995
272.994
272.994
272.993
272.998
272.998
272.998
272.998
272.998
272.997
272.997
272.997
272.997
272.997
272.997
272.997
272.997
272.997
272.997
272.996
272.996
272.996
272.996
272.995
272.995
272.994
272.994
272.998
272.998
272.998
272.998
272.998
272.998
272.997
272.997
272.997
272.997
272.997
272.997
272.997
272.997
272.997
272.996
272.996
272.996
272.996
272.996
272.995
272.995
272.994
272.998
272.998
272.998
272.998
272.998
272.998
272.998
272.997
272.997
272.997
272.997
272.997
272.997
272.997
272.997
272.997
272.997
272.996
272.996
272.996
272.996
272.996
272.995
272.998
272.998
272.998
272.998
272.998
272.998
272.998
272.998
272.997
272.997
272.997
272.997
272.997
272.997
272.997
272.997
272.997
272.997
272.996
272.996
272.996
272.996
272.996
272.998
272.998
272.998
272.998
272.998
272.998
272.998
272.998
272.998
272.998
272.997
272.997
272.997
272.997
272.997
272.997
272.997
272.997
272.997
272.997
272.997
272.997
272.996
272.998
272.998
272.998
272.998
272.998
272.998
272.998
272.998
272.998
272.998
272.998
272.997
272.997
272.997
272.997
272.997
272.997
272.997
272.997
272.997
272.997
272.997
272.997
272.998
272.998
272.998
272.998
272.998
272.998
272.998
272.998
272.998
272.998
272.998
272.998
272.998
272.997
272.997
272.997
272.997
272.997
272.997
272.997
272.997
272.997
272.997
272.998
272.998
272.998
272.998
272.998
272.998
272.998
272.998
272.998
272.998
272.998
272.998
272.998
272.998
272.998
272.998
272.998
272.997
272.997
272.997
272.997
272.998
272.998
272.999
272.999
272.998
272.998
272.998
272.998
272.998
272.998
272.998
272.998
272.998
272.998
272.998
272.998
272.998
272.998
272.998
272.998
272.998
272.998
272.998
272.998
272.998
272.999
272.999
272.999
272.999
272.999
272.999
272.998
272.998
272.998
272.998
272.998
272.998
272.998
272.998
272.998
272.998
272.998
272.998
272.998
272.998
272.998
272.998
272.998
272.999
272.999
272.999
272.999
272.999
272.999
272.999
272.999
272.999
272.998
272.998
272.998
272.998
272.998
272.998
272.998
272.998
272.998
272.998
272.998
272.998
272.998
272.998
273
273
273
272.999
272.999
272.999
272.999
272.999
272.999
272.999
272.999
272.999
272.998
272.998
272.998
272.998
272.998
272.998
272.998
272.998
272.998
272.998
272.998
273
273
273
273
273
273
273
273
272.999
272.999
272.999
272.999
272.999
272.999
272.999
272.998
272.998
272.998
272.998
272.998
272.998
272.998
272.998
273.002
273.002
273.001
273.001
273.001
273.001
273.001
273.001
273
273
273
272.999
272.999
272.999
272.999
272.999
272.999
272.999
272.999
272.999
272.999
272.999
272.999
273.003
273.003
273.003
273.003
273.003
273.002
273.002
273.002
273.002
273.001
273.001
273.001
273
273
273
272.999
272.999
272.999
272.999
272.999
272.999
272.999
272.999
273.005
273.005
273.005
273.005
273.005
273.005
273.004
273.004
273.004
273.003
273.003
273.002
273.002
273.001
273.001
273.001
273
273
273
272.999
272.999
272.999
272.999
273.008
273.008
273.008
273.008
273.007
273.007
273.007
273.007
273.006
273.006
273.006
273.005
273.005
273.004
273.004
273.003
273.002
273.002
273.001
273
273
272.999
272.999
273.01
273.01
273.01
273.01
273.01
273.009
273.009
273.009
273.009
273.008
273.008
273.008
273.007
273.007
273.006
273.006
273.005
273.004
273.003
273.002
273.002
273.001
273
273.011
273.011
273.011
273.011
273.011
273.011
273.01
273.01
273.01
273.01
273.009
273.009
273.009
273.008
273.008
273.007
273.007
273.006
273.005
273.004
273.004
273.003
273.002
273.001
273.001
273.001
273.009
273.001
273.001
273.001
273.002
273.001
273.001
273.001
273.001
273.001
273.001
273.001
273.001
273
273
273.001
273.002
272.998
272.999
273
273.001
272.996
272.997
272.998
272.999
272.996
272.996
272.996
272.996
272.996
272.996
272.995
272.995
272.996
272.996
272.996
272.996
272.996
272.996
272.996
272.996
272.995
272.995
272.995
272.995
272.994
272.994
272.994
272.994
272.993
272.993
272.993
272.993
272.993
272.993
272.993
272.993
272.992
272.992
272.992
272.993
272.991
272.992
272.992
272.994
272.991
272.992
272.993
272.995
272.991
272.991
272.992
272.995
272.991
272.991
272.993
272.995
272.991
272.991
272.991
272.992
272.991
272.991
272.99
272.991
272.991
272.991
272.99
272.99
272.993
272.993
272.992
272.992
272.994
272.994
272.993
272.993
272.995
272.995
272.995
272.995
272.996
272.996
272.996
272.996
272.996
272.996
272.997
272.997
272.997
272.997
272.997
272.997
272.997
272.997
272.997
272.998
272.998
272.998
272.998
272.998
272.998
272.998
272.998
272.998
272.998
272.998
272.998
272.998
272.998
272.998
272.998
272.999
272.998
272.999
272.999
272.999
272.999
272.999
272.999
272.999
272.999
272.999
272.999
272.999
272.999
272.999
272.999
272.999
272.999
272.999
272.999
272.999
272.999
272.999
272.999
272.999
273
272.999
272.999
272.999
273.001
273
273
272.999
273.012
273.014
273.013
273.014
273.013
273.014
273.013
273.014
273.014
273.014
273.014
273.014
273.014
273.014
273.014
273.014
273.014
273.014
273.014
273.004
273.007
273.012
273.014
273.013
273.013
273.013
273.013
273.014
273.014
273.014
273.014
273.014
273.014
273.014
273.014
273.014
273.014
273.014
273.001
273.003
273.005
273.012
273.013
273.014
273.013
273.013
273.013
273.013
273.014
273.014
273.014
273.014
273.014
273.014
273.014
273.014
273.014
273.001
273.002
273.003
273.004
273.007
273.012
273.013
273.013
273.013
273.013
273.014
273.014
273.014
273.014
273.014
273.014
273.014
273.014
273.014
273.002
273.002
273.002
273.003
273.004
273.007
273.01
273.013
273.013
273.013
273.013
273.013
273.014
273.014
273.014
273.014
273.014
273.014
273.014
273.002
273.003
273.003
273.003
273.004
273.005
273.007
273.009
273.013
273.013
273.013
273.013
273.013
273.014
273.014
273.014
273.014
273.014
273.014
273.001
273.003
273.003
273.004
273.004
273.004
273.006
273.009
273.012
273.013
273.013
273.013
273.013
273.013
273.013
273.013
273.013
273.013
273.013
272.998
273.001
273.001
273.001
273.003
273.004
273.005
273.008
273.012
273.015
273.013
273.013
273.013
273.013
273.013
273.013
273.013
273.013
273.013
272.996
272.997
272.999
273
272.999
273.001
273.004
273.008
273.014
273.016
273.014
273.013
273.013
273.013
273.013
273.013
273.013
273.013
273.013
272.996
272.996
272.997
272.998
272.995
272.996
273.002
273.008
273.017
273.018
273.015
273.013
273.013
273.013
273.013
273.013
273.013
273.013
273.013
272.997
272.997
272.997
272.998
272.995
272.993
272.998
273.007
273.019
273.019
273.015
273.012
273.012
273.012
273.012
273.012
273.012
273.012
273.012
272.995
272.997
272.997
272.998
272.994
272.988
272.994
273.008
273.022
273.021
273.015
273.012
273.012
273.012
273.012
273.012
273.012
273.012
273.012
272.994
272.995
272.997
272.998
272.991
272.986
272.994
273.01
273.024
273.022
273.014
273.011
273.011
273.011
273.012
273.012
273.012
273.012
273.012
272.994
272.995
272.997
272.997
272.986
272.985
272.996
273.016
273.028
273.023
273.013
273.011
273.011
273.011
273.011
273.011
273.011
273.011
273.011
272.994
272.995
272.997
272.996
272.985
272.989
273.005
273.025
273.029
273.022
273.012
273.01
273.01
273.01
273.011
273.011
273.011
273.011
273.011
272.997
272.997
272.997
272.993
272.987
272.994
273.009
273.024
273.024
273.016
273.01
273.009
273.009
273.01
273.01
273.01
273.01
273.01
273.01
273
272.999
272.995
272.983
272.977
272.985
273.008
273.016
273.016
273.01
273.008
273.008
273.009
273.009
273.009
273.009
273.01
273.01
273.01
273
272.999
272.988
272.964
272.972
272.988
273.011
273.012
273.008
273.006
273.007
273.008
273.008
273.009
273.009
273.009
273.009
273.009
273.009
273
272.996
272.974
272.97
272.981
273.001
273.018
273.014
273.008
273.006
273.007
273.007
273.008
273.008
273.008
273.008
273.008
273.008
273.008
273
272.995
272.974
272.981
272.997
273.02
273.031
273.019
273.007
273.006
273.006
273.007
273.007
273.007
273.008
273.008
273.008
273.008
273.008
272.995
272.998
272.984
273.002
273.024
273.041
273.038
273.018
273.006
273.005
273.006
273.006
273.007
273.007
273.007
273.007
273.007
273.007
273.007
272.992
273.004
273.01
273.024
273.041
273.044
273.035
273.011
273.005
273.005
273.005
273.006
273.006
273.006
273.007
273.007
273.007
273.007
273.007
272.99
272.995
273.01
273.022
273.03
273.031
273.021
273.006
273.004
273.004
273.005
273.005
273.006
273.006
273.006
273.006
273.006
273.006
273.006
272.992
272.992
272.997
273.005
273.01
273.008
273.003
273.001
273.003
273.004
273.004
273.005
273.005
273.005
273.006
273.006
273.006
273.006
273.006
272.993
272.992
272.993
272.996
272.999
273.001
273.001
273.002
273.003
273.004
273.004
273.004
273.005
273.005
273.005
273.005
273.005
273.005
273.005
272.995
272.995
272.995
272.996
272.998
272.999
273
273.001
273.002
273.003
273.003
273.004
273.004
273.004
273.005
273.005
273.005
273.005
273.005
272.996
272.996
272.996
272.997
272.998
272.999
273.001
273.002
273.002
273.003
273.003
273.004
273.004
273.004
273.004
273.004
273.004
273.004
273.004
272.997
272.997
272.997
272.998
272.999
272.999
273
273.001
273.002
273.002
273.003
273.003
273.003
273.004
273.004
273.004
273.004
273.004
273.004
272.997
272.997
272.998
272.998
272.999
273
273.001
273.001
273.002
273.002
273.002
273.003
273.003
273.003
273.003
273.003
273.003
273.004
273.004
272.998
272.998
272.998
272.999
272.999
273
273
273.001
273.001
273.002
273.002
273.002
273.003
273.003
273.003
273.003
273.003
273.003
273.003
272.998
272.998
272.999
272.999
273
273
273
273.001
273.001
273.002
273.002
273.002
273.002
273.002
273.002
273.003
273.003
273.003
273.003
272.998
272.999
272.999
272.999
273
273
273
273.001
273.001
273.001
273.002
273.002
273.002
273.002
273.002
273.002
273.002
273.002
273.002
272.999
272.999
272.999
272.999
273
273
273
273.001
273.001
273.001
273.001
273.001
273.002
273.002
273.002
273.002
273.002
273.002
273.002
272.999
272.999
272.999
272.999
273
273
273
273
273.001
273.001
273.001
273.001
273.001
273.001
273.001
273.002
273.002
273.002
273.002
272.999
272.999
272.999
272.999
273
273
273
273
273
273.001
273.001
273.001
273.001
273.001
273.001
273.001
273.001
273.001
273.001
272.999
272.999
272.999
272.999
272.999
273
273
273
273
273
273
273.001
273.001
273.001
273.001
273.001
273.001
273.001
273.001
272.999
272.999
272.999
272.999
272.999
272.999
273
273
273
273
273
273
273
273
273
273.001
273.001
273.001
273.001
272.999
272.999
272.999
272.999
272.999
272.999
272.999
272.999
273
273
273
273
273
273
273
273
273
273
273
272.999
272.999
272.999
272.999
272.999
272.999
272.999
272.999
272.999
272.999
272.999
272.999
272.999
272.999
272.999
272.999
272.999
272.999
273
272.999
272.998
272.998
272.998
272.998
272.998
272.998
272.998
272.998
272.998
272.998
272.998
272.998
272.998
272.998
272.998
272.998
272.998
272.998
272.998
272.998
272.998
272.998
272.997
272.997
272.997
272.997
272.997
272.997
272.997
272.997
272.997
272.997
272.997
272.997
272.997
272.997
272.997
272.998
272.997
272.997
272.996
272.995
272.994
272.994
272.993
272.993
272.993
272.993
272.992
272.992
272.992
272.992
272.992
272.992
272.992
272.992
)
;

boundaryField
{
    leftWall
    {
        type            zeroGradient;
    }
    rightWall
    {
        type            zeroGradient;
    }
    lowerWall
    {
        type            zeroGradient;
    }
    atmosphere
    {
        type            zeroGradient;
    }
    defaultFaces
    {
        type            empty;
    }
}


// ************************************************************************* //
