/*--------------------------------*- C++ -*----------------------------------*\
| =========                 |                                                 |
| \\      /  F ield         | OpenFOAM: The Open Source CFD Toolbox           |
|  \\    /   O peration     | Version:  3.0.1                                 |
|   \\  /    A nd           | Web:      www.OpenFOAM.org                      |
|    \\/     M anipulation  |                                                 |
\*---------------------------------------------------------------------------*/
FoamFile
{
    version     2.0;
    format      ascii;
    class       volScalarField;
    location    "0.00025";
    object      rho;
}
// * * * * * * * * * * * * * * * * * * * * * * * * * * * * * * * * * * * * * //

dimensions      [1 -3 0 0 0 0 0];

internalField   nonuniform List<scalar> 
1000
(
0.83124
0.83124
0.83124
0.83124
0.83124
0.83124
0.83124
0.83124
0.83124
0.831239
0.831237
0.831232
0.831221
0.831193
0.831127
0.830983
0.830682
0.830085
0.828976
0.827061
0.824016
0.81964
0.81412
0.807993
0.801778
0.795974
0.79107
0.787458
0.785342
0.784663
0.78496
0.785032
0.785139
0.78524
0.785228
0.785282
0.785292
0.785336
0.785351
0.785375
0.785393
0.785415
0.785432
0.785439
0.785452
0.785472
0.785472
0.785495
0.785454
0.785539
0.782311
0.769195
0.755081
0.751201
0.751039
0.751066
0.751085
0.751097
0.751101
0.751108
0.751127
0.751121
0.751149
0.751143
0.751099
0.751165
0.751183
0.751136
0.751254
0.751159
0.750955
0.751423
0.751649
0.750699
0.750539
0.752533
0.752609
0.744351
0.732141
0.722978
0.717276
0.714041
0.712322
0.711459
0.711046
0.710857
0.710775
0.71074
0.710727
0.710721
0.710719
0.710718
0.710718
0.710718
0.710718
0.710718
0.710718
0.710718
0.710718
0.710718
0.83124
0.83124
0.83124
0.83124
0.83124
0.83124
0.83124
0.83124
0.83124
0.831239
0.831237
0.831232
0.831221
0.831193
0.831127
0.830983
0.830682
0.830085
0.828976
0.827061
0.824016
0.81964
0.81412
0.807993
0.801778
0.795974
0.79107
0.787458
0.785342
0.784663
0.78496
0.785032
0.785139
0.78524
0.785228
0.785282
0.785292
0.785336
0.785351
0.785375
0.785393
0.785415
0.785432
0.785439
0.785452
0.785472
0.785472
0.785495
0.785454
0.785539
0.782311
0.769195
0.755081
0.751201
0.751039
0.751066
0.751085
0.751097
0.751101
0.751108
0.751127
0.751121
0.751149
0.751143
0.751099
0.751165
0.751183
0.751136
0.751254
0.751159
0.750955
0.751423
0.751649
0.750699
0.750539
0.752533
0.752609
0.744351
0.732141
0.722978
0.717276
0.714041
0.712322
0.711459
0.711046
0.710857
0.710775
0.71074
0.710727
0.710721
0.710719
0.710718
0.710718
0.710718
0.710718
0.710718
0.710718
0.710718
0.710718
0.710718
0.83124
0.83124
0.83124
0.83124
0.83124
0.83124
0.83124
0.83124
0.83124
0.831239
0.831237
0.831232
0.831221
0.831193
0.831127
0.830983
0.830682
0.830085
0.828976
0.827061
0.824016
0.81964
0.81412
0.807993
0.801778
0.795974
0.79107
0.787458
0.785342
0.784663
0.78496
0.785032
0.785139
0.78524
0.785228
0.785282
0.785292
0.785336
0.785351
0.785375
0.785393
0.785415
0.785432
0.785439
0.785452
0.785472
0.785472
0.785495
0.785454
0.785539
0.782311
0.769195
0.755081
0.751201
0.751039
0.751066
0.751085
0.751097
0.751101
0.751108
0.751127
0.751121
0.751149
0.751143
0.751099
0.751165
0.751183
0.751136
0.751254
0.751159
0.750955
0.751423
0.751649
0.750699
0.750539
0.752533
0.752609
0.744351
0.732141
0.722978
0.717276
0.714041
0.712322
0.711459
0.711046
0.710857
0.710775
0.71074
0.710727
0.710721
0.710719
0.710718
0.710718
0.710718
0.710718
0.710718
0.710718
0.710718
0.710718
0.710718
0.83124
0.83124
0.83124
0.83124
0.83124
0.83124
0.83124
0.83124
0.83124
0.831239
0.831237
0.831232
0.831221
0.831193
0.831127
0.830983
0.830682
0.830085
0.828976
0.827061
0.824016
0.81964
0.81412
0.807993
0.801778
0.795974
0.79107
0.787458
0.785342
0.784663
0.78496
0.785032
0.785139
0.78524
0.785228
0.785282
0.785292
0.785336
0.785351
0.785375
0.785393
0.785415
0.785432
0.785439
0.785452
0.785472
0.785472
0.785495
0.785454
0.785539
0.782311
0.769195
0.755081
0.751201
0.751039
0.751066
0.751085
0.751097
0.751101
0.751108
0.751127
0.751121
0.751149
0.751143
0.751099
0.751165
0.751183
0.751136
0.751254
0.751159
0.750955
0.751423
0.751649
0.750699
0.750539
0.752533
0.752609
0.744351
0.732141
0.722978
0.717276
0.714041
0.712322
0.711459
0.711046
0.710857
0.710775
0.71074
0.710727
0.710721
0.710719
0.710718
0.710718
0.710718
0.710718
0.710718
0.710718
0.710718
0.710718
0.710718
0.83124
0.83124
0.83124
0.83124
0.83124
0.83124
0.83124
0.83124
0.83124
0.831239
0.831237
0.831232
0.831221
0.831193
0.831127
0.830983
0.830682
0.830085
0.828976
0.827061
0.824016
0.81964
0.81412
0.807993
0.801778
0.795974
0.79107
0.787458
0.785342
0.784663
0.78496
0.785032
0.785139
0.78524
0.785228
0.785282
0.785292
0.785336
0.785351
0.785375
0.785393
0.785415
0.785432
0.785439
0.785452
0.785472
0.785472
0.785495
0.785454
0.785539
0.782311
0.769195
0.755081
0.751201
0.751039
0.751066
0.751085
0.751097
0.751101
0.751108
0.751127
0.751121
0.751149
0.751143
0.751099
0.751165
0.751183
0.751136
0.751254
0.751159
0.750955
0.751423
0.751649
0.750699
0.750539
0.752533
0.752609
0.744351
0.732141
0.722978
0.717276
0.714041
0.712322
0.711459
0.711046
0.710857
0.710775
0.71074
0.710727
0.710721
0.710719
0.710718
0.710718
0.710718
0.710718
0.710718
0.710718
0.710718
0.710718
0.710718
0.83124
0.83124
0.83124
0.83124
0.83124
0.83124
0.83124
0.83124
0.83124
0.831239
0.831237
0.831232
0.831221
0.831193
0.831127
0.830983
0.830682
0.830085
0.828976
0.827061
0.824016
0.81964
0.81412
0.807993
0.801778
0.795974
0.79107
0.787458
0.785342
0.784663
0.78496
0.785032
0.785139
0.78524
0.785228
0.785282
0.785292
0.785336
0.785351
0.785375
0.785393
0.785415
0.785432
0.785439
0.785452
0.785472
0.785472
0.785495
0.785454
0.785539
0.782311
0.769195
0.755081
0.751201
0.751039
0.751066
0.751085
0.751097
0.751101
0.751108
0.751127
0.751121
0.751149
0.751143
0.751099
0.751165
0.751183
0.751136
0.751254
0.751159
0.750955
0.751423
0.751649
0.750699
0.750539
0.752533
0.752609
0.744351
0.732141
0.722978
0.717276
0.714041
0.712322
0.711459
0.711046
0.710857
0.710775
0.71074
0.710727
0.710721
0.710719
0.710718
0.710718
0.710718
0.710718
0.710718
0.710718
0.710718
0.710718
0.710718
0.83124
0.83124
0.83124
0.83124
0.83124
0.83124
0.83124
0.83124
0.83124
0.831239
0.831237
0.831232
0.831221
0.831193
0.831127
0.830983
0.830682
0.830085
0.828976
0.827061
0.824016
0.81964
0.81412
0.807993
0.801778
0.795974
0.79107
0.787458
0.785342
0.784663
0.78496
0.785032
0.785139
0.78524
0.785228
0.785282
0.785292
0.785336
0.785351
0.785375
0.785393
0.785415
0.785432
0.785439
0.785452
0.785472
0.785472
0.785495
0.785454
0.785539
0.782311
0.769195
0.755081
0.751201
0.751039
0.751066
0.751085
0.751097
0.751101
0.751108
0.751127
0.751121
0.751149
0.751143
0.751099
0.751165
0.751183
0.751136
0.751254
0.751159
0.750955
0.751423
0.751649
0.750699
0.750539
0.752533
0.752609
0.744351
0.732141
0.722978
0.717276
0.714041
0.712322
0.711459
0.711046
0.710857
0.710775
0.71074
0.710727
0.710721
0.710719
0.710718
0.710718
0.710718
0.710718
0.710718
0.710718
0.710718
0.710718
0.710718
0.83124
0.83124
0.83124
0.83124
0.83124
0.83124
0.83124
0.83124
0.83124
0.831239
0.831237
0.831232
0.831221
0.831193
0.831127
0.830983
0.830682
0.830085
0.828976
0.827061
0.824016
0.81964
0.81412
0.807993
0.801778
0.795974
0.79107
0.787458
0.785342
0.784663
0.78496
0.785032
0.785139
0.78524
0.785228
0.785282
0.785292
0.785336
0.785351
0.785375
0.785393
0.785415
0.785432
0.785439
0.785452
0.785472
0.785472
0.785495
0.785454
0.785539
0.782311
0.769195
0.755081
0.751201
0.751039
0.751066
0.751085
0.751097
0.751101
0.751108
0.751127
0.751121
0.751149
0.751143
0.751099
0.751165
0.751183
0.751136
0.751254
0.751159
0.750955
0.751423
0.751649
0.750699
0.750539
0.752533
0.752609
0.744351
0.732141
0.722978
0.717276
0.714041
0.712322
0.711459
0.711046
0.710857
0.710775
0.71074
0.710727
0.710721
0.710719
0.710718
0.710718
0.710718
0.710718
0.710718
0.710718
0.710718
0.710718
0.710718
0.83124
0.83124
0.83124
0.83124
0.83124
0.83124
0.83124
0.83124
0.83124
0.831239
0.831237
0.831232
0.831221
0.831193
0.831127
0.830983
0.830682
0.830085
0.828976
0.827061
0.824016
0.81964
0.81412
0.807993
0.801778
0.795974
0.79107
0.787458
0.785342
0.784663
0.78496
0.785032
0.785139
0.78524
0.785228
0.785282
0.785292
0.785336
0.785351
0.785375
0.785393
0.785415
0.785432
0.785439
0.785452
0.785472
0.785472
0.785495
0.785454
0.785539
0.782311
0.769195
0.755081
0.751201
0.751039
0.751066
0.751085
0.751097
0.751101
0.751108
0.751127
0.751121
0.751149
0.751143
0.751099
0.751165
0.751183
0.751136
0.751254
0.751159
0.750955
0.751423
0.751649
0.750699
0.750539
0.752533
0.752609
0.744351
0.732141
0.722978
0.717276
0.714041
0.712322
0.711459
0.711046
0.710857
0.710775
0.71074
0.710727
0.710721
0.710719
0.710718
0.710718
0.710718
0.710718
0.710718
0.710718
0.710718
0.710718
0.710718
0.83124
0.83124
0.83124
0.83124
0.83124
0.83124
0.83124
0.83124
0.83124
0.831239
0.831237
0.831232
0.831221
0.831193
0.831127
0.830983
0.830682
0.830085
0.828976
0.827061
0.824016
0.81964
0.81412
0.807993
0.801778
0.795974
0.79107
0.787458
0.785342
0.784663
0.78496
0.785032
0.785139
0.78524
0.785228
0.785282
0.785292
0.785336
0.785351
0.785375
0.785393
0.785415
0.785432
0.785439
0.785452
0.785472
0.785472
0.785495
0.785454
0.785539
0.782311
0.769195
0.755081
0.751201
0.751039
0.751066
0.751085
0.751097
0.751101
0.751108
0.751127
0.751121
0.751149
0.751143
0.751099
0.751165
0.751183
0.751136
0.751254
0.751159
0.750955
0.751423
0.751649
0.750699
0.750539
0.752533
0.752609
0.744351
0.732141
0.722978
0.717276
0.714041
0.712322
0.711459
0.711046
0.710857
0.710775
0.71074
0.710727
0.710721
0.710719
0.710718
0.710718
0.710718
0.710718
0.710718
0.710718
0.710718
0.710718
0.710718
)
;

boundaryField
{
    sides1
    {
        type            calculated;
        value           nonuniform List<scalar> 
20
(
0.710718
0.710718
0.710718
0.710718
0.710718
0.710718
0.710718
0.710718
0.710718
0.710718
0.83124
0.83124
0.83124
0.83124
0.83124
0.83124
0.83124
0.83124
0.83124
0.83124
)
;
    }
    sides2
    {
        type            calculated;
        value           nonuniform List<scalar> 
200
(
0.83124
0.83124
0.83124
0.83124
0.83124
0.83124
0.83124
0.83124
0.83124
0.831239
0.831237
0.831232
0.831221
0.831193
0.831127
0.830983
0.830682
0.830085
0.828976
0.827061
0.824016
0.81964
0.81412
0.807993
0.801778
0.795974
0.79107
0.787458
0.785342
0.784663
0.78496
0.785032
0.785139
0.78524
0.785228
0.785282
0.785292
0.785336
0.785351
0.785375
0.785393
0.785415
0.785432
0.785439
0.785452
0.785472
0.785472
0.785495
0.785454
0.785539
0.782311
0.769195
0.755081
0.751201
0.751039
0.751066
0.751085
0.751097
0.751101
0.751108
0.751127
0.751121
0.751149
0.751143
0.751099
0.751165
0.751183
0.751136
0.751254
0.751159
0.750955
0.751423
0.751649
0.750699
0.750539
0.752533
0.752609
0.744351
0.732141
0.722978
0.717276
0.714041
0.712322
0.711459
0.711046
0.710857
0.710775
0.71074
0.710727
0.710721
0.710719
0.710718
0.710718
0.710718
0.710718
0.710718
0.710718
0.710718
0.710718
0.710718
0.83124
0.83124
0.83124
0.83124
0.83124
0.83124
0.83124
0.83124
0.83124
0.831239
0.831237
0.831232
0.831221
0.831193
0.831127
0.830983
0.830682
0.830085
0.828976
0.827061
0.824016
0.81964
0.81412
0.807993
0.801778
0.795974
0.79107
0.787458
0.785342
0.784663
0.78496
0.785032
0.785139
0.78524
0.785228
0.785282
0.785292
0.785336
0.785351
0.785375
0.785393
0.785415
0.785432
0.785439
0.785452
0.785472
0.785472
0.785495
0.785454
0.785539
0.782311
0.769195
0.755081
0.751201
0.751039
0.751066
0.751085
0.751097
0.751101
0.751108
0.751127
0.751121
0.751149
0.751143
0.751099
0.751165
0.751183
0.751136
0.751254
0.751159
0.750955
0.751423
0.751649
0.750699
0.750539
0.752533
0.752609
0.744351
0.732141
0.722978
0.717276
0.714041
0.712322
0.711459
0.711046
0.710857
0.710775
0.71074
0.710727
0.710721
0.710719
0.710718
0.710718
0.710718
0.710718
0.710718
0.710718
0.710718
0.710718
0.710718
)
;
    }
    empty
    {
        type            empty;
    }
}


// ************************************************************************* //
