/*--------------------------------*- C++ -*----------------------------------*\
| =========                 |                                                 |
| \\      /  F ield         | OpenFOAM: The Open Source CFD Toolbox           |
|  \\    /   O peration     | Version:  2012                                  |
|   \\  /    A nd           | Website:  www.openfoam.com                      |
|    \\/     M anipulation  |                                                 |
\*---------------------------------------------------------------------------*/
FoamFile
{
    version     2.0;
    format      ascii;
    class       volVectorField;
    location    "0.15";
    object      U;
}
// * * * * * * * * * * * * * * * * * * * * * * * * * * * * * * * * * * * * * //

dimensions      [0 1 -1 0 0 0 0];


internalField   nonuniform List<vector> 
2268
(
(0.0329509 -0.0157756 0)
(0.100569 -0.0158604 0)
(0.167222 -0.0161325 0)
(0.23712 -0.016445 0)
(0.30641 -0.0168479 0)
(0.379815 -0.0174863 0)
(0.454392 -0.0179537 0)
(0.531966 -0.0187631 0)
(0.613159 -0.0194947 0)
(0.697219 -0.0201197 0)
(0.783536 -0.0206922 0)
(0.87269 -0.0216054 0)
(0.96612 -0.0216941 0)
(1.0565 -0.0213024 0)
(1.14571 -0.0183492 0)
(1.21297 -0.0163905 0)
(1.28438 -0.0118843 0)
(1.31612 -0.00357278 0)
(1.31413 0.00754203 0)
(1.24458 0.0275309 0)
(1.07668 0.0584819 0)
(0.752091 0.0916741 0)
(0.294674 0.123816 0)
(0.032845 -0.0473254 0)
(0.10046 -0.0475968 0)
(0.16697 -0.0483957 0)
(0.236765 -0.0493483 0)
(0.305963 -0.0505632 0)
(0.379263 -0.0524897 0)
(0.453804 -0.0539006 0)
(0.531313 -0.0563277 0)
(0.612472 -0.0585429 0)
(0.696613 -0.0604696 0)
(0.783143 -0.0621549 0)
(0.872496 -0.064774 0)
(0.965871 -0.0650857 0)
(1.05736 -0.0636783 0)
(1.14744 -0.0554534 0)
(1.21799 -0.0492985 0)
(1.29326 -0.0366345 0)
(1.33209 -0.010676 0)
(1.3363 0.0266392 0)
(1.26915 0.0847536 0)
(1.09982 0.174684 0)
(0.764418 0.278222 0)
(0.295244 0.370377 0)
(0.0326554 -0.078773 0)
(0.100221 -0.0792469 0)
(0.166452 -0.0805431 0)
(0.236042 -0.082144 0)
(0.305057 -0.084164 0)
(0.378142 -0.0873944 0)
(0.452611 -0.0897588 0)
(0.529992 -0.0938055 0)
(0.611068 -0.0975537 0)
(0.695351 -0.100848 0)
(0.782294 -0.103736 0)
(0.872114 -0.108056 0)
(0.965678 -0.108987 0)
(1.05923 -0.107243 0)
(1.15065 -0.094176 0)
(1.22781 -0.0855405 0)
(1.30987 -0.0657048 0)
(1.35883 -0.0243521 0)
(1.38149 0.0373019 0)
(1.31675 0.138936 0)
(1.1405 0.297136 0)
(0.785464 0.472009 0)
(0.30673 0.62381 0)
(0.0324365 -0.110124 0)
(0.0998173 -0.110832 0)
(0.165669 -0.112581 0)
(0.234966 -0.114868 0)
(0.303712 -0.117695 0)
(0.376463 -0.122265 0)
(0.450807 -0.125615 0)
(0.528 -0.131271 0)
(0.608926 -0.136633 0)
(0.693341 -0.141457 0)
(0.780848 -0.145615 0)
(0.871243 -0.15152 0)
(0.965665 -0.153417 0)
(1.06103 -0.151175 0)
(1.1545 -0.13494 0)
(1.24136 -0.124576 0)
(1.33009 -0.0982924 0)
(1.39643 -0.0443439 0)
(1.43781 0.0470985 0)
(1.3774 0.199364 0)
(1.20417 0.426606 0)
(0.839587 0.672927 0)
(0.328955 0.88638 0)
(0.0322389 -0.141272 0)
(0.0991666 -0.142209 0)
(0.164594 -0.144405 0)
(0.233474 -0.147393 0)
(0.301871 -0.151005 0)
(0.374154 -0.156947 0)
(0.448297 -0.161321 0)
(0.525242 -0.168585 0)
(0.605954 -0.175633 0)
(0.690451 -0.182167 0)
(0.778618 -0.187741 0)
(0.86987 -0.195492 0)
(0.965559 -0.198629 0)
(1.06337 -0.196629 0)
(1.16065 -0.179382 0)
(1.2584 -0.168853 0)
(1.35781 -0.139101 0)
(1.44214 -0.0757629 0)
(1.49819 0.0455898 0)
(1.44801 0.248332 0)
(1.29404 0.550646 0)
(0.914502 0.88532 0)
(0.373077 1.17498 0)
(0.0319864 -0.17223 0)
(0.0983575 -0.173387 0)
(0.16326 -0.176053 0)
(0.231593 -0.179762 0)
(0.299575 -0.184159 0)
(0.371258 -0.191508 0)
(0.445093 -0.196975 0)
(0.521724 -0.205835 0)
(0.60215 -0.214655 0)
(0.686632 -0.22312 0)
(0.775453 -0.230336 0)
(0.867574 -0.239931 0)
(0.964759 -0.244764 0)
(1.06507 -0.243405 0)
(1.16808 -0.226908 0)
(1.27635 -0.217637 0)
(1.38949 -0.184754 0)
(1.48937 -0.110017 0)
(1.55631 0.04522 0)
(1.53571 0.297718 0)
(1.42291 0.68106 0)
(1.04976 1.10978 0)
(0.433397 1.49481 0)
(0.0316727 -0.202865 0)
(0.0973419 -0.204242 0)
(0.161617 -0.207359 0)
(0.229231 -0.21182 0)
(0.296721 -0.216977 0)
(0.36767 -0.225748 0)
(0.441084 -0.232377 0)
(0.517328 -0.242857 0)
(0.597458 -0.253509 0)
(0.681848 -0.264133 0)
(0.771339 -0.27319 0)
(0.864548 -0.285044 0)
(0.963589 -0.291931 0)
(1.06723 -0.292867 0)
(1.177 -0.279291 0)
(1.29675 -0.273897 0)
(1.42411 -0.240166 0)
(1.53741 -0.155401 0)
(1.61687 0.0218841 0)
(1.64803 0.30929 0)
(1.59503 0.777609 0)
(1.25212 1.35235 0)
(0.587115 1.87604 0)
(0.0313172 -0.233207 0)
(0.09617 -0.234805 0)
(0.159742 -0.238384 0)
(0.226534 -0.243632 0)
(0.293443 -0.249568 0)
(0.363544 -0.259778 0)
(0.436409 -0.267666 0)
(0.512196 -0.279793 0)
(0.59197 -0.292356 0)
(0.676147 -0.305353 0)
(0.766152 -0.316617 0)
(0.860268 -0.330832 0)
(0.960972 -0.340456 0)
(1.06756 -0.344235 0)
(1.18386 -0.335171 0)
(1.31424 -0.334185 0)
(1.45153 -0.297898 0)
(1.57216 -0.199922 0)
(1.67467 -0.00526781 0)
(1.77178 0.311467 0)
(1.81429 0.873289 0)
(1.46014 1.58686 0)
(0.68051 2.36313 0)
(-0.169646 -0.0344786 0)
(-0.121691 -0.0341262 0)
(-0.258759 -0.0451292 0)
(-0.204882 -0.0267757 0)
(-0.180515 -0.0278328 0)
(-0.15655 -0.0176582 0)
(-0.0964473 -0.0181348 0)
(-0.0927203 -0.0125278 0)
(-0.0353985 -0.0118821 0)
(-0.0464385 -0.00796267 0)
(-8.06791e-05 -0.00730617 0)
(-0.0201502 -0.00459561 0)
(0.0163565 -0.00418743 0)
(-0.00837108 -0.00243579 0)
(0.0209754 -0.00223209 0)
(-0.00588972 -0.00120666 0)
(0.0189725 -0.00112474 0)
(-0.008751 -0.000652511 0)
(0.0139681 -0.000636249 0)
(-0.169483 0.158525 0)
(-0.130971 0.0725241 0)
(-0.25439 0.0812158 0)
(-0.202444 -0.00637306 0)
(-0.178471 0.00760521 0)
(-0.152956 -0.0180741 0)
(-0.0940445 -0.00893614 0)
(-0.0899297 -0.0133938 0)
(-0.0334907 -0.00774811 0)
(-0.044397 -0.00707358 0)
(0.00129694 -0.0037616 0)
(-0.0187544 -0.00247668 0)
(0.0172349 -0.000670714 0)
(-0.00750101 0.000365183 0)
(0.0214738 0.00131589 0)
(-0.00540493 0.00197574 0)
(0.0191909 0.00243142 0)
(-0.00853804 0.00274888 0)
(0.0139698 0.00288349 0)
(-0.200341 0.0921163 0)
(-0.170942 0.00141844 0)
(-0.288925 -0.0174085 0)
(-0.235592 -0.0593588 0)
(-0.187772 -0.0500261 0)
(-0.162696 -0.0535235 0)
(-0.0950361 -0.0454668 0)
(-0.0917935 -0.0382569 0)
(-0.0329516 -0.0314851 0)
(-0.0447043 -0.0228605 0)
(0.00176346 -0.0182733 0)
(-0.0187932 -0.01156 0)
(0.0175271 -0.00894442 0)
(-0.0074915 -0.00443574 0)
(0.0216505 -0.00307521 0)
(-0.00539087 -0.000390431 0)
(0.0193009 0.000229302 0)
(-0.00854876 0.00147639 0)
(0.0140238 0.00164397 0)
(-0.200931 0.318928 0)
(-0.196332 0.11183 0)
(-0.281818 0.113278 0)
(-0.224744 -0.0490089 0)
(-0.179291 -0.0215262 0)
(-0.151562 -0.0575285 0)
(-0.087635 -0.0384022 0)
(-0.0831699 -0.0397371 0)
(-0.0271109 -0.0274201 0)
(-0.0385048 -0.0217678 0)
(0.00587037 -0.014488 0)
(-0.0146386 -0.00916043 0)
(0.0201235 -0.00520043 0)
(-0.0049202 -0.00140417 0)
(0.0231238 0.000652621 0)
(-0.00395507 0.00296516 0)
(0.0199529 0.00393254 0)
(-0.00791507 0.00502206 0)
(0.0140301 0.00529928 0)
(-0.278906 0.25573 0)
(-0.303312 0.0339686 0)
(-0.352974 -0.0124084 0)
(-0.291024 -0.103403 0)
(-0.194704 -0.083904 0)
(-0.168155 -0.0923248 0)
(-0.0886091 -0.0757355 0)
(-0.0863684 -0.0639533 0)
(-0.0258504 -0.0510379 0)
(-0.0390198 -0.0370652 0)
(0.00684395 -0.0286698 0)
(-0.0146929 -0.0179072 0)
(0.0206949 -0.0131753 0)
(-0.00491252 -0.00599743 0)
(0.0234522 -0.00353045 0)
(-0.00395039 0.000731896 0)
(0.0201481 0.00186433 0)
(-0.00795038 0.00384293 0)
(0.0141326 0.00415446 0)
(-0.279613 0.576314 0)
(-0.315184 0.14603 0)
(-0.337344 0.117956 0)
(-0.268069 -0.116223 0)
(-0.180053 -0.0702206 0)
(-0.147585 -0.102947 0)
(-0.0758988 -0.0718522 0)
(-0.0712131 -0.0664258 0)
(-0.0160515 -0.0468814 0)
(-0.0284898 -0.0355483 0)
(0.0136149 -0.024347 0)
(-0.00780117 -0.0149432 0)
(0.024964 -0.0089523 0)
(-0.000690313 -0.00250587 0)
(0.0258746 0.000566231 0)
(-0.00159485 0.00443461 0)
(0.0212261 0.00586211 0)
(-0.00690959 0.00767288 0)
(0.0141462 0.00807736 0)
(-0.447056 0.49162 0)
(-0.561201 0.0553435 0)
(-0.418556 -0.0453432 0)
(-0.352032 -0.170282 0)
(-0.194985 -0.139583 0)
(-0.165873 -0.135949 0)
(-0.0746128 -0.110085 0)
(-0.0747631 -0.0892088 0)
(-0.0135943 -0.070097 0)
(-0.0290751 -0.0498826 0)
(0.015143 -0.0379059 0)
(-0.00788418 -0.0230968 0)
(0.0257707 -0.0164273 0)
(-0.000719299 -0.00675097 0)
(0.026308 -0.00328655 0)
(-0.00162597 0.00241203 0)
(0.0214777 0.0040011 0)
(-0.00698151 0.00663864 0)
(0.0142889 0.00707803 0)
(-0.447377 1.03644 0)
(-0.554338 0.136969 0)
(-0.365335 0.0460132 0)
(-0.315273 -0.212386 0)
(-0.169194 -0.143974 0)
(-0.135813 -0.155096 0)
(-0.0565118 -0.108559 0)
(-0.0526106 -0.0925765 0)
(0.000117237 -0.06529 0)
(-0.0140776 -0.0476582 0)
(0.0244649 -0.0326683 0)
(0.00167559 -0.0192983 0)
(0.0316347 -0.0114583 0)
(0.00506621 -0.00258678 0)
(0.0296321 0.00136827 0)
(0.001591 0.00662689 0)
(0.0229628 0.0084413 0)
(-0.00555934 0.0108896 0)
(0.0143128 0.0113994 0)
(0.0307137 -0.279964 0)
(0.0940682 -0.281911 0)
(0.156449 -0.286187 0)
(0.221738 -0.292701 0)
(0.287549 -0.2998 0)
(0.356141 -0.312253 0)
(0.427918 -0.32225 0)
(0.502699 -0.337052 0)
(0.581831 -0.352671 0)
(0.665413 -0.369694 0)
(0.755947 -0.384685 0)
(0.85139 -0.40331 0)
(0.954941 -0.417736 0)
(1.06687 -0.428843 0)
(1.19379 -0.430243 0)
(1.33922 -0.438491 0)
(1.48617 -0.398993 0)
(1.62628 -0.297606 0)
(1.7747 -0.115325 0)
(1.92671 0.19542 0)
(1.95247 0.929228 0)
(1.71527 2.04472 0)
(0.844331 3.15986 0)
(0.0297151 -0.341791 0)
(0.0904632 -0.344229 0)
(0.150855 -0.349485 0)
(0.213501 -0.357766 0)
(0.277367 -0.366532 0)
(0.343429 -0.382047 0)
(0.413167 -0.395247 0)
(0.485915 -0.413986 0)
(0.56364 -0.434097 0)
(0.645809 -0.457311 0)
(0.73601 -0.478946 0)
(0.832334 -0.504856 0)
(0.938397 -0.529132 0)
(1.05586 -0.553828 0)
(1.19192 -0.574606 0)
(1.34273 -0.590485 0)
(1.4818 -0.549471 0)
(1.62238 -0.454531 0)
(1.75807 -0.267844 0)
(1.88489 0.16182 0)
(1.93122 1.07322 0)
(1.33728 2.45442 0)
(0.800469 3.298 0)
(0.028465 -0.400761 0)
(0.08594 -0.40368 0)
(0.143806 -0.409844 0)
(0.203084 -0.419888 0)
(0.264408 -0.430349 0)
(0.327207 -0.448802 0)
(0.394201 -0.465388 0)
(0.463965 -0.488366 0)
(0.539456 -0.513296 0)
(0.619241 -0.543009 0)
(0.707749 -0.572104 0)
(0.803199 -0.606775 0)
(0.91067 -0.642368 0)
(1.0302 -0.683698 0)
(1.16676 -0.71872 0)
(1.30298 -0.730059 0)
(1.42211 -0.679816 0)
(1.55009 -0.578539 0)
(1.68137 -0.386538 0)
(1.71957 0.0298727 0)
(1.69969 1.43982 0)
(1.06275 3.44091 0)
(0.802206 3.45296 0)
(0.0270591 -0.456804 0)
(0.0807802 -0.460193 0)
(0.13578 -0.467243 0)
(0.191188 -0.479038 0)
(0.249455 -0.491287 0)
(0.308403 -0.512591 0)
(0.371998 -0.532679 0)
(0.437883 -0.560101 0)
(0.510057 -0.590129 0)
(0.586263 -0.626597 0)
(0.671455 -0.663794 0)
(0.764142 -0.70897 0)
(0.869667 -0.757204 0)
(0.988427 -0.81137 0)
(1.11104 -0.848863 0)
(1.22262 -0.846975 0)
(1.33871 -0.800648 0)
(1.47065 -0.719149 0)
(1.52089 -0.424516 0)
(1.32877 0.204186 0)
(0.666128 1.6805 0)
(1.16613 3.44153 0)
(0.82609 3.45463 0)
(0.0253816 -0.509143 0)
(0.0746395 -0.512957 0)
(0.126226 -0.520793 0)
(0.17702 -0.534149 0)
(0.231542 -0.548124 0)
(0.285812 -0.571986 0)
(0.345153 -0.595471 0)
(0.406056 -0.627148 0)
(0.47364 -0.662393 0)
(0.544667 -0.705203 0)
(0.62492 -0.7509 0)
(0.712769 -0.805854 0)
(0.814585 -0.86793 0)
(0.928315 -0.926164 0)
(1.0257 -0.954317 0)
(1.13169 -0.961077 0)
(1.25306 -0.933108 0)
(1.38529 -0.762938 0)
(1.13303 -0.209011 0)
(0.833112 0.799265 0)
(0.39825 1.64088 0)
(1.2662 3.21649 0)
(1.3059 3.73322 0)
(0.0235332 -0.557362 0)
(0.0680263 -0.561592 0)
(0.115834 -0.570169 0)
(0.161682 -0.584943 0)
(0.211919 -0.600658 0)
(0.261046 -0.626856 0)
(0.315346 -0.653538 0)
(0.370352 -0.689342 0)
(0.432432 -0.72942 0)
(0.496227 -0.778789 0)
(0.571618 -0.832669 0)
(0.649758 -0.899864 0)
(0.750775 -0.9738 0)
(0.84219 -1.02393 0)
(0.931425 -1.05466 0)
(1.03713 -1.07881 0)
(1.12976 -1.04526 0)
(1.09095 -0.597769 0)
(0.432412 0.149304 0)
(0.20601 0.942102 0)
(0.245965 1.25203 0)
(1.00899 2.49131 0)
(1.82134 3.55756 0)
(0.0214037 -0.601159 0)
(0.0606074 -0.605727 0)
(0.10407 -0.614905 0)
(0.144396 -0.63071 0)
(0.189679 -0.647966 0)
(0.233046 -0.675919 0)
(0.281188 -0.705299 0)
(0.329789 -0.744818 0)
(0.383806 -0.788895 0)
(0.440284 -0.845085 0)
(0.505043 -0.905153 0)
(0.574751 -0.985927 0)
(0.662887 -1.06116 0)
(0.737381 -1.10842 0)
(0.836195 -1.15142 0)
(0.934237 -1.16313 0)
(0.974522 -0.97262 0)
(0.431635 -0.0910144 0)
(-0.142038 0.697661 0)
(-0.170275 0.945509 0)
(-0.0151896 0.878135 0)
(0.306516 1.60817 0)
(1.45955 2.97141 0)
(0.0191684 -0.639811 0)
(0.0528541 -0.644711 0)
(0.0918335 -0.654414 0)
(0.126201 -0.671028 0)
(0.166513 -0.689812 0)
(0.203145 -0.71888 0)
(0.244836 -0.750833 0)
(0.285485 -0.792489 0)
(0.329922 -0.840558 0)
(0.378171 -0.900506 0)
(0.427405 -0.96804 0)
(0.492245 -1.05827 0)
(0.550939 -1.13799 0)
(0.633559 -1.1998 0)
(0.730805 -1.25388 0)
(0.801562 -1.21418 0)
(0.537085 -0.524662 0)
(-0.25813 0.510776 0)
(-0.362784 0.781095 0)
(-0.370438 0.797792 0)
(-0.277952 0.800715 0)
(-0.341757 0.960727 0)
(0.411909 2.28147 0)
(0.0168533 -0.673547 0)
(0.0446412 -0.678766 0)
(0.0789152 -0.688606 0)
(0.106634 -0.70575 0)
(0.141946 -0.725253 0)
(0.170385 -0.754613 0)
(0.20629 -0.787971 0)
(0.23612 -0.830377 0)
(0.273301 -0.881962 0)
(0.307029 -0.943257 0)
(0.345566 -1.01969 0)
(0.392551 -1.11019 0)
(0.4331 -1.20412 0)
(0.517224 -1.28956 0)
(0.587059 -1.31817 0)
(0.614977 -0.974252 0)
(-0.175222 0.0971644 0)
(-0.454174 0.794527 0)
(-0.448941 0.819383 0)
(-0.483912 0.838131 0)
(-0.485642 0.864688 0)
(-0.595701 0.902872 0)
(-0.477789 1.85072 0)
(0.0144582 -0.701621 0)
(0.0368464 -0.707094 0)
(0.0661043 -0.716755 0)
(0.0878617 -0.734406 0)
(0.117493 -0.753976 0)
(0.138411 -0.783617 0)
(0.167603 -0.817009 0)
(0.187074 -0.859896 0)
(0.216973 -0.911798 0)
(0.235649 -0.973161 0)
(0.26946 -1.05359 0)
(0.292508 -1.1469 0)
(0.342908 -1.26419 0)
(0.400023 -1.3553 0)
(0.444699 -1.34512 0)
(0.205427 -0.452335 0)
(-0.593075 0.565791 0)
(-0.463143 0.777052 0)
(-0.535129 0.828494 0)
(-0.492541 0.826475 0)
(-0.532379 0.925848 0)
(-0.575438 0.939019 0)
(-0.590912 1.56643 0)
(0.012129 -0.725141 0)
(0.0299093 -0.730687 0)
(0.0540456 -0.739897 0)
(0.0705811 -0.757343 0)
(0.0939861 -0.776029 0)
(0.10918 -0.80483 0)
(0.131971 -0.836802 0)
(0.145601 -0.8799 0)
(0.169546 -0.930777 0)
(0.181077 -0.996237 0)
(0.209858 -1.0769 0)
(0.216621 -1.1849 0)
(0.283739 -1.31125 0)
(0.330855 -1.39224 0)
(0.251006 -1.12438 0)
(-0.312084 0.0718907 0)
(-0.579567 0.762546 0)
(-0.493203 0.730558 0)
(-0.517477 0.850803 0)
(-0.483142 0.823552 0)
(-0.493739 0.953917 0)
(-0.466029 0.949426 0)
(-0.447592 1.35235 0)
(0.0100892 -0.743846 0)
(0.0243076 -0.749187 0)
(0.0442622 -0.75766 0)
(0.0574446 -0.77455 0)
(0.0761803 -0.792913 0)
(0.0885785 -0.821911 0)
(0.106276 -0.853906 0)
(0.118057 -0.897726 0)
(0.136118 -0.947735 0)
(0.149118 -1.01337 0)
(0.172799 -1.08912 0)
(0.188338 -1.2207 0)
(0.309046 -1.37865 0)
(0.272948 -1.32137 0)
(0.0915236 -0.695731 0)
(-0.485105 0.378427 0)
(-0.499909 0.760228 0)
(-0.500585 0.707124 0)
(-0.49087 0.830424 0)
(-0.460924 0.796541 0)
(-0.442931 0.919379 0)
(-0.377418 0.886242 0)
(-0.327339 1.14518 0)
(0.00881375 -0.759838 0)
(0.0208482 -0.765128 0)
(0.0377078 -0.773335 0)
(0.0488788 -0.789437 0)
(0.0641381 -0.807394 0)
(0.0760355 -0.834923 0)
(0.0918831 -0.866304 0)
(0.105562 -0.90963 0)
(0.126516 -0.961741 0)
(0.161947 -1.03325 0)
(0.279774 -1.12142 0)
(0.378159 -1.3226 0)
(0.237655 -1.39373 0)
(0.146301 -1.18052 0)
(-0.0530964 -0.352501 0)
(-0.528707 0.64898 0)
(-0.420229 0.785066 0)
(-0.496709 0.711973 0)
(-0.43936 0.815045 0)
(-0.428808 0.766787 0)
(-0.38278 0.874571 0)
(-0.315987 0.825904 0)
(-0.257757 1.0065 0)
(0.00768075 -0.77358 0)
(0.0180702 -0.77811 0)
(0.0337252 -0.785773 0)
(0.0485486 -0.800973 0)
(0.0681139 -0.820232 0)
(0.0989763 -0.849887 0)
(0.154789 -0.887227 0)
(0.236016 -0.934353 0)
(0.291185 -1.00737 0)
(0.455332 -1.16891 0)
(0.451729 -1.28148 0)
(0.598472 -1.2033 0)
(0.156842 -1.13652 0)
(0.0862115 -1.03714 0)
(-0.154341 -0.000462867 0)
(-0.527112 0.735823 0)
(-0.366618 0.741752 0)
(-0.488611 0.719626 0)
(-0.401854 0.770484 0)
(-0.413559 0.735804 0)
(-0.349254 0.812175 0)
(-0.296398 0.758298 0)
(-0.231874 0.875499 0)
(0.00883249 -0.786765 0)
(0.0262057 -0.792239 0)
(0.0460135 -0.804751 0)
(0.0742996 -0.824178 0)
(0.0988365 -0.858317 0)
(0.144118 -0.91865 0)
(0.178821 -1.00056 0)
(0.261851 -1.04468 0)
(0.331006 -1.18002 0)
(0.48527 -1.20453 0)
(0.487038 -1.27029 0)
(0.57887 -1.02129 0)
(0.18104 -0.868566 0)
(0.0487696 -0.874219 0)
(-0.186879 0.27108 0)
(-0.478469 0.851895 0)
(-0.381132 0.751869 0)
(-0.475835 0.741219 0)
(-0.401344 0.74231 0)
(-0.402436 0.709232 0)
(-0.336924 0.758567 0)
(-0.285764 0.704604 0)
(-0.222802 0.788475 0)
(-0.00104448 -0.807654 0)
(0.0186661 -0.81372 0)
(0.0161859 -0.834156 0)
(0.0402142 -0.853287 0)
(0.0410728 -0.893723 0)
(0.0734286 -0.931085 0)
(0.0665151 -1.01027 0)
(0.100393 -1.08143 0)
(0.138247 -1.23966 0)
(0.20753 -1.30931 0)
(0.333357 -1.37782 0)
(0.383249 -0.898403 0)
(0.302475 -0.602538 0)
(0.0327504 -0.672408 0)
(-0.397477 0.536735 0)
(-0.521475 0.923526 0)
(-0.458375 0.744266 0)
(-0.500179 0.736998 0)
(-0.423654 0.700111 0)
(-0.410155 0.66994 0)
(-0.341418 0.697106 0)
(-0.292148 0.643826 0)
(-0.231092 0.701712 0)
(-0.0100001 -0.805133 0)
(-0.00889838 -0.809806 0)
(-0.0270938 -0.827295 0)
(-0.0280684 -0.847791 0)
(-0.0438137 -0.891682 0)
(-0.0468206 -0.939575 0)
(-0.0561248 -1.03026 0)
(-0.0630302 -1.11542 0)
(-0.0395686 -1.29097 0)
(-0.0580936 -1.40438 0)
(0.0525266 -1.45134 0)
(-0.0554914 -0.987312 0)
(0.274406 -0.522424 0)
(-0.322183 -0.167734 0)
(-0.71987 0.821857 0)
(-0.605916 0.917232 0)
(-0.583014 0.729605 0)
(-0.51752 0.705545 0)
(-0.463633 0.652234 0)
(-0.412771 0.62522 0)
(-0.351769 0.640033 0)
(-0.295443 0.593061 0)
(-0.240902 0.636682 0)
(-0.015072 -0.788475 0)
(-0.0268563 -0.795745 0)
(-0.0523091 -0.815445 0)
(-0.0648564 -0.835593 0)
(-0.092407 -0.876678 0)
(-0.115619 -0.91794 0)
(-0.153806 -0.996992 0)
(-0.205088 -1.09276 0)
(-0.256459 -1.25023 0)
(-0.364346 -1.3903 0)
(-0.436791 -1.39043 0)
(-0.654387 -1.10675 0)
(-0.620467 -0.344177 0)
(-0.998162 0.341064 0)
(-1.03368 0.81352 0)
(-0.768412 0.788735 0)
(-0.706656 0.65421 0)
(-0.564092 0.617773 0)
(-0.511452 0.594651 0)
(-0.432411 0.5579 0)
(-0.372533 0.57906 0)
(-0.308796 0.533405 0)
(-0.257145 0.5691 0)
(-0.0144762 -0.763351 0)
(-0.0335424 -0.772502 0)
(-0.0664167 -0.78966 0)
(-0.0942253 -0.806903 0)
(-0.133726 -0.841413 0)
(-0.179085 -0.87599 0)
(-0.23453 -0.941567 0)
(-0.322318 -1.01104 0)
(-0.430646 -1.13301 0)
(-0.62773 -1.22257 0)
(-0.821429 -1.16403 0)
(-1.10576 -0.794355 0)
(-1.24517 -0.18145 0)
(-1.25431 0.255664 0)
(-1.07413 0.589882 0)
(-0.833662 0.590977 0)
(-0.71157 0.523336 0)
(-0.589106 0.51083 0)
(-0.513592 0.519275 0)
(-0.439205 0.486398 0)
(-0.376013 0.514939 0)
(-0.313062 0.478041 0)
(-0.263812 0.512201 0)
(-0.0147399 -0.740104 0)
(-0.0429757 -0.742931 0)
(-0.0794683 -0.754895 0)
(-0.116995 -0.767013 0)
(-0.162732 -0.792554 0)
(-0.218998 -0.815421 0)
(-0.285804 -0.855053 0)
(-0.388351 -0.892781 0)
(-0.512824 -0.946503 0)
(-0.732702 -0.991884 0)
(-0.961436 -0.917755 0)
(-1.21554 -0.675836 0)
(-1.25513 -0.199282 0)
(-1.18717 0.167421 0)
(-1.03862 0.388325 0)
(-0.817694 0.422145 0)
(-0.699242 0.408548 0)
(-0.59467 0.417753 0)
(-0.516687 0.443927 0)
(-0.445581 0.419528 0)
(-0.382257 0.451578 0)
(-0.322974 0.421651 0)
(-0.27312 0.454326 0)
(-0.0198358 -0.705611 0)
(-0.0536494 -0.707595 0)
(-0.0940574 -0.715656 0)
(-0.135523 -0.723048 0)
(-0.183349 -0.739395 0)
(-0.244057 -0.751592 0)
(-0.309058 -0.772118 0)
(-0.406604 -0.78219 0)
(-0.510312 -0.788427 0)
(-0.68287 -0.771096 0)
(-0.86488 -0.680292 0)
(-1.05544 -0.497507 0)
(-1.12088 -0.211277 0)
(-1.04756 0.0409857 0)
(-0.922691 0.21694 0)
(-0.755796 0.251977 0)
(-0.654608 0.298168 0)
(-0.569266 0.328994 0)
(-0.495724 0.368268 0)
(-0.42986 0.352822 0)
(-0.370838 0.390349 0)
(-0.316405 0.369897 0)
(-0.269533 0.402177 0)
(-0.019752 -0.666123 0)
(-0.0573484 -0.66787 0)
(-0.0984925 -0.672863 0)
(-0.143038 -0.676504 0)
(-0.191701 -0.684242 0)
(-0.252102 -0.687995 0)
(-0.315941 -0.692957 0)
(-0.402999 -0.688731 0)
(-0.490481 -0.670573 0)
(-0.613332 -0.63326 0)
(-0.726932 -0.546117 0)
(-0.845094 -0.416122 0)
(-0.887904 -0.209794 0)
(-0.85909 -0.0314393 0)
(-0.771489 0.0939733 0)
(-0.669043 0.152376 0)
(-0.606029 0.220633 0)
(-0.530679 0.25798 0)
(-0.47404 0.303044 0)
(-0.411242 0.294651 0)
(-0.36353 0.33636 0)
(-0.311194 0.321092 0)
(-0.270422 0.3533 0)
(-0.0192759 -0.628395 0)
(-0.0564121 -0.628576 0)
(-0.0973085 -0.629913 0)
(-0.140736 -0.629249 0)
(-0.18788 -0.630244 0)
(-0.243889 -0.626297 0)
(-0.302618 -0.621092 0)
(-0.377846 -0.606136 0)
(-0.452401 -0.57784 0)
(-0.545413 -0.53248 0)
(-0.625873 -0.448042 0)
(-0.704465 -0.335171 0)
(-0.735176 -0.197281 0)
(-0.718487 -0.074872 0)
(-0.664925 0.0251326 0)
(-0.60613 0.0871302 0)
(-0.555304 0.158002 0)
(-0.494572 0.197805 0)
(-0.446066 0.246904 0)
(-0.390508 0.243299 0)
(-0.349372 0.288279 0)
(-0.300198 0.277902 0)
(-0.264558 0.310678 0)
(-0.0196257 -0.589906 0)
(-0.0587969 -0.589067 0)
(-0.0994307 -0.588264 0)
(-0.142658 -0.584908 0)
(-0.187406 -0.581072 0)
(-0.238909 -0.571912 0)
(-0.291265 -0.559153 0)
(-0.354836 -0.537176 0)
(-0.416276 -0.503262 0)
(-0.486934 -0.457741 0)
(-0.545458 -0.387488 0)
(-0.594971 -0.304775 0)
(-0.611399 -0.196824 0)
(-0.606531 -0.101326 0)
(-0.573346 -0.0198349 0)
(-0.539421 0.04272 0)
(-0.498789 0.107631 0)
(-0.454222 0.148805 0)
(-0.413305 0.197414 0)
(-0.365835 0.198434 0)
(-0.332445 0.24433 0)
(-0.287392 0.237156 0)
(-0.25763 0.270512 0)
(-0.0192144 -0.549808 0)
(-0.0566266 -0.548422 0)
(-0.0960495 -0.545953 0)
(-0.136796 -0.540679 0)
(-0.179389 -0.53391 0)
(-0.226029 -0.521544 0)
(-0.272975 -0.505075 0)
(-0.326148 -0.479958 0)
(-0.375406 -0.445638 0)
(-0.42889 -0.40199 0)
(-0.470739 -0.339978 0)
(-0.508672 -0.268557 0)
(-0.522804 -0.186058 0)
(-0.523705 -0.112551 0)
(-0.502198 -0.0428537 0)
(-0.483128 0.013007 0)
(-0.448365 0.071525 0)
(-0.418286 0.112992 0)
(-0.380077 0.156887 0)
(-0.341677 0.163339 0)
(-0.313297 0.20804 0)
(-0.273004 0.204069 0)
(-0.247589 0.237376 0)
(-0.0178047 -0.51362 0)
(-0.0532122 -0.511577 0)
(-0.0896494 -0.507825 0)
(-0.127414 -0.500746 0)
(-0.166212 -0.491751 0)
(-0.207979 -0.477304 0)
(-0.249297 -0.459099 0)
(-0.294352 -0.433537 0)
(-0.335246 -0.400731 0)
(-0.378213 -0.361161 0)
(-0.411847 -0.308105 0)
(-0.441484 -0.251556 0)
(-0.451003 -0.182401 0)
(-0.454977 -0.121426 0)
(-0.44055 -0.0612126 0)
(-0.428507 -0.0109085 0)
(-0.40173 0.0418538 0)
(-0.379322 0.0807331 0)
(-0.345505 0.119614 0)
(-0.315916 0.132219 0)
(-0.29145 0.174249 0)
(-0.256722 0.172281 0)
(-0.235204 0.205659 0)
(-0.0170905 -0.478582 0)
(-0.050455 -0.476205 0)
(-0.0849863 -0.471633 0)
(-0.119742 -0.463583 0)
(-0.15519 -0.453297 0)
(-0.192072 -0.437752 0)
(-0.228126 -0.418702 0)
(-0.266225 -0.393173 0)
(-0.299946 -0.36183 0)
(-0.335038 -0.324543 0)
(-0.36033 -0.276858 0)
(-0.383908 -0.228897 0)
(-0.392576 -0.172966 0)
(-0.398086 -0.122685 0)
(-0.388615 -0.0699566 0)
(-0.38134 -0.0254925 0)
(-0.360062 0.0214333 0)
(-0.343186 0.0571896 0)
(-0.314163 0.0922568 0)
(-0.292625 0.109937 0)
(-0.269388 0.147412 0)
(-0.240489 0.148567 0)
(-0.222013 0.180405 0)
(-0.0156521 -0.445696 0)
(-0.0464393 -0.443141 0)
(-0.0779576 -0.438286 0)
(-0.109568 -0.429871 0)
(-0.141368 -0.4193 0)
(-0.174005 -0.403571 0)
(-0.205378 -0.384953 0)
(-0.237796 -0.360837 0)
(-0.265941 -0.332059 0)
(-0.294991 -0.29991 0)
(-0.31574 -0.259492 0)
(-0.335598 -0.218532 0)
(-0.343106 -0.168574 0)
(-0.349027 -0.124908 0)
(-0.342637 -0.0784295 0)
(-0.337831 -0.0391776 0)
(-0.321581 0.00309236 0)
(-0.308264 0.0350978 0)
(-0.284735 0.0682426 0)
(-0.268261 0.0879266 0)
(-0.246697 0.121098 0)
(-0.222991 0.125598 0)
(-0.206983 0.155926 0)
(-0.0143265 -0.416314 0)
(-0.0422492 -0.41359 0)
(-0.0709425 -0.408415 0)
(-0.0993579 -0.399749 0)
(-0.127918 -0.388849 0)
(-0.156822 -0.373206 0)
(-0.184171 -0.354968 0)
(-0.21222 -0.332008 0)
(-0.235947 -0.304766 0)
(-0.260576 -0.274159 0)
(-0.277446 -0.236502 0)
(-0.294247 -0.201141 0)
(-0.300814 -0.159929 0)
(-0.306731 -0.12289 0)
(-0.302589 -0.0816757 0)
(-0.299743 -0.0463144 0)
(-0.286906 -0.0088271 0)
(-0.276738 0.0206051 0)
(-0.257819 0.0513711 0)
(-0.244701 0.0722904 0)
(-0.225456 0.101067 0)
(-0.206566 0.109356 0)
(-0.192011 0.137085 0)
(-0.013036 -0.388777 0)
(-0.0385443 -0.386062 0)
(-0.0644317 -0.380938 0)
(-0.0899727 -0.372351 0)
(-0.115228 -0.361711 0)
(-0.140594 -0.3467 0)
(-0.164097 -0.32954 0)
(-0.188187 -0.308405 0)
(-0.208146 -0.28379 0)
(-0.2289 -0.257768 0)
(-0.243 -0.225961 0)
(-0.257077 -0.194579 0)
(-0.263272 -0.156294 0)
(-0.268996 -0.122707 0)
(-0.266553 -0.0857107 0)
(-0.264637 -0.0545527 0)
(-0.254813 -0.0203179 0)
(-0.246946 0.00629494 0)
(-0.231903 0.0356719 0)
(-0.221154 0.0559538 0)
(-0.20437 0.0822663 0)
(-0.189707 0.0926996 0)
(-0.175976 0.118249 0)
(-0.0116025 -0.364608 0)
(-0.0341725 -0.361964 0)
(-0.0571991 -0.35693 0)
(-0.0797552 -0.348635 0)
(-0.102053 -0.338235 0)
(-0.124317 -0.323939 0)
(-0.144768 -0.307448 0)
(-0.165744 -0.287523 0)
(-0.182801 -0.2642 0)
(-0.200745 -0.238898 0)
(-0.212846 -0.208589 0)
(-0.225347 -0.180585 0)
(-0.230776 -0.148367 0)
(-0.236035 -0.119401 0)
(-0.234497 -0.0864744 0)
(-0.233619 -0.0578878 0)
(-0.226085 -0.0270633 0)
(-0.220063 -0.00213541 0)
(-0.208089 0.024918 0)
(-0.199065 0.0449807 0)
(-0.184986 0.068833 0)
(-0.173141 0.0812576 0)
(-0.160775 0.104018 0)
(-0.0103217 -0.342705 0)
(-0.0305289 -0.340082 0)
(-0.0509194 -0.335142 0)
(-0.0709333 -0.32706 0)
(-0.0904302 -0.317031 0)
(-0.109876 -0.303508 0)
(-0.127441 -0.288086 0)
(-0.145448 -0.269874 0)
(-0.159984 -0.248837 0)
(-0.175124 -0.227232 0)
(-0.185298 -0.201431 0)
(-0.195602 -0.176183 0)
(-0.200656 -0.145724 0)
(-0.205599 -0.118618 0)
(-0.205114 -0.0883168 0)
(-0.204717 -0.0626636 0)
(-0.199003 -0.0341463 0)
(-0.194349 -0.0114185 0)
(-0.184865 0.014312 0)
(-0.177495 0.033178 0)
(-0.165693 0.055878 0)
(-0.156216 0.0689066 0)
(-0.144995 0.0900735 0)
(-0.00899748 -0.323672 0)
(-0.0265324 -0.321204 0)
(-0.0442641 -0.316494 0)
(-0.0616062 -0.308896 0)
(-0.0784566 -0.299312 0)
(-0.0952765 -0.286644 0)
(-0.110369 -0.271948 0)
(-0.125964 -0.254671 0)
(-0.138366 -0.23466 0)
(-0.151513 -0.213304 0)
(-0.16049 -0.188346 0)
(-0.169901 -0.165031 0)
(-0.174455 -0.138675 0)
(-0.178938 -0.114794 0)
(-0.178759 -0.087716 0)
(-0.178901 -0.0638856 0)
(-0.174588 -0.0378588 0)
(-0.17111 -0.0161667 0)
(-0.163617 0.00756028 0)
(-0.157497 0.0259318 0)
(-0.147943 0.0469721 0)
(-0.139989 0.0607234 0)
(-0.130406 0.0800206 0)
(-0.007779 -0.306931 0)
(-0.0230499 -0.304508 0)
(-0.0383649 -0.299887 0)
(-0.053419 -0.292524 0)
(-0.0679009 -0.283254 0)
(-0.0823803 -0.271228 0)
(-0.0952802 -0.257365 0)
(-0.108519 -0.241498 0)
(-0.119115 -0.223307 0)
(-0.130157 -0.204728 0)
(-0.137657 -0.183076 0)
(-0.145292 -0.161844 0)
(-0.149355 -0.136753 0)
(-0.153429 -0.113999 0)
(-0.153891 -0.088476 0)
(-0.154346 -0.0665615 0)
(-0.151229 -0.0421189 0)
(-0.148632 -0.0221294 0)
(-0.142695 0.000455457 0)
(-0.137874 0.0177837 0)
(-0.130042 0.0380625 0)
(-0.123653 0.0516949 0)
(-0.11537 0.0700685 0)
(-0.00655443 -0.292792 0)
(-0.0194002 -0.290513 0)
(-0.0323031 -0.286115 0)
(-0.0449883 -0.27921 0)
(-0.0571783 -0.270379 0)
(-0.0694117 -0.259075 0)
(-0.0802514 -0.245875 0)
(-0.0914995 -0.230628 0)
(-0.100414 -0.213138 0)
(-0.109882 -0.194578 0)
(-0.116495 -0.173403 0)
(-0.123512 -0.153209 0)
(-0.127247 -0.130785 0)
(-0.130991 -0.110164 0)
(-0.131553 -0.0870837 0)
(-0.132262 -0.0664769 0)
(-0.129994 -0.0439012 0)
(-0.128129 -0.0246417 0)
(-0.123583 -0.00357746 0)
(-0.119701 0.0133398 0)
(-0.113532 0.0323189 0)
(-0.10822 0.0461302 0)
(-0.101459 0.0632334 0)
(-0.00541117 -0.280781 0)
(-0.0161028 -0.278519 0)
(-0.0267957 -0.27415 0)
(-0.0373881 -0.267382 0)
(-0.0475358 -0.258736 0)
(-0.0577354 -0.247873 0)
(-0.0668142 -0.235237 0)
(-0.0761413 -0.221048 0)
(-0.0836416 -0.204922 0)
(-0.0914434 -0.188351 0)
(-0.0968646 -0.169453 0)
(-0.102419 -0.150793 0)
(-0.105603 -0.129304 0)
(-0.108856 -0.109428 0)
(-0.109766 -0.0872778 0)
(-0.110672 -0.0678843 0)
(-0.109248 -0.0463646 0)
(-0.108042 -0.0283133 0)
(-0.104622 -0.0081282 0)
(-0.101727 0.00796779 0)
(-0.0968578 0.0263875 0)
(-0.0927314 0.0398786 0)
(-0.087159 0.0564305 0)
(-0.00423729 -0.271263 0)
(-0.0126346 -0.269077 0)
(-0.0210652 -0.264842 0)
(-0.0294773 -0.258387 0)
(-0.0375491 -0.250069 0)
(-0.0457547 -0.239685 0)
(-0.0530494 -0.227532 0)
(-0.0606812 -0.213677 0)
(-0.0668315 -0.197935 0)
(-0.0733766 -0.18125 0)
(-0.0781107 -0.162582 0)
(-0.0831559 -0.144405 0)
(-0.0861301 -0.12454 0)
(-0.0891832 -0.105953 0)
(-0.0901563 -0.0854835 0)
(-0.0912035 -0.066963 0)
(-0.0903228 -0.0467773 0)
(-0.0896057 -0.0292467 0)
(-0.087148 -0.0101721 0)
(-0.0849787 0.00559239 0)
(-0.0813294 0.023008 0)
(-0.0780777 0.0364537 0)
(-0.0737931 0.0521071 0)
(-0.00314509 -0.263757 0)
(-0.00944492 -0.261508 0)
(-0.0157248 -0.257186 0)
(-0.0220538 -0.250696 0)
(-0.0281116 -0.242377 0)
(-0.034327 -0.232161 0)
(-0.0399543 -0.220265 0)
(-0.0458902 -0.207048 0)
(-0.0508376 -0.192206 0)
(-0.0561073 -0.176841 0)
(-0.0599737 -0.159658 0)
(-0.0639673 -0.142537 0)
(-0.0665067 -0.123277 0)
(-0.0691403 -0.105184 0)
(-0.0703483 -0.0852861 0)
(-0.0715537 -0.0675183 0)
(-0.071335 -0.0480188 0)
(-0.0711782 -0.0312962 0)
(-0.0696535 -0.0128373 0)
(-0.0683244 0.00234436 0)
(-0.0657427 0.0193818 0)
(-0.0634683 0.0325478 0)
(-0.0602091 0.0478581 0)
(-0.00207243 -0.258699 0)
(-0.0062396 -0.2565 0)
(-0.0103401 -0.252273 0)
(-0.0145039 -0.245979 0)
(-0.0184516 -0.237847 0)
(-0.0226377 -0.227799 0)
(-0.0264132 -0.21603 0)
(-0.0306092 -0.20274 0)
(-0.0341797 -0.187802 0)
(-0.0382792 -0.172075 0)
(-0.0415935 -0.154841 0)
(-0.0453723 -0.137857 0)
(-0.04803 -0.11951 0)
(-0.0507906 -0.102106 0)
(-0.0522814 -0.0832274 0)
(-0.0537576 -0.0659802 0)
(-0.0540138 -0.0473282 0)
(-0.0542384 -0.0309407 0)
(-0.0533809 -0.0132239 0)
(-0.052567 0.00166287 0)
(-0.0509331 0.0179289 0)
(-0.0494147 0.0309 0)
(-0.0472501 0.0455509 0)
(-0.00121496 -0.255329 0)
(-0.00365593 -0.253106 0)
(-0.00593308 -0.248828 0)
(-0.00829162 -0.242441 0)
(-0.0105221 -0.234176 0)
(-0.0129621 -0.22405 0)
(-0.0152032 -0.212249 0)
(-0.0177409 -0.199123 0)
(-0.0199433 -0.184499 0)
(-0.0224647 -0.16925 0)
(-0.0245279 -0.152524 0)
(-0.0268923 -0.135911 0)
(-0.0288096 -0.117825 0)
(-0.0309989 -0.100754 0)
(-0.0326469 -0.0823033 0)
(-0.034397 -0.0656185 0)
(-0.0354738 -0.0475401 0)
(-0.0365214 -0.0317688 0)
(-0.036785 -0.0145261 0)
(-0.0369792 5.74814e-05 0)
(-0.0363143 0.0162023 0)
(-0.0356494 0.0290313 0)
(-0.0343672 0.0435 0)
(-0.000554891 -0.253893 0)
(-0.00180137 -0.251834 0)
(-0.00294701 -0.247706 0)
(-0.00426645 -0.241428 0)
(-0.00541111 -0.233244 0)
(-0.00671848 -0.223139 0)
(-0.0077653 -0.21132 0)
(-0.00900021 -0.198015 0)
(-0.00995731 -0.183156 0)
(-0.0111806 -0.167512 0)
(-0.0121569 -0.150507 0)
(-0.0134305 -0.133607 0)
(-0.0144358 -0.115504 0)
(-0.0156972 -0.0983013 0)
(-0.0167063 -0.0799335 0)
(-0.0179356 -0.0631882 0)
(-0.018905 -0.0453154 0)
(-0.0200127 -0.0296691 0)
(-0.0207859 -0.0128911 0)
(-0.0215615 0.00114471 0)
(-0.0218148 0.0164533 0)
(-0.021949 0.0288979 0)
(-0.0216917 0.0428477 0)
(-0.000264071 -0.252879 0)
(-0.000950644 -0.250614 0)
(-0.00168057 -0.246285 0)
(-0.00256641 -0.239876 0)
(-0.00341925 -0.231663 0)
(-0.00433369 -0.221596 0)
(-0.00513988 -0.209921 0)
(-0.00591036 -0.196828 0)
(-0.00649914 -0.182276 0)
(-0.00696692 -0.166936 0)
(-0.00724823 -0.150227 0)
(-0.00742316 -0.133507 0)
(-0.00751973 -0.11551 0)
(-0.00758449 -0.098357 0)
(-0.00762241 -0.0800206 0)
(-0.00764801 -0.0632945 0)
(-0.00765556 -0.0454229 0)
(-0.00767053 -0.0297628 0)
(-0.00767955 -0.0129405 0)
(-0.00773113 0.00121364 0)
(-0.00784579 0.0166281 0)
(-0.00800321 0.0290395 0)
(-0.00806492 0.0428838 0)
(0.61173 3.388 0)
(-2.35314 -0.0924096 0)
(-1.18485 -0.156502 0)
(-1.95286 0.582872 0)
(0.897584 3.43715 0)
(0.825918 3.42126 0)
(-0.777985 -0.222258 0)
(-0.86481 5.08757e-05 0)
(0.86928 3.45493 0)
(0.837599 3.46507 0)
(0.811855 3.29319 0)
(-0.77159 1.01921 0)
(0.880487 3.43069 0)
(0.870447 3.46632 0)
(0.932128 3.43611 0)
(0.799937 2.6614 0)
(1.1929 3.41027 0)
(1.12451 3.38389 0)
(1.3171 3.25831 0)
(1.41331 2.63656 0)
(1.8324 3.56818 0)
(1.80984 3.32225 0)
(1.8525 2.93702 0)
(1.84453 2.58327 0)
(1.56036 3.41604 0)
(1.6512 3.33465 0)
(1.6769 3.10575 0)
(1.66477 2.76142 0)
(0.703134 3.17882 0)
(0.920527 3.1246 0)
(1.12451 2.92439 0)
(1.27 2.58408 0)
(-0.0360196 2.5203 0)
(0.312165 2.4563 0)
(0.612774 2.32583 0)
(0.896455 2.06879 0)
(-0.208817 1.82255 0)
(0.0713643 1.7591 0)
(0.308755 1.67741 0)
(0.539762 1.53269 0)
(-0.143866 1.37497 0)
(0.00926958 1.36497 0)
(0.173106 1.31015 0)
(0.308008 1.23014 0)
(-0.109306 1.07362 0)
(-0.0387527 1.09926 0)
(0.0877262 1.03938 0)
(0.157538 1.001 0)
(-0.0996934 0.916258 0)
(-0.0690085 0.94931 0)
(0.0346724 0.884911 0)
(0.0643132 0.878377 0)
(-0.119865 0.79125 0)
(-0.0982945 0.817214 0)
(-0.0191138 0.756707 0)
(-0.00530148 0.770451 0)
(-0.141419 0.715492 0)
(-0.120005 0.733392 0)
(-0.0633568 0.686329 0)
(-0.0493883 0.696936 0)
(-0.165844 0.637511 0)
(-0.144245 0.64949 0)
(-0.100914 0.610218 0)
(-0.0830824 0.615966 0)
(-0.18464 0.582582 0)
(-0.164131 0.591377 0)
(-0.129597 0.558837 0)
(-0.110006 0.560894 0)
(-0.205267 0.521257 0)
(-0.184713 0.528756 0)
(-0.154806 0.499675 0)
(-0.13431 0.499515 0)
(-0.217079 0.47166 0)
(-0.197037 0.479623 0)
(-0.171175 0.455307 0)
(-0.151071 0.455933 0)
(-0.230559 0.41893 0)
(-0.2106 0.427129 0)
(-0.187418 0.406242 0)
(-0.167681 0.407991 0)
(-0.231205 0.374958 0)
(-0.21312 0.383674 0)
(-0.192475 0.367766 0)
(-0.174817 0.371681 0)
(-0.234689 0.331936 0)
(-0.218552 0.341012 0)
(-0.19952 0.32867 0)
(-0.183331 0.334102 0)
(-0.231219 0.295392 0)
(-0.21693 0.305133 0)
(-0.199214 0.296264 0)
(-0.18463 0.303012 0)
(-0.226969 0.259388 0)
(-0.214613 0.269686 0)
(-0.198295 0.263363 0)
(-0.185301 0.271099 0)
(-0.219665 0.230237 0)
(-0.208907 0.240952 0)
(-0.193907 0.236824 0)
(-0.182362 0.245139 0)
(-0.210232 0.201184 0)
(-0.200844 0.212236 0)
(-0.187278 0.209748 0)
(-0.177049 0.218551 0)
(-0.199833 0.178516 0)
(-0.191668 0.189544 0)
(-0.179403 0.188544 0)
(-0.17042 0.197528 0)
(-0.187746 0.155736 0)
(-0.180587 0.166722 0)
(-0.169744 0.166833 0)
(-0.16184 0.17597 0)
(-0.175584 0.138751 0)
(-0.169299 0.149251 0)
(-0.159748 0.150447 0)
(-0.152858 0.159352 0)
(-0.162385 0.121603 0)
(-0.156663 0.131518 0)
(-0.148535 0.133628 0)
(-0.142354 0.142283 0)
(-0.149542 0.109215 0)
(-0.144284 0.118308 0)
(-0.137515 0.121299 0)
(-0.131834 0.129381 0)
(-0.136064 0.0962958 0)
(-0.131074 0.104864 0)
(-0.125667 0.108461 0)
(-0.12031 0.116123 0)
(-0.123003 0.087202 0)
(-0.118579 0.095125 0)
(-0.114126 0.0992793 0)
(-0.109311 0.106393 0)
(-0.109458 0.0776565 0)
(-0.105511 0.0852545 0)
(-0.101956 0.0896987 0)
(-0.097648 0.0965651 0)
(-0.0965656 0.0712499 0)
(-0.0932414 0.078403 0)
(-0.0903216 0.0831247 0)
(-0.0866284 0.089645 0)
(-0.0833242 0.0645373 0)
(-0.0805155 0.0714991 0)
(-0.0782143 0.0763098 0)
(-0.0750763 0.0827214 0)
(-0.0707283 0.0603525 0)
(-0.0685026 0.066997 0)
(-0.0666728 0.071901 0)
(-0.0641293 0.0780862 0)
(-0.0579619 0.0560658 0)
(-0.0562163 0.0625899 0)
(-0.0548515 0.0674807 0)
(-0.0528376 0.0736077 0)
(-0.0456617 0.0537274 0)
(-0.0444393 0.0600159 0)
(-0.0434759 0.0648885 0)
(-0.0420061 0.0708477 0)
(-0.0334414 0.0516014 0)
(-0.0326472 0.0578114 0)
(-0.0320562 0.0626228 0)
(-0.0310689 0.0685277 0)
(-0.0213991 0.0508015 0)
(-0.0210943 0.056841 0)
(-0.0208837 0.0615666 0)
(-0.0204068 0.0673382 0)
(-0.00810608 0.0507372 0)
(-0.0080732 0.0567125 0)
(-0.00808217 0.0613498 0)
(-0.00798871 0.0670354 0)
(-1.26442 0.770746 0)
(-1.1624 -0.0503811 0)
(-0.516716 -0.286804 0)
(-0.426844 -0.274899 0)
(-0.185708 -0.266586 0)
(-0.164939 -0.197724 0)
(-0.0524865 -0.170554 0)
(-0.0610133 -0.124205 0)
(0.00487502 -0.100431 0)
(-0.0163767 -0.0675611 0)
(0.0271994 -0.0523377 0)
(0.000909562 -0.0306351 0)
(0.0329376 -0.0220457 0)
(0.00466766 -0.00843931 0)
(0.0302754 -0.00397083 0)
(0.00132031 0.00390274 0)
(0.0233382 0.00593831 0)
(-0.0058018 0.00955661 0)
(0.0145829 0.0101163 0)
(-1.01124 0.273317 0)
(-0.490595 -0.495915 0)
(-0.441331 -0.462296 0)
(-0.162741 -0.499667 0)
(-0.106181 -0.325664 0)
(-0.0234649 -0.264291 0)
(0.0124089 -0.176172 0)
(0.0233106 -0.134418 0)
(0.0497769 -0.0911027 0)
(0.0338911 -0.0610415 0)
(0.056399 -0.0400141 0)
(0.0309089 -0.0204566 0)
(0.0508931 -0.0101406 0)
(0.0223018 0.00197695 0)
(0.0403799 0.00699876 0)
(0.01104 0.0139947 0)
(0.0278596 0.0162655 0)
(-0.00151803 0.0194869 0)
(0.0146734 0.0201229 0)
(-0.388672 0.376091 0)
(-0.846062 -0.535011 0)
(-0.190368 -0.62793 0)
(-0.24722 -0.561541 0)
(0.0101308 -0.408182 0)
(-0.0354006 -0.297348 0)
(0.0593394 -0.219181 0)
(0.02098 -0.155101 0)
(0.0663652 -0.112668 0)
(0.0314398 -0.0729329 0)
(0.0616029 -0.0508011 0)
(0.0285995 -0.0259704 0)
(0.052227 -0.0148141 0)
(0.0205312 0.000498301 0)
(0.0406453 0.00588942 0)
(0.00983205 0.0146845 0)
(0.0280553 0.017017 0)
(-0.0022771 0.0210548 0)
(0.0150888 0.021685 0)
(-0.0427402 0.356152 0)
(0.103799 -0.737491 0)
(0.0256462 -0.953533 0)
(0.169623 -0.701123 0)
(0.139271 -0.50187 0)
(0.160185 -0.316024 0)
(0.147729 -0.221685 0)
(0.124884 -0.143291 0)
(0.124722 -0.0980375 0)
(0.0915407 -0.0574691 0)
(0.0982496 -0.0358878 0)
(0.0644021 -0.0120467 0)
(0.0743243 -0.00171598 0)
(0.0414791 0.0126073 0)
(0.0530416 0.0175139 0)
(0.0214355 0.0256285 0)
(0.0335831 0.0278277 0)
(0.00285303 0.0315451 0)
(0.0152209 0.0321546 0)
(1.2175 1.15333 0)
(0.681269 -0.551026 0)
(0.563584 -0.738155 0)
(0.358017 -0.643577 0)
(0.314512 -0.416912 0)
(0.20082 -0.295474 0)
(0.200833 -0.194174 0)
(0.130618 -0.130817 0)
(0.139268 -0.0854693 0)
(0.0896534 -0.0482548 0)
(0.100954 -0.0276419 0)
(0.0608343 -0.0046931 0)
(0.0737813 0.0051715 0)
(0.0383506 0.0190872 0)
(0.0520455 0.0235325 0)
(0.0191934 0.0316454 0)
(0.0330745 0.0334111 0)
(0.00162392 0.0371328 0)
(0.0155437 0.0375874 0)
(1.75585 1.2249 0)
(1.41707 -0.170773 0)
(0.988428 -0.621665 0)
(0.719875 -0.485893 0)
(0.50593 -0.346671 0)
(0.382974 -0.217869 0)
(0.300109 -0.153144 0)
(0.228386 -0.0894315 0)
(0.196875 -0.0584137 0)
(0.145253 -0.0232695 0)
(0.136126 -0.00813492 0)
(0.0936239 0.0126412 0)
(0.0949218 0.0198712 0)
(0.0580916 0.0325691 0)
(0.0640186 0.035778 0)
(0.0305046 0.0431603 0)
(0.0385721 0.044419 0)
(0.00674259 0.0478411 0)
(0.01564 0.048222 0)
(1.7065 1.50706 0)
(1.50034 0.146271 0)
(1.10708 -0.142348 0)
(0.738944 -0.196788 0)
(0.553171 -0.126717 0)
(0.379393 -0.102999 0)
(0.315521 -0.0607777 0)
(0.220019 -0.0350719 0)
(0.199267 -0.0132354 0)
(0.137157 0.00698044 0)
(0.133885 0.0175781 0)
(0.0874599 0.0320032 0)
(0.0919434 0.0364683 0)
(0.0533872 0.0462516 0)
(0.0616395 0.0479103 0)
(0.0273035 0.0539314 0)
(0.037304 0.0544054 0)
(0.00505687 0.0572641 0)
(0.015788 0.0573062 0)
(1.58537 1.38242 0)
(1.36709 0.378204 0)
(1.05116 0.0796888 0)
(0.765385 0.01497 0)
(0.590257 -0.0147512 0)
(0.441687 -0.00387645 0)
(0.358433 -0.00532406 0)
(0.269917 0.0152837 0)
(0.232277 0.0188554 0)
(0.171475 0.0359801 0)
(0.15674 0.0384932 0)
(0.110071 0.0509393 0)
(0.106854 0.0519675 0)
(0.0680129 0.0604129 0)
(0.0704776 0.0603514 0)
(0.0361648 0.065632 0)
(0.0413575 0.0652921 0)
(0.0093584 0.0678127 0)
(0.0156793 0.0676735 0)
(1.26089 1.2756 0)
(1.0684 0.639783 0)
(0.891913 0.383486 0)
(0.655827 0.226383 0)
(0.544486 0.15654 0)
(0.397246 0.110035 0)
(0.34102 0.0897162 0)
(0.246352 0.0800643 0)
(0.222166 0.0732919 0)
(0.156901 0.0750209 0)
(0.149364 0.0717474 0)
(0.100381 0.0763114 0)
(0.101345 0.0736959 0)
(0.061556 0.0782572 0)
(0.0668064 0.0761334 0)
(0.0321123 0.0794781 0)
(0.0394991 0.0781267 0)
(0.00737635 0.0798344 0)
(0.0156741 0.0793917 0)
(0.818428 1.09506 0)
(0.738433 0.718502 0)
(0.699264 0.455515 0)
(0.548543 0.330576 0)
(0.487282 0.222201 0)
(0.373804 0.180386 0)
(0.331052 0.133622 0)
(0.250388 0.123028 0)
(0.226779 0.101718 0)
(0.16748 0.102228 0)
(0.15681 0.0911947 0)
(0.110658 0.0948359 0)
(0.107743 0.088339 0)
(0.0695443 0.0921165 0)
(0.071034 0.0879645 0)
(0.0375285 0.0908068 0)
(0.0413581 0.0884259 0)
(0.0102983 0.0898861 0)
(0.0151626 0.0891321 0)
(0.508841 0.985361 0)
(0.509021 0.751598 0)
(0.529022 0.547953 0)
(0.428245 0.420836 0)
(0.410097 0.309638 0)
(0.312856 0.252571 0)
(0.294066 0.1984 0)
(0.217303 0.174362 0)
(0.206569 0.146575 0)
(0.147875 0.137582 0)
(0.144508 0.122123 0)
(0.0982995 0.119716 0)
(0.0998801 0.110228 0)
(0.0617179 0.110511 0)
(0.0662307 0.104585 0)
(0.0328719 0.105514 0)
(0.0390152 0.102266 0)
(0.00815764 0.102876 0)
(0.0150482 0.101874 0)
(0.318956 0.84065 0)
(0.336079 0.704435 0)
(0.394371 0.530274 0)
(0.335633 0.439315 0)
(0.341143 0.328731 0)
(0.269397 0.285605 0)
(0.262715 0.222069 0)
(0.200195 0.202392 0)
(0.194048 0.166274 0)
(0.143119 0.158665 0)
(0.140307 0.137524 0)
(0.0986678 0.135544 0)
(0.0989064 0.122637 0)
(0.0636861 0.122923 0)
(0.0661301 0.115003 0)
(0.0349254 0.115834 0)
(0.038736 0.111513 0)
(0.00971017 0.112044 0)
(0.0141735 0.110701 0)
(0.198053 0.76088 0)
(0.212174 0.683927 0)
(0.283884 0.545317 0)
(0.245251 0.469009 0)
(0.268315 0.367531 0)
(0.212399 0.323021 0)
(0.219446 0.259725 0)
(0.165373 0.235578 0)
(0.168242 0.197386 0)
(0.121471 0.185103 0)
(0.124469 0.161783 0)
(0.0849206 0.156085 0)
(0.0890872 0.141454 0)
(0.0550475 0.139208 0)
(0.0603042 0.130223 0)
(0.0298886 0.129516 0)
(0.0358956 0.124661 0)
(0.00749699 0.12448 0)
(0.0138799 0.122981 0)
(0.112977 0.659369 0)
(0.119091 0.628202 0)
(0.202613 0.501915 0)
(0.179488 0.454004 0)
(0.212629 0.360372 0)
(0.17202 0.329855 0)
(0.185814 0.266504 0)
(0.14279 0.248684 0)
(0.149324 0.20767 0)
(0.1099 0.198319 0)
(0.1142 0.171998 0)
(0.0795868 0.167696 0)
(0.0835456 0.150797 0)
(0.0529789 0.14918 0)
(0.0572105 0.138652 0)
(0.0294911 0.138213 0)
(0.0340604 0.132451 0)
(0.00799175 0.13236 0)
(0.0127663 0.130559 0)
(0.0473701 0.603962 0)
(0.0494554 0.601934 0)
(0.131629 0.489533 0)
(0.114916 0.458881 0)
(0.155536 0.373513 0)
(0.124457 0.346025 0)
(0.145953 0.285745 0)
(0.110394 0.267279 0)
(0.122947 0.226876 0)
(0.088404 0.215631 0)
(0.097102 0.189005 0)
(0.0655016 0.182714 0)
(0.0726837 0.165328 0)
(0.0440393 0.162111 0)
(0.0507032 0.151234 0)
(0.0243105 0.149726 0)
(0.0308296 0.143791 0)
(0.00580089 0.143181 0)
(0.0122877 0.141331 0)
(-0.008846 0.536645 0)
(0.00181815 0.551906 0)
(0.0809126 0.444483 0)
(0.0700436 0.432425 0)
(0.115353 0.353626 0)
(0.0923462 0.338388 0)
(0.117404 0.281015 0)
(0.0890567 0.269311 0)
(0.104011 0.229141 0)
(0.0751954 0.22158 0)
(0.0850081 0.194035 0)
(0.0578056 0.18976 0)
(0.0651011 0.171276 0)
(0.0398971 0.169139 0)
(0.046027 0.157331 0)
(0.0224839 0.156379 0)
(0.0281089 0.149822 0)
(0.00561955 0.149449 0)
(0.0110637 0.147378 0)
(-0.0538166 0.500363 0)
(-0.0356855 0.519172 0)
(0.0333135 0.427758 0)
(0.0257751 0.426115 0)
(0.0723812 0.353243 0)
(0.0550557 0.342592 0)
(0.0840942 0.288737 0)
(0.0613258 0.277939 0)
(0.0799992 0.239471 0)
(0.0555829 0.231539 0)
(0.0684744 0.204771 0)
(0.0444433 0.199639 0)
(0.0541904 0.181506 0)
(0.0312433 0.178488 0)
(0.0393355 0.166875 0)
(0.0174576 0.165253 0)
(0.02471 0.158821 0)
(0.00356401 0.158095 0)
(0.0104459 0.156065 0)
(-0.089265 0.450962 0)
(-0.062247 0.472301 0)
(-0.00364644 0.39082 0)
(-0.00146514 0.396604 0)
(0.0436529 0.32907 0)
(0.0316757 0.327422 0)
(0.0619282 0.27709 0)
(0.0440159 0.272677 0)
(0.063651 0.235842 0)
(0.0435809 0.231741 0)
(0.0569532 0.205363 0)
(0.0365881 0.202518 0)
(0.0463358 0.184222 0)
(0.0264883 0.182532 0)
(0.0341949 0.170579 0)
(0.0150362 0.1697 0)
(0.021666 0.162963 0)
(0.00303277 0.162592 0)
(0.00921218 0.160445 0)
(-0.115553 0.419686 0)
(-0.0842404 0.439927 0)
(-0.0359297 0.373402 0)
(-0.0281994 0.381527 0)
(0.0117785 0.323643 0)
(0.00484246 0.324335 0)
(0.0351625 0.277876 0)
(0.0217132 0.274873 0)
(0.043231 0.240122 0)
(0.0268558 0.236322 0)
(0.0421486 0.211287 0)
(0.0247343 0.208195 0)
(0.0361736 0.19074 0)
(0.0186318 0.188638 0)
(0.0277933 0.177217 0)
(0.0104546 0.175953 0)
(0.0183504 0.169529 0)
(0.00123296 0.168907 0)
(0.008532 0.166845 0)
(-0.137486 0.37942 0)
(-0.10155 0.399136 0)
(-0.0603906 0.342021 0)
(-0.0454892 0.352598 0)
(-0.010116 0.301051 0)
(-0.00990074 0.305674 0)
(0.0181059 0.263531 0)
(0.00935504 0.2649 0)
(0.0301501 0.232642 0)
(0.0173033 0.232342 0)
(0.0323642 0.208477 0)
(0.0179396 0.207661 0)
(0.0291027 0.190694 0)
(0.0142012 0.189984 0)
(0.0229493 0.178702 0)
(0.0080202 0.178261 0)
(0.0153934 0.171828 0)
(0.000579143 0.171651 0)
(0.0073721 0.169619 0)
(-0.148978 0.350013 0)
(-0.113567 0.368484 0)
(-0.0785607 0.32359 0)
(-0.061608 0.334319 0)
(-0.0307768 0.29211 0)
(-0.0274263 0.297142 0)
(-0.00183789 0.260939 0)
(-0.00689845 0.262498 0)
(0.0134955 0.233308 0)
(0.00396427 0.233083 0)
(0.0197075 0.21099 0)
(0.00799532 0.210146 0)
(0.020133 0.194289 0)
(0.00742667 0.193421 0)
(0.0171275 0.18285 0)
(0.0040236 0.182201 0)
(0.0122648 0.176163 0)
(-0.000982941 0.175755 0)
(0.00657166 0.173789 0)
(-0.159181 0.316275 0)
(-0.124848 0.334191 0)
(-0.0929371 0.296756 0)
(-0.0734895 0.308355 0)
(-0.0453458 0.271843 0)
(-0.0378617 0.278725 0)
(-0.0143832 0.246549 0)
(-0.0152417 0.250456 0)
(0.00353682 0.224185 0)
(-0.00266141 0.226281 0)
(0.0119888 0.205957 0)
(0.00291278 0.206961 0)
(0.0143674 0.1921 0)
(0.00390999 0.192526 0)
(0.0130947 0.182455 0)
(0.00204245 0.182633 0)
(0.00982222 0.176834 0)
(-0.00143719 0.176933 0)
(0.00564528 0.174973 0)
(-0.161902 0.28947 0)
(-0.130417 0.307011 0)
(-0.101488 0.27809 0)
(-0.0824655 0.289731 0)
(-0.0572024 0.260637 0)
(-0.0485764 0.267653 0)
(-0.0272233 0.241051 0)
(-0.0261889 0.244937 0)
(-0.00854884 0.22236 0)
(-0.0123934 0.224284 0)
(0.00196789 0.206262 0)
(-0.00483063 0.20706 0)
(0.00680961 0.193584 0)
(-0.00162379 0.193845 0)
(0.00796572 0.184611 0)
(-0.00130927 0.184622 0)
(0.00692561 0.179245 0)
(-0.00268523 0.179166 0)
(0.00488189 0.177383 0)
(-0.163938 0.260426 0)
(-0.135304 0.278375 0)
(-0.108213 0.254891 0)
(-0.0894313 0.267289 0)
(-0.0657899 0.242672 0)
(-0.0555821 0.250794 0)
(-0.0355894 0.227687 0)
(-0.0321517 0.232939 0)
(-0.0156697 0.212936 0)
(-0.0170536 0.216304 0)
(-0.00369118 0.200143 0)
(-0.0082588 0.202255 0)
(0.00254129 0.190016 0)
(-0.00394829 0.191289 0)
(0.00497709 0.182789 0)
(-0.00256363 0.183525 0)
(0.00513528 0.178512 0)
(-0.00293059 0.178885 0)
(0.00413462 0.177222 0)
(-0.162377 0.237494 0)
(-0.136598 0.255236 0)
(-0.111376 0.237491 0)
(-0.0936957 0.250028 0)
(-0.0718598 0.230756 0)
(-0.0615427 0.239071 0)
(-0.043115 0.22044 0)
(-0.0387922 0.225756 0)
(-0.0234226 0.209144 0)
(-0.0235101 0.212432 0)
(-0.0107609 0.198623 0)
(-0.0138089 0.200581 0)
(-0.00319898 0.189884 0)
(-0.00812145 0.190981 0)
(0.000843933 0.183437 0)
(-0.00517886 0.183991 0)
(0.00268266 0.179527 0)
(-0.00391873 0.179743 0)
(0.0034019 0.178285 0)
(-0.158723 0.213005 0)
(-0.135641 0.231238 0)
(-0.112464 0.21736 0)
(-0.0959205 0.230648 0)
(-0.0756461 0.214832 0)
(-0.0651218 0.224036 0)
(-0.0478602 0.208276 0)
(-0.0424535 0.21452 0)
(-0.0280166 0.200161 0)
(-0.0266229 0.204393 0)
(-0.0146634 0.192262 0)
(-0.0161705 0.195096 0)
(-0.00624488 0.185595 0)
(-0.0097042 0.187444 0)
(-0.00132763 0.180678 0)
(-0.00600921 0.181805 0)
(0.00132592 0.177758 0)
(-0.00402368 0.178317 0)
(0.00277823 0.176984 0)
(-0.153577 0.194216 0)
(-0.133075 0.212222 0)
(-0.111695 0.202334 0)
(-0.0965385 0.215595 0)
(-0.0777531 0.203557 0)
(-0.067655 0.212876 0)
(-0.0516066 0.200474 0)
(-0.0459384 0.206835 0)
(-0.0324543 0.195242 0)
(-0.0303637 0.199498 0)
(-0.0190606 0.189469 0)
(-0.0196213 0.192245 0)
(-0.0100904 0.184222 0)
(-0.0124739 0.18596 0)
(-0.00427457 0.180169 0)
(-0.00781651 0.181165 0)
(-0.000504022 0.177689 0)
(-0.0046925 0.178142 0)
(0.00219247 0.176996 0)
(-0.146639 0.174128 0)
(-0.128385 0.192533 0)
(-0.108989 0.185369 0)
(-0.0950403 0.199192 0)
(-0.0778529 0.18973 0)
(-0.0681204 0.19973 0)
(-0.0532926 0.189591 0)
(-0.0473271 0.196656 0)
(-0.0347595 0.186937 0)
(-0.0319316 0.191858 0)
(-0.0213606 0.183291 0)
(-0.0209709 0.186684 0)
(-0.0120487 0.179741 0)
(-0.0134185 0.182004 0)
(-0.00575757 0.176936 0)
(-0.00829311 0.178335 0)
(-0.0014861 0.175263 0)
(-0.00468024 0.175944 0)
(0.00169974 0.174917 0)
(-0.139131 0.159083 0)
(-0.123102 0.177196 0)
(-0.105443 0.172802 0)
(-0.0928507 0.186494 0)
(-0.0770641 0.179761 0)
(-0.0679938 0.189782 0)
(-0.0542679 0.18213 0)
(-0.0484218 0.189271 0)
(-0.0367064 0.181685 0)
(-0.0335956 0.186673 0)
(-0.0236681 0.179824 0)
(-0.0227321 0.183226 0)
(-0.0142647 0.177561 0)
(-0.0149259 0.179791 0)
(-0.0075625 0.175603 0)
(-0.00929713 0.176942 0)
(-0.00266181 0.174389 0)
(-0.0050128 0.175018 0)
(0.00127607 0.174163 0)
(-0.130353 0.143048 0)
(-0.116086 0.161417 0)
(-0.100363 0.158863 0)
(-0.0888801 0.172915 0)
(-0.0746562 0.168076 0)
(-0.0661264 0.178571 0)
(-0.0536255 0.172662 0)
(-0.0478565 0.180316 0)
(-0.0370898 0.174224 0)
(-0.0337072 0.179704 0)
(-0.0245201 0.17407 0)
(-0.0230721 0.177916 0)
(-0.0152122 0.173179 0)
(-0.0152332 0.175782 0)
(-0.00839577 0.172231 0)
(-0.0094287 0.173845 0)
(-0.00328016 0.17166 0)
(-0.00490417 0.172432 0)
(0.000909773 0.171695 0)
(-0.121668 0.13144 0)
(-0.108895 0.149289 0)
(-0.0949605 0.148679 0)
(-0.0846409 0.16248 0)
(-0.0718017 0.159621 0)
(-0.0639859 0.170045 0)
(-0.0525603 0.165983 0)
(-0.0471015 0.173665 0)
(-0.0371662 0.169193 0)
(-0.0337714 0.174731 0)
(-0.0252277 0.170433 0)
(-0.023527 0.174322 0)
(-0.0161572 0.170618 0)
(-0.0157576 0.173234 0)
(-0.009287 0.170415 0)
(-0.00979577 0.17202 0)
(-0.00392506 0.170274 0)
(-0.00496872 0.171028 0)
(0.000611072 0.170439 0)
(-0.112091 0.11925 0)
(-0.100371 0.136778 0)
(-0.0884215 0.137605 0)
(-0.0789909 0.151499 0)
(-0.0676913 0.150054 0)
(-0.0604511 0.160741 0)
(-0.0502407 0.158006 0)
(-0.0450376 0.166027 0)
(-0.0360616 0.162723 0)
(-0.0326534 0.168611 0)
(-0.0248703 0.165286 0)
(-0.0229536 0.169496 0)
(-0.0162068 0.166551 0)
(-0.0154503 0.169433 0)
(-0.00951654 0.167149 0)
(-0.00958056 0.168945 0)
(-0.00419983 0.167512 0)
(-0.00474681 0.168366 0)
(0.000352931 0.16788 0)
(-0.102605 0.110736 0)
(-0.0920307 0.12728 0)
(-0.0818506 0.129689 0)
(-0.0733463 0.143128 0)
(-0.0634091 0.143183 0)
(-0.0568457 0.153691 0)
(-0.0477057 0.152334 0)
(-0.0428962 0.16032 0)
(-0.0347609 0.158232 0)
(-0.0314977 0.16415 0)
(-0.0243763 0.161841 0)
(-0.0224042 0.166096 0)
(-0.0161813 0.16395 0)
(-0.0152181 0.166868 0)
(-0.00970438 0.165157 0)
(-0.0094627 0.166973 0)
(-0.00443249 0.165883 0)
(-0.00461863 0.166748 0)
(0.000163675 0.166374 0)
(-0.0923245 0.101671 0)
(-0.0827431 0.11767 0)
(-0.0743579 0.121228 0)
(-0.0666148 0.134478 0)
(-0.0581504 0.135646 0)
(-0.0521427 0.14622 0)
(-0.044187 0.145874 0)
(-0.0397238 0.154042 0)
(-0.0325445 0.15285 0)
(-0.0294244 0.158993 0)
(-0.0230793 0.15744 0)
(-0.021083 0.161916 0)
(-0.0155023 0.160365 0)
(-0.0143886 0.16347 0)
(-0.00942533 0.162187 0)
(-0.00894388 0.164138 0)
(-0.00440977 0.163303 0)
(-0.00430381 0.164241 0)
(8.8512e-06 0.163951 0)
(-0.0823252 0.0955124 0)
(-0.0739381 0.110579 0)
(-0.0669857 0.115327 0)
(-0.0601177 0.128009 0)
(-0.0529289 0.130321 0)
(-0.0475471 0.140618 0)
(-0.040631 0.14131 0)
(-0.0365902 0.149381 0)
(-0.0302519 0.149092 0)
(-0.0273638 0.155227 0)
(-0.0216983 0.15443 0)
(-0.0197715 0.158935 0)
(-0.0147458 0.15798 0)
(-0.0135765 0.161121 0)
(-0.00907786 0.160267 0)
(-0.00845273 0.162245 0)
(-0.00432565 0.161666 0)
(-0.00402744 0.162619 0)
(-9.45065e-05 0.162414 0)
(-0.0716839 0.0889908 0)
(-0.0644318 0.103584 0)
(-0.0588415 0.109121 0)
(-0.0527969 0.121538 0)
(-0.0468926 0.124669 0)
(-0.0420991 0.134878 0)
(-0.0362972 0.136336 0)
(-0.0326576 0.14446 0)
(-0.0272489 0.144843 0)
(-0.0246039 0.151098 0)
(-0.0197144 0.150867 0)
(-0.0178913 0.15551 0)
(-0.0135197 0.155007 0)
(-0.0123428 0.158273 0)
(-0.00840905 0.157745 0)
(-0.00769452 0.159819 0)
(-0.00407272 0.159438 0)
(-0.00363401 0.160445 0)
(-0.00017421 0.160306 0)
(-0.0614582 0.0847479 0)
(-0.0554482 0.0986323 0)
(-0.0509601 0.10493 0)
(-0.0458434 0.116859 0)
(-0.0410068 0.120781 0)
(-0.0368754 0.130699 0)
(-0.032038 0.132899 0)
(-0.0288496 0.140884 0)
(-0.0242595 0.141917 0)
(-0.0219007 0.148133 0)
(-0.0176957 0.148441 0)
(-0.0160246 0.153092 0)
(-0.0122298 0.153011 0)
(-0.0110993 0.156301 0)
(-0.00766313 0.156075 0)
(-0.00692244 0.158169 0)
(-0.00374885 0.157967 0)
(-0.00324422 0.158983 0)
(-0.000212525 0.158902 0)
(-0.0508164 0.0804363 0)
(-0.0459769 0.0939764 0)
(-0.0425126 0.100724 0)
(-0.0382957 0.11241 0)
(-0.0344959 0.116851 0)
(-0.0310286 0.12664 0)
(-0.0271682 0.129358 0)
(-0.0244483 0.13731 0)
(-0.0207324 0.138815 0)
(-0.0186858 0.145068 0)
(-0.0152371 0.145778 0)
(-0.0137542 0.150501 0)
(-0.010613 0.150742 0)
(-0.00957159 0.154108 0)
(-0.00670925 0.15412 0)
(-0.00598319 0.156279 0)
(-0.00332605 0.156225 0)
(-0.00278709 0.157283 0)
(-0.000238715 0.157254 0)
(-0.0405807 0.0778285 0)
(-0.0369494 0.0908819 0)
(-0.0343845 0.0980249 0)
(-0.03112 0.109359 0)
(-0.0282186 0.11426 0)
(-0.0254616 0.123826 0)
(-0.0224486 0.127001 0)
(-0.0202321 0.134832 0)
(-0.0172843 0.136751 0)
(-0.0155758 0.142953 0)
(-0.0128029 0.144011 0)
(-0.0115321 0.148726 0)
(-0.00897987 0.149239 0)
(-0.00805692 0.152616 0)
(-0.00571525 0.152817 0)
(-0.00504248 0.154985 0)
(-0.00285917 0.155038 0)
(-0.00233265 0.156096 0)
(-0.000235894 0.156098 0)
(-0.0301486 0.0755436 0)
(-0.0276412 0.0883443 0)
(-0.0258839 0.0956632 0)
(-0.0235394 0.106795 0)
(-0.0214892 0.111946 0)
(-0.0194461 0.12138 0)
(-0.0172702 0.124833 0)
(-0.0155785 0.132602 0)
(-0.0134138 0.134794 0)
(-0.0120682 0.140987 0)
(-0.0100044 0.142291 0)
(-0.00896825 0.14703 0)
(-0.00704919 0.147745 0)
(-0.00626727 0.151161 0)
(-0.00449639 0.151515 0)
(-0.00390438 0.153722 0)
(-0.00225659 0.153871 0)
(-0.00178719 0.15496 0)
(-0.000213006 0.155004 0)
(-0.0200357 0.0743516 0)
(-0.0186813 0.0868567 0)
(-0.0177161 0.0942858 0)
(-0.0163139 0.105211 0)
(-0.0150524 0.110537 0)
(-0.0137404 0.119839 0)
(-0.0123259 0.123486 0)
(-0.011178 0.131181 0)
(-0.00972711 0.133558 0)
(-0.00876958 0.139719 0)
(-0.00736059 0.141185 0)
(-0.00658746 0.145919 0)
(-0.00526001 0.146765 0)
(-0.00464611 0.150189 0)
(-0.00340832 0.150638 0)
(-0.00291509 0.152857 0)
(-0.00175141 0.153068 0)
(-0.00133311 0.154162 0)
(-0.000200399 0.154219 0)
(-0.00796111 0.0739901 0)
(-0.00763071 0.086288 0)
(-0.00737555 0.0936688 0)
(-0.00694103 0.104422 0)
(-0.00651622 0.109764 0)
(-0.00604167 0.118947 0)
(-0.00551094 0.122655 0)
(-0.00504521 0.130284 0)
(-0.00446755 0.132746 0)
(-0.00404051 0.13888 0)
(-0.00345918 0.140437 0)
(-0.00308342 0.145168 0)
(-0.00252238 0.146097 0)
(-0.00219764 0.149531 0)
(-0.00166623 0.150045 0)
(-0.00138386 0.152277 0)
(-0.000878715 0.152525 0)
(-0.000619906 0.153621 0)
(-0.000124833 0.153691 0)
)
;

boundaryField
{
    leftWall
    {
        type            noSlip;
    }
    rightWall
    {
        type            noSlip;
    }
    lowerWall
    {
        type            noSlip;
    }
    atmosphere
    {
        type            zeroGradient;
    }
    defaultFaces
    {
        type            empty;
    }
}


// ************************************************************************* //
