/*--------------------------------*- C++ -*----------------------------------*\
| =========                 |                                                 |
| \\      /  F ield         | OpenFOAM: The Open Source CFD Toolbox           |
|  \\    /   O peration     | Version:  2012                                  |
|   \\  /    A nd           | Website:  www.openfoam.com                      |
|    \\/     M anipulation  |                                                 |
\*---------------------------------------------------------------------------*/
FoamFile
{
    version     2.0;
    format      ascii;
    class       volScalarField;
    location    "0.84";
    object      pcorr;
}
// * * * * * * * * * * * * * * * * * * * * * * * * * * * * * * * * * * * * * //

dimensions      [1 -1 -2 0 0 0 0];


internalField   nonuniform List<scalar> 
2268
(
101333
101332
101332
101332
101332
101332
101332
101332
101333
101335
101336
101339
101341
101344
101347
101350
101354
101358
101363
101368
101374
101379
101381
101333
101333
101332
101332
101332
101332
101332
101332
101333
101334
101336
101339
101341
101344
101347
101350
101354
101358
101363
101368
101374
101379
101382
101333
101333
101332
101332
101332
101331
101331
101332
101333
101334
101336
101338
101341
101344
101347
101350
101353
101358
101363
101368
101374
101380
101383
101333
101333
101332
101332
101332
101331
101331
101331
101332
101334
101336
101338
101341
101343
101346
101350
101353
101357
101362
101368
101375
101381
101385
101333
101333
101333
101332
101332
101331
101331
101331
101332
101334
101336
101338
101341
101343
101346
101349
101353
101357
101362
101368
101375
101383
101388
101333
101333
101333
101332
101332
101331
101330
101330
101331
101333
101335
101338
101340
101343
101346
101349
101352
101356
101361
101367
101376
101385
101393
101333
101333
101333
101333
101332
101330
101330
101330
101331
101332
101335
101337
101340
101343
101345
101348
101351
101355
101360
101367
101376
101388
101399
101333
101333
101333
101333
101332
101330
101329
101329
101330
101332
101334
101337
101340
101343
101345
101347
101350
101354
101358
101365
101375
101391
101407
101638
101629
101633
101692
101747
101798
101821
101824
101826
101827
101831
101799
101842
101875
101881
101875
101859
101840
101823
101641
101632
101638
101693
101750
101803
101822
101823
101824
101825
101827
101798
101847
101876
101880
101875
101857
101837
101819
101647
101640
101647
101692
101752
101813
101822
101823
101824
101824
101825
101803
101839
101868
101875
101869
101854
101833
101810
101652
101648
101656
101687
101750
101819
101822
101823
101823
101824
101824
101800
101817
101833
101849
101855
101842
101816
101797
101655
101655
101663
101673
101723
101816
101822
101823
101823
101824
101819
101792
101798
101800
101802
101813
101809
101793
101780
101654
101659
101663
101665
101690
101767
101821
101823
101823
101824
101800
101782
101793
101784
101776
101778
101775
101769
101759
101648
101661
101662
101664
101671
101722
101791
101820
101823
101811
101777
101772
101785
101769
101759
101760
101752
101747
101737
101637
101660
101661
101662
101664
101693
101748
101799
101817
101776
101748
101745
101754
101749
101741
101745
101736
101725
101715
101333
101333
101334
101334
101332
101329
101327
101326
101328
101330
101333
101337
101340
101342
101344
101346
101348
101351
101355
101362
101373
101395
101426
101332
101334
101337
101336
101332
101329
101324
101321
101324
101328
101332
101336
101340
101343
101344
101345
101345
101346
101348
101351
101364
101389
101419
101338
101339
101345
101341
101331
101329
101320
101315
101320
101329
101329
101337
101340
101344
101345
101343
101342
101341
101339
101338
101359
101385
101411
101335
101336
101338
101334
101320
101334
101319
101333
101334
101325
101340
101339
101344
101344
101344
101344
101344
101345
101345
101345
101352
101379
101414
101335
101335
101339
101340
101327
101327
101329
101333
101336
101339
101342
101343
101344
101344
101344
101344
101345
101345
101345
101346
101346
101363
101392
101334
101334
101334
101333
101332
101332
101332
101333
101335
101338
101338
101328
101342
101344
101344
101344
101345
101345
101346
101346
101346
101347
101357
101333
101333
101333
101332
101332
101332
101332
101332
101332
101332
101325
101320
101318
101338
101344
101344
101345
101345
101346
101346
101347
101347
101348
101333
101332
101332
101332
101332
101332
101332
101332
101332
101332
101331
101330
101329
101329
101340
101344
101345
101345
101346
101346
101347
101347
101348
101332
101332
101332
101332
101332
101331
101331
101331
101331
101331
101331
101331
101330
101330
101336
101342
101342
101345
101346
101346
101347
101347
101348
101332
101332
101331
101331
101331
101331
101331
101331
101331
101331
101331
101331
101330
101330
101331
101330
101331
101339
101345
101347
101347
101347
101348
101331
101331
101331
101331
101331
101331
101331
101331
101331
101331
101331
101330
101330
101330
101330
101330
101330
101330
101330
101330
101332
101330
101342
101331
101331
101331
101331
101331
101331
101331
101331
101331
101331
101330
101330
101330
101330
101330
101330
101330
101330
101330
101330
101330
101329
101331
101331
101331
101331
101331
101331
101331
101331
101331
101330
101330
101330
101330
101330
101330
101330
101330
101330
101330
101330
101330
101330
101330
101330
101331
101331
101331
101330
101330
101330
101330
101330
101330
101330
101330
101330
101330
101330
101330
101330
101330
101330
101330
101330
101330
101330
101330
101330
101330
101330
101330
101330
101330
101330
101330
101330
101330
101330
101330
101330
101330
101330
101330
101330
101330
101330
101330
101330
101330
101330
101330
101330
101330
101330
101330
101330
101330
101330
101330
101330
101330
101330
101330
101330
101330
101330
101330
101330
101330
101330
101330
101330
101330
101330
101330
101330
101330
101330
101330
101330
101330
101330
101330
101330
101330
101330
101330
101330
101330
101330
101330
101330
101330
101330
101330
101330
101330
101330
101330
101330
101330
101330
101330
101330
101330
101330
101330
101329
101329
101329
101329
101329
101329
101329
101329
101330
101330
101330
101330
101329
101329
101329
101329
101329
101329
101329
101329
101329
101329
101329
101329
101329
101329
101329
101329
101329
101329
101329
101329
101329
101329
101330
101329
101329
101329
101329
101329
101329
101329
101329
101329
101329
101329
101329
101329
101329
101329
101329
101329
101329
101329
101329
101329
101329
101329
101329
101329
101329
101329
101329
101329
101329
101329
101329
101329
101329
101329
101329
101329
101329
101329
101329
101329
101329
101329
101329
101329
101329
101329
101329
101329
101329
101329
101329
101329
101329
101329
101329
101329
101329
101329
101329
101329
101329
101329
101329
101329
101329
101329
101329
101329
101329
101329
101329
101329
101329
101329
101329
101329
101329
101329
101329
101329
101329
101329
101329
101329
101329
101329
101329
101329
101329
101329
101329
101328
101328
101328
101328
101328
101328
101328
101328
101328
101328
101328
101328
101328
101328
101328
101328
101329
101329
101329
101329
101329
101329
101329
101328
101328
101328
101328
101328
101328
101328
101328
101328
101328
101328
101328
101328
101328
101328
101328
101328
101328
101328
101328
101328
101328
101328
101328
101328
101328
101328
101328
101328
101328
101328
101328
101328
101328
101328
101328
101328
101328
101328
101328
101328
101328
101328
101328
101328
101328
101328
101328
101328
101328
101328
101328
101328
101328
101328
101328
101328
101328
101328
101328
101328
101328
101328
101328
101328
101328
101328
101328
101328
101328
101328
101328
101328
101328
101328
101328
101328
101328
101328
101328
101328
101328
101328
101328
101328
101328
101328
101328
101328
101328
101328
101328
101328
101328
101328
101328
101328
101328
101328
101328
101328
101328
101328
101328
101328
101328
101328
101328
101328
101328
101328
101328
101328
101328
101328
101327
101327
101327
101327
101327
101327
101327
101327
101327
101327
101327
101327
101327
101327
101327
101327
101327
101327
101327
101327
101327
101327
101328
101327
101327
101327
101327
101327
101327
101327
101327
101327
101327
101327
101327
101327
101327
101327
101327
101327
101327
101327
101327
101327
101327
101327
101327
101327
101327
101327
101327
101327
101327
101327
101327
101327
101327
101327
101327
101327
101327
101327
101327
101327
101327
101327
101327
101327
101327
101327
101327
101327
101327
101327
101327
101327
101327
101327
101327
101327
101327
101327
101327
101327
101327
101327
101327
101327
101327
101327
101327
101327
101327
101327
101327
101327
101327
101327
101327
101327
101327
101327
101327
101327
101327
101327
101327
101327
101327
101327
101327
101327
101327
101327
101327
101326
101326
101326
101326
101326
101326
101326
101326
101326
101326
101326
101326
101326
101326
101326
101326
101326
101326
101326
101326
101326
101327
101327
101326
101326
101326
101326
101326
101326
101326
101326
101326
101326
101326
101326
101326
101326
101326
101326
101326
101326
101326
101326
101326
101326
101326
101326
101326
101326
101326
101326
101326
101326
101326
101326
101326
101326
101326
101326
101326
101326
101326
101326
101326
101326
101326
101326
101326
101326
101326
101326
101326
101326
101326
101326
101326
101326
101326
101326
101326
101326
101326
101326
101326
101326
101326
101326
101326
101326
101326
101326
101326
101326
101326
101326
101326
101326
101326
101326
101326
101326
101326
101326
101326
101326
101326
101326
101326
101326
101326
101326
101326
101326
101326
101326
101325
101325
101325
101325
101325
101325
101325
101325
101325
101325
101325
101325
101325
101325
101325
101325
101325
101325
101325
101325
101325
101326
101326
101325
101325
101325
101325
101325
101325
101325
101325
101325
101325
101325
101325
101325
101325
101325
101325
101325
101325
101325
101325
101325
101325
101325
101325
101325
101325
101325
101325
101325
101325
101325
101325
101325
101325
101325
101325
101325
101325
101325
101325
101325
101325
101325
101325
101325
101325
101462
101481
101506
101541
101443
101463
101491
101524
101436
101455
101477
101502
101423
101434
101447
101464
101398
101404
101412
101422
101364
101366
101371
101378
101351
101353
101355
101355
101349
101350
101350
101351
101349
101349
101350
101350
101350
101350
101349
101350
101346
101342
101341
101341
101331
101331
101330
101330
101330
101330
101330
101331
101330
101330
101330
101331
101330
101330
101330
101330
101330
101330
101330
101330
101330
101330
101330
101330
101330
101330
101330
101330
101330
101330
101330
101330
101329
101329
101330
101330
101329
101329
101329
101329
101329
101329
101329
101329
101329
101329
101329
101329
101329
101329
101329
101329
101329
101329
101329
101329
101328
101328
101328
101328
101328
101328
101328
101328
101328
101328
101328
101328
101328
101328
101328
101328
101328
101328
101328
101328
101327
101327
101327
101327
101327
101327
101327
101327
101327
101327
101327
101327
101327
101327
101327
101327
101327
101327
101327
101327
101326
101326
101326
101326
101326
101326
101326
101326
101326
101326
101326
101326
101326
101326
101326
101326
101326
101326
101326
101326
101325
101325
101325
101325
101325
101325
101325
101325
101608
101655
101658
101660
101655
101663
101698
101734
101743
101709
101688
101678
101681
101700
101707
101713
101705
101690
101686
101582
101625
101651
101644
101649
101655
101662
101658
101637
101599
101575
101568
101568
101597
101621
101613
101623
101633
101626
101543
101584
101615
101629
101643
101652
101627
101579
101524
101464
101441
101452
101485
101533
101549
101553
101550
101532
101499
101496
101527
101553
101609
101628
101608
101559
101502
101418
101364
101344
101349
101399
101454
101491
101493
101471
101403
101359
101456
101466
101477
101489
101486
101494
101472
101444
101379
101347
101342
101340
101337
101336
101368
101371
101341
101333
101327
101393
101399
101401
101368
101355
101382
101387
101371
101347
101342
101340
101338
101336
101336
101335
101334
101334
101333
101332
101356
101357
101357
101354
101353
101352
101332
101334
101335
101338
101339
101337
101336
101335
101334
101334
101334
101333
101331
101351
101351
101351
101351
101351
101349
101335
101334
101334
101334
101335
101335
101334
101334
101334
101334
101333
101333
101333
101350
101350
101350
101350
101349
101347
101336
101334
101334
101333
101333
101333
101333
101333
101333
101333
101333
101333
101332
101350
101349
101349
101349
101349
101339
101334
101334
101333
101333
101333
101333
101333
101333
101333
101333
101332
101332
101331
101342
101348
101348
101347
101343
101333
101333
101333
101333
101333
101333
101333
101333
101333
101332
101332
101332
101332
101332
101330
101332
101342
101339
101333
101332
101332
101333
101332
101332
101332
101332
101332
101332
101332
101332
101332
101332
101332
101331
101331
101332
101333
101332
101332
101332
101332
101332
101332
101332
101332
101332
101332
101332
101332
101332
101332
101332
101331
101331
101331
101332
101332
101332
101332
101332
101332
101332
101332
101332
101332
101332
101332
101332
101332
101331
101331
101331
101331
101331
101331
101331
101331
101331
101331
101331
101331
101331
101331
101331
101331
101331
101331
101331
101331
101331
101330
101331
101331
101331
101331
101331
101331
101331
101331
101331
101331
101331
101331
101331
101331
101331
101331
101331
101331
101330
101330
101330
101331
101331
101331
101331
101331
101331
101331
101331
101331
101331
101331
101331
101331
101331
101331
101331
101330
101330
101330
101330
101330
101330
101331
101331
101331
101331
101331
101331
101331
101331
101331
101331
101331
101331
101331
101330
101330
101330
101330
101330
101330
101330
101330
101330
101330
101330
101330
101330
101330
101330
101330
101330
101330
101330
101330
101330
101330
101330
101330
101330
101330
101330
101330
101330
101330
101330
101330
101330
101330
101330
101330
101330
101330
101329
101329
101330
101330
101330
101330
101330
101330
101330
101330
101330
101330
101330
101330
101330
101330
101330
101330
101330
101329
101329
101329
101329
101329
101329
101330
101330
101330
101330
101330
101330
101330
101330
101330
101330
101330
101330
101330
101329
101329
101329
101329
101329
101329
101329
101329
101329
101329
101329
101329
101329
101329
101329
101329
101329
101329
101329
101329
101329
101329
101329
101329
101329
101329
101329
101329
101329
101329
101329
101329
101329
101329
101329
101329
101329
101329
101329
101329
101329
101329
101329
101329
101329
101329
101329
101329
101329
101329
101329
101329
101329
101329
101329
101329
101329
101328
101328
101328
101328
101329
101329
101329
101329
101329
101329
101329
101329
101329
101329
101329
101329
101329
101329
101329
101328
101328
101328
101328
101328
101328
101328
101328
101328
101328
101328
101328
101328
101328
101328
101328
101328
101328
101328
101328
101328
101328
101328
101328
101328
101328
101328
101328
101328
101328
101328
101328
101328
101328
101328
101328
101328
101328
101328
101328
101328
101328
101328
101328
101328
101328
101328
101328
101328
101328
101328
101328
101328
101328
101328
101328
101328
101328
101328
101328
101328
101328
101328
101328
101328
101328
101328
101328
101328
101328
101328
101328
101328
101328
101328
101328
101327
101327
101327
101327
101327
101327
101327
101327
101328
101328
101328
101328
101328
101328
101328
101328
101328
101328
101328
101327
101327
101327
101327
101327
101327
101327
101327
101327
101327
101327
101327
101327
101327
101327
101327
101327
101327
101327
101327
101327
101327
101327
101327
101327
101327
101327
101327
101327
101327
101327
101327
101327
101327
101327
101327
101327
101327
101327
101327
101327
101327
101327
101327
101327
101327
101327
101327
101327
101327
101327
101327
101327
101327
101327
101327
101327
101327
101327
101327
101327
101327
101327
101327
101327
101327
101327
101327
101327
101327
101327
101327
101327
101327
101327
101327
101326
101326
101326
101326
101326
101326
101326
101326
101326
101326
101326
101326
101326
101326
101326
101326
101326
101326
101326
101326
101326
101326
101326
101326
101326
101326
101326
101326
101326
101326
101326
101326
101326
101326
101326
101326
101326
101326
101326
101326
101326
101326
101326
101326
101326
101326
101326
101326
101326
101326
101326
101326
101326
101326
101326
101326
101326
101326
101326
101326
101326
101326
101326
101326
101326
101326
101326
101326
101326
101326
101326
101326
101326
101326
101326
101326
101326
101326
101326
101326
101326
101326
101326
101326
101326
101326
101326
101326
101326
101326
101326
101326
101326
101326
101326
101325
101325
101325
101325
101325
101325
101325
101325
101325
101325
101325
101325
101325
101325
101325
101325
101325
101325
101325
101325
101325
101325
101325
101325
101325
101325
101325
101325
101325
101325
101325
101325
101325
101325
101325
101325
101325
101325
)
;

boundaryField
{
    leftWall
    {
        type            zeroGradient;
    }
    rightWall
    {
        type            zeroGradient;
    }
    lowerWall
    {
        type            zeroGradient;
    }
    atmosphere
    {
        type            fixedValue;
        value           uniform 101325;
    }
    defaultFaces
    {
        type            empty;
    }
}


// ************************************************************************* //
