/*--------------------------------*- C++ -*----------------------------------*\
| =========                 |                                                 |
| \\      /  F ield         | OpenFOAM: The Open Source CFD Toolbox           |
|  \\    /   O peration     | Version:  2012                                  |
|   \\  /    A nd           | Website:  www.openfoam.com                      |
|    \\/     M anipulation  |                                                 |
\*---------------------------------------------------------------------------*/
FoamFile
{
    version     2.0;
    format      ascii;
    class       volScalarField;
    location    "0.002";
    object      p;
}
// * * * * * * * * * * * * * * * * * * * * * * * * * * * * * * * * * * * * * //

dimensions      [1 -1 -2 0 0 0 0];


internalField   nonuniform List<scalar> 
5000
(
1000000000
1000000000
1000000000
1000000000
1000000000
1000000000
1000000000
1000000000
1000000000
1000000000
1000000000
1000000000
1000000000
1000000000
1000000000
1000000000
1000000000
1000000000
1000000000
1000000000
1000000000
1000000000
1000000000
1000000000
1000000000
1000000000
1000000000
1000000000
1000000000
1000000000
1000000000
1000000000
1000000000
1000000000
1000000000
1000000000
1000000000
1000000000
1000000000
1000000000
1000000000
1000000000
1000000000
1000000000
1000000000
1000000000
1000000000
1000000000
1000000000
1000000000
1000000000
1000000000
1000000000
1000000000
1000000000
1000000000
1000000000
1000000000
1000000000
1000000000
1000000000
1000000000
1000000000
1000000000
1000000000
1000000000
1000000000
1000000000
1000000000
1000000000
1000000000
1000000000
1000000000
1000000000
1000000000
1000000000
1000000000
1000000000
1000000000
1000000000
1000000000
1000000000
1000000000
1000000000
1000000000
1000000000
1000000000
1000000000
1000000000
1000000000
1000000000
1000000000
1000000000
1000000000
1000000000
1000000000
1000000000
1000000000
1000000000
1000000000
1000000000
1000000000
1000000000
1000000000
1000000000
1000000000
1000000000
1000000000
1000000000
1000000000
1000000000
1000000000
1000000000
1000000000
1000000000
1000000000
1000000000
1000000000
1000000000
1000000000
1000000000
1000000000
1000000000
1000000000
1000000000
1000000000
1000000000
1000000000
1000000000
1000000000
1000000000
1000000000
1000000000
1000000000
1000000000
1000000000
1000000000
1000000000
1000000000
1000000000
1000000000
1000000000
1000000000
1000000000
1000000000
1000000000
1000000000
1000000000
1000000000
1000000000
1000000000
1000000000
1000000000
1000000000
1000000000
1000000000
1000000000
1000000000
1000000000
1000000000
1000000000
1000000000
1000000000
1000000000
1000000000
1000000000
1000000000
1000000000
1000000000
1000000000
1000000000
1000000000
1000000000
1000000000
1000000000
1000000000
1000000000
1000000000
1000000000
1000000000
1000000000
1000000000
1000000000
1000000000
1000000000
1000000000
1000000000
1000000000
1000000000
1000000000
1000000000
1000000000
1000000000
1000000000
1000000000
1000000000
1000000000
1000000000
1000000000
1000000000
1000000000
1000000000
1000000000
1000000000
1000000000
1000000000
1000000000
1000000000
1000000000
1000000000
1000000000
1000000000
1000000000
1000000000
1000000000
1000000000
1000000000
1000000000
1000000000
1000000000
1000000000
1000000000
1000000000
1000000000
1000000000
1000000000
1000000000
1000000000
1000000000
1000000000
1000000000
1000000000
1000000000
1000000000
1000000000
1000000000
1000000000
1000000000
1000000000
1000000000
1000000000
1000000000
1000000000
1000000000
1000000000
1000000000
1000000000
1000000000
1000000000
1000000000
1000000000
1000000000
1000000000
1000000000
1000000000
1000000000
1000000000
1000000000
1000000000
1000000000
1000000000
1000000000
1000000000
1000000000
1000000000
1000000000
1000000000
1000000000
1000000000
1000000000
1000000000
1000000000
1000000000
1000000000
1000000000
1000000000
1000000000
1000000000
1000000000
1000000000
1000000000
1000000000
1000000000
1000000000
1000000000
1000000000
1000000000
1000000000
1000000000
1000000000
1000000000
1000000000
1000000000
1000000000
1000000000
1000000000
1000000000
1000000000
1000000000
1000000000
1000000000
1000000000
1000000000
1000000000
1000000000
1000000000
1000000000
1000000000
1000000000
1000000000
1000000000
1000000000
1000000000
1000000000
1000000000
1000000000
1000000000
1000000000
1000000000
1000000000
1000000000
1000000000
1000000000
1000000000
1000000000
1000000000
1000000000
1000000000
1000000000
1000000000
1000000000
1000000000
1000000000
1000000000
1000000000
1000000000
1000000000
1000000000
1000000000
1000000000
1000000000
1000000000
1000000000
1000000000
1000000000
1000000000
1000000000
1000000000
1000000000
1000000000
1000000000
1000000000
1000000000
1000000000
1000000000
1000000000
1000000000
1000000000
1000000000
1000000000
1000000000
1000000000
1000000000
1000000000
1000000000
1000000000
1000000000
1000000000
1000000000
1000000000
1000000000
1000000000
1000000000
1000000000
1000000000
1000000000
1000000000
1000000000
1000000000
1000000000
1000000000
1000000000
1000000000
1000000000
1000000000
1000000000
1000000000
1000000000
1000000000
1000000000
1000000000
1000000000
1000000000
1000000000
1000000000
1000000000
1000000000
1000000000
1000000000
1000000000
1000000000
1000000000
1000000000
1000000000
1000000000
1000000000
1000000000
1000000000
1000000000
1000000000
1000000000
1000000000
1000000000
1000000000
1000000000
1000000000
1000000000
1000000000
1000000000
1000000000
1000000000
1000000000
1000000000
1000000000
1000000000
1000000000
1000000000
1000000000
1000000000
1000000000
1000000000
1000000000
1000000000
1000000000
1000000000
1000000000
1000000000
1000000000
1000000000
1000000000
1000000000
1000000000
1000000000
1000000000
1000000000
1000000000
1000000000
1000000000
1000000000
1000000000
1000000000
1000000000
1000000000
1000000000
1000000000
1000000000
1000000000
1000000000
1000000000
1000000000
1000000000
1000000000
1000000000
1000000000
1000000000
1000000000
1000000000
1000000000
1000000000
1000000000
1000000000
1000000000
1000000000
1000000000
1000000000
1000000000
1000000000
1000000000
1000000000
1000000000
1000000000
1000000000
1000000000
1000000000
1000000000
1000000000
1000000000
1000000000
1000000000
1000000000
1000000000
1000000000
1000000000
1000000000
1000000000
1000000000
1000000000
1000000000
1000000000
1000000000
1000000000
1000000000
1000000000
1000000000
1000000000
1000000000
1000000000
1000000000
1000000000
1000000000
1000000000
1000000000
1000000000
1000000000
1000000000
1000000000
1000000000
1000000000
1000000000
1000000000
1000000000
1000000000
1000000000
1000000000
1000000000
1000000000
1000000000
1000000000
1000000000
1000000000
1000000000
1000000000
1000000000
1000000000
1000000000
1000000000
1000000000
1000000000
1000000000
1000000000
1000000000
1000000000
1000000000
1000000000
1000000000
1000000000
1000000000
1000000000
1000000000
1000000000
1000000000
1000000000
1000000000
1000000000
1000000000
1000000000
1000000000
1000000000
1000000000
1000000000
1000000000
1000000000
1000000000
1000000000
1000000000
1000000000
1000000000
1000000000
1000000000
1000000000
1000000000
1000000000
1000000000
1000000000
1000000000
1000000000
1000000000
1000000000
1000000000
1000000000
1000000000
1000000000
1000000000
1000000000
1000000000
1000000000
1000000000
1000000000
1000000000
1000000000
1000000000
1000000000
1000000000
1000000000
1000000000
1000000000
1000000000
1000000000
1000000000
1000000000
1000000000
1000000000
1000000000
1000000000
1000000000
1000000000
1000000000
1000000000
1000000000
1000000000
1000000000
1000000000
1000000000
1000000000
1000000000
1000000000
1000000000
1000000000
1000000000
1000000000
1000000000
1000000000
1000000000
1000000000
1000000000
1000000000
1000000000
1000000000
1000000000
1000000000
1000000000
1000000000
1000000000
1000000000
1000000000
1000000000
1000000000
1000000000
1000000000
1000000000
1000000000
1000000000
1000000000
1000000000
1000000000
1000000000
1000000000
1000000000
1000000000
1000000000
1000000000
1000000000
1000000000
1000000000
1000000000
1000000000
1000000000
1000000000
1000000000
1000000000
1000000000
1000000000
1000000000
1000000000
1000000000
1000000000
1000000000
1000000000
1000000000
1000000000
1000000000
1000000000
1000000000
1000000000
1000000000
1000000000
1000000000
1000000000
1000000000
1000000000
1000000000
1000000000
1000000000
1000000000
1000000000
1000000000
1000000000
1000000000
1000000000
1000000000
1000000000
1000000000
1000000000
1000000000
1000000000
1000000000
1000000000
1000000000
1000000000
1000000000
1000000000
1000000000
1000000000
1000000000
1000000000
1000000000
1000000000
1000000000
1000000000
1000000000
1000000000
1000000000
1000000000
1000000000
1000000000
1000000000
1000000000
1000000000
1000000000
1000000000
1000000000
1000000000
1000000000
1000000000
1000000000
1000000000
1000000000
1000000000
1000000000
1000000000
1000000000
1000000000
1000000000
1000000000
1000000000
1000000000
1000000000
1000000000
1000000000
1000000000
1000000000
1000000000
1000000000
1000000000
1000000000
1000000000
1000000000
1000000000
1000000000
1000000000
1000000000
1000000000
1000000000
1000000000
1000000000
1000000000
1000000000
1000000000
1000000000
1000000000
1000000000
1000000000
1000000000
1000000000
1000000000
1000000000
1000000000
1000000000
1000000000
1000000000
1000000000
1000000000
1000000000
1000000000
1000000000
1000000000
1000000000
1000000000
1000000000
1000000000
1000000000
1000000000
1000000000
1000000000
1000000000
1000000000
1000000000
1000000000
1000000000
1000000000
1000000000
1000000000
1000000000
1000000000
1000000000
1000000000
1000000000
1000000000
1000000000
1000000000
1000000000
1000000000
1000000000
1000000000
1000000000
1000000000
1000000000
1000000000
1000000000
1000000000
1000000000
1000000000
1000000000
1000000000
1000000000
1000000000
1000000000
1000000000
1000000000
1000000000
1000000000
1000000000
1000000000
1000000000
1000000000
1000000000
1000000000
1000000000
1000000000
1000000000
1000000000
1000000000
1000000000
1000000000
1000000000
1000000000
1000000000
1000000000
1000000000
1000000000
1000000000
1000000000
1000000000
1000000000
1000000000
1000000000
1000000000
1000000000
1000000000
1000000000
1000000000
1000000000
1000000000
1000000000
1000000000
1000000000
1000000000
1000000000
1000000000
1000000000
1000000000
1000000000
1000000000
1000000000
1000000000
1000000000
1000000000
1000000000
1000000000
1000000000
1000000000
1000000000
1000000000
1000000000
1000000000
1000000000
1000000000
1000000000
1000000000
1000000000
1000000000
1000000000
1000000000
1000000000
1000000000
1000000000
1000000000
1000000000
1000000000
1000000000
1000000000
1000000000
1000000000
1000000000
1000000000
1000000000
1000000000
1000000000
1000000000
1000000000
1000000000
1000000000
1000000000
1000000000
1000000000
1000000000
1000000000
1000000000
1000000000
1000000000
1000000000
1000000000
1000000000
1000000000
1000000000
1000000000
1000000000
1000000000
1000000000
1000000000
1000000000
1000000000
1000000000
1000000000
1000000000
1000000000
1000000000
1000000000
1000000000
1000000000
1000000000
1000000000
1000000000
1000000000
1000000000
1000000000
1000000000
1000000000
1000000000
1000000000
1000000000
1000000000
1000000000
1000000000
1000000000
1000000000
1000000000
1000000000
1000000000
1000000000
1000000000
1000000000
1000000000
1000000000
1000000000
1000000000
1000000000
1000000000
1000000000
1000000000
1000000000
1000000000
1000000000
1000000000
1000000000
1000000000
1000000000
1000000000
1000000000
1000000000
1000000000
1000000000
1000000000
1000000000
1000000000
1000000000
1000000000
1000000000
1000000000
1000000000
1000000000
1000000000
1000000000
1000000000
1000000000
1000000000
1000000000
1000000000
1000000000
1000000000
1000000000
1000000000
1000000000
1000000000
1000000000
1000000000
1000000000
1000000000
1000000000
1000000000
1000000000
1000000000
1000000000
1000000000
1000000000
1000000000
1000000000
1000000000
1000000000
1000000000
1000000000
1000000000
1000000000
1000000000
1000000000
1000000000
1000000000
1000000000
1000000000
1000000000
1000000000
1000000000
1000000000
1000000000
1000000000
1000000000
1000000000
1000000000
1000000000
1000000000
1000000000
1000000000
1000000000
1000000000
1000000000
1000000000
1000000000
1000000000
1000000000
1000000000
1000000000
1000000000
1000000000
1000000000
1000000000
1000000000
1000000000
1000000000
1000000000
1000000000
1000000000
1000000000
1000000000
1000000000
1000000000
1000000000
1000000000
1000000000
1000000000
1000000000
1000000000
1000000000
1000000000
1000000000
1000000000
1000000000
1000000000
1000000000
1000000000
1000000000
1000000000
1000000000
1000000000
1000000000
1000000000
1000000000
1000000000
1000000000
1000000000
1000000000
1000000000
1000000000
1000000000
1000000000
1000000000
1000000000
1000000000
1000000000
1000000000
1000000000
1000000000
1000000000
1000000000
1000000000
1000000000
1000000000
1000000000
1000000000
1000000000
1000000000
1000000000
1000000000
1000000000
1000000000
1000000000
1000000000
1000000000
1000000000
1000000000
1000000000
1000000000
1000000000
1000000000
1000000000
1000000000
1000000000
1000000000
1000000000
1000000000
1000000000
1000000000
1000000000
1000000000
1000000000
1000000000
1000000000
1000000000
1000000000
1000000000
1000000000
1000000000
1000000000
1000000000
1000000000
1000000000
1000000000
1000000000
1000000000
1000000000
1000000000
1000000000
1000000000
1000000000
1000000000
1000000000
1000000000
1000000000
1000000000
1000000000
1000000000
1000000000
1000000000
1000000000
1000000000
1000000000
1000000000
1000000000
1000000000
1000000000
1000000000
1000000000
1000000000
1000000000
1000000000
1000000000
1000000000
1000000000
1000000000
1000000000
1000000000
1000000000
1000000000
1000000000
1000000000
1000000000
1000000000
1000000000
1000000000
1000000000
1000000000
1000000000
1000000000
1000000000
1000000000
1000000000
1000000000
1000000000
1000000000
1000000000
1000000000
1000000000
1000000000
1000000000
1000000000
1000000000
1000000000
1000000000
1000000000
1000000000
1000000000
1000000000
1000000000
1000000000
1000000000
1000000000
1000000000
1000000000
1000000000
1000000000
1000000000
1000000000
1000000000
1000000000
1000000000
1000000000
1000000000
1000000000
1000000000
1000000000
1000000000
1000000000
1000000000
1000000000
1000000000
1000000000
1000000000
1000000000
1000000000
1000000000
1000000000
1000000000
1000000000
1000000000
1000000000
1000000000
1000000000
1000000000
1000000000
1000000000
1000000000
1000000000
1000000000
1000000000
1000000000
1000000000
1000000000
1000000000
1000000000
1000000000
1000000000
1000000000
1000000000
1000000000
1000000000
1000000000
1000000000
1000000000
1000000000
1000000000
1000000000
1000000000
1000000000
1000000000
1000000000
1000000000
1000000000
1000000000
1000000000
1000000000
1000000000
1000000000
1000000000
1000000000
1000000000
1000000000
1000000000
1000000000
1000000000
1000000000
1000000000
1000000000
1000000000
1000000000
1000000000
1000000000
1000000000
1000000000
1000000000
1000000000
1000000000
1000000000
1000000000
1000000000
1000000000
1000000000
1000000000
1000000000
1000000000
1000000000
1000000000
1000000000
1000000000
1000000000
1000000000
1000000000
1000000000
1000000000
1000000000
1000000000
1000000000
1000000000
1000000000
1000000000
1000000000
1000000000
1000000000
1000000000
1000000000
1000000000
1000000000
1000000000
1000000000
1000000000
1000000000
1000000000
1000000000
1000000000
1000000000
1000000000
1000000000
1000000000
1000000000
1000000000
1000000000
1000000000
1000000000
1000000000
1000000000
1000000000
1000000000
1000000000
1000000000
1000000000
1000000000
1000000000
1000000000
1000000000
1000000000
1000000000
1000000000
1000000000
1000000000
1000000000
1000000000
1000000000
1000000000
1000000000
1000000000
1000000000
1000000000
1000000000
1000000000
1000000000
1000000000
1000000000
1000000000
1000000000
1000000000
1000000000
1000000000
1000000000
1000000000
1000000000
1000000000
1000000000
1000000000
1000000000
1000000000
1000000000
1000000000
1000000000
1000000000
1000000000
1000000000
1000000000
1000000000
1000000000
1000000000
1000000000
1000000000
1000000000
1000000000
1000000000
1000000000
1000000000
1000000000
1000000000
1000000000
1000000000
1000000000
1000000000
1000000000
1000000000
1000000000
1000000000
1000000000
1000000000
1000000000
1000000000
1000000000
1000000000
1000000000
1000000000
1000000000
1000000000
1000000000
1000000000
1000000000
1000000000
1000000000
1000000000
1000000000
1000000000
1000000000
1000000000
1000000000
1000000000
1000000000
1000000000
1000000000
1000000000
1000000000
1000000000
1000000000
1000000000
1000000000
1000000000
1000000000
1000000000
1000000000
1000000000
1000000000
1000000000
1000000000
1000000000
1000000000
1000000000
1000000000
1000000000
1000000000
1000000000
1000000000
1000000000
1000000000
1000000000
1000000000
1000000000
1000000000
1000000000
1000000000
1000000000
1000000000
1000000000
1000000000
1000000000
1000000000
1000000000
1000000000
1000000000
1000000000
1000000000
1000000000
1000000000
1000000000
1000000000
1000000000
1000000000
1000000000
1000000000
1000000000
1000000000
1000000000
1000000000
1000000000
1000000000
1000000000
1000000000
1000000000
1000000000
1000000000
1000000000
1000000000
1000000000
1000000000
1000000000
1000000000
1000000000
1000000000
1000000000
1000000000
1000000000
1000000000
1000000000
1000000000
1000000000
1000000000
1000000000
1000000000
1000000000
1000000000
1000000000
1000000000
1000000000
1000000000
1000000000
1000000000
1000000000
1000000000
1000000000
1000000000
1000000000
1000000000
1000000000
1000000000
1000000000
1000000000
1000000000
1000000000
1000000000
1000000000
1000000000
1000000000
1000000000
1000000000
1000000000
1000000000
1000000000
1000000000
1000000000
1000000000
1000000000
1000000000
1000000000
1000000000
1000000000
1000000000
1000000000
1000000000
1000000000
1000000000
1000000000
1000000000
1000000000
1000000000
1000000000
1000000000
1000000000
1000000000
1000000000
1000000000
1000000000
1000000000
1000000000
1000000000
1000000000
1000000000
1000000000
1000000000
1000000000
1000000000
1000000000
1000000000
1000000000
1000000000
1000000000
1000000000
1000000000
1000000000
1000000000
1000000000
1000000000
1000000000
1000000000
1000000000
1000000000
1000000000
1000000000
1000000000
1000000000
1000000000
1000000000
1000000000
1000000000
1000000000
1000000000
1000000000
1000000000
1000000000
1000000000
1000000000
1000000000
1000000000
1000000000
1000000000
1000000000
1000000000
1000000000
1000000000
1000000000
1000000000
1000000000
1000000000
1000000000
1000000000
1000000000
1000000000
1000000000
1000000000
1000000000
1000000000
1000000000
1000000000
1000000000
1000000000
1000000000
1000000000
1000000000
1000000000
1000000000
1000000000
1000000000
1000000000
1000000000
1000000000
1000000000
1000000000
1000000000
1000000000
1000000000
1000000000
1000000000
1000000000
1000000000
1000000000
1000000000
1000000000
1000000000
1000000000
1000000000
1000000000
1000000000
1000000000
1000000000
1000000000
1000000000
1000000000
1000000000
1000000000
1000000000
1000000000
1000000000
1000000000
1000000000
1000000000
1000000000
1000000000
1000000000
1000000000
1000000000
1000000000
1000000000
1000000000
1000000000
1000000000
1000000000
1000000000
1000000000
1000000000
1000000000
1000000000
1000000000
1000000000
1000000000
1000000000
1000000000
1000000000
1000000000
1000000000
1000000000
1000000000
1000000000
1000000000
1000000000
1000000000
1000000000
1000000000
1000000000
1000000000
1000000000
1000000000
1000000000
1000000000
1000000000
1000000000
1000000000
1000000000
1000000000
1000000000
1000000000
1000000000
1000000000
1000000000
1000000000
1000000000
1000000000
1000000000
1000000000
1000000000
1000000000
1000000000
1000000000
1000000000
1000000000
1000000000
1000000000
1000000000
1000000000
1000000000
1000000000
1000000000
1000000000
1000000000
1000000000
1000000000
1000000000
1000000000
1000000000
1000000000
1000000000
1000000000
1000000000
1000000000
1000000000
1000000000
1000000000
1000000000
1000000000
1000000000
1000000000
1000000000
1000000000
1000000000
1000000000
1000000000
1000000000
1000000000
1000000000
1000000000
1000000000
1000000000
1000000000
1000000000
1000000000
1000000000
1000000000
1000000000
1000000000
1000000000
1000000000
1000000000
1000000000
1000000000
1000000000
1000000000
1000000000
1000000000
1000000000
1000000000
1000000000
1000000000
1000000000
1000000000
1000000000
1000000000
1000000000
1000000000
1000000000
1000000000
1000000000
1000000000
1000000000
1000000000
1000000000
1000000000
1000000000
1000000000
1000000000
1000000000
1000000000
1000000000
1000000000
1000000000
1000000000
1000000000
1000000000
1000000000
1000000000
1000000000
1000000000
1000000000
1000000000
1000000000
1000000000
1000000000
1000000000
1000000000
1000000000
1000000000
1000000000
1000000000
1000000000
1000000000
1000000000
1000000000
1000000000
1000000000
1000000000
1000000000
1000000000
1000000000
1000000000
1000000000
1000000000
1000000000
1000000000
1000000000
1000000000
1000000000
1000000000
1000000000
1000000000
1000000000
1000000000
1000000000
1000000000
1000000000
1000000000
1000000000
1000000000
1000000000
1000000000
1000000000
1000000000
1000000000
1000000000
1000000000
1000000000
1000000000
1000000000
1000000000
1000000000
1000000000
1000000000
1000000000
1000000000
1000000000
1000000000
1000000000
1000000000
1000000000
1000000000
1000000000
1000000000
1000000000
1000000000
1000000000
1000000000
1000000000
1000000000
1000000000
1000000000
1000000000
1000000000
1000000000
1000000000
1000000000
1000000000
1000000000
1000000000
1000000000
1000000000
1000000000
1000000000
1000000000
1000000000
1000000000
1000000000
1000000000
1000000000
1000000000
1000000000
1000000000
1000000000
1000000000
1000000000
1000000000
1000000000
1000000000
1000000000
1000000000
1000000000
1000000000
1000000000
1000000000
1000000000
1000000000
1000000000
1000000000
1000000000
1000000000
1000000000
1000000000
1000000000
1000000000
1000000000
1000000000
1000000000
1000000000
1000000000
1000000000
1000000000
1000000000
1000000000
1000000000
1000000000
1000000000
1000000000
1000000000
1000000000
1000000000
1000000000
1000000000
1000000000
1000000000
1000000000
1000000000
1000000000
1000000000
1000000000
1000000000
1000000000
1000000000
1000000000
1000000000
1000000000
1000000000
1000000000
1000000000
1000000000
1000000000
1000000000
1000000000
1000000000
1000000000
1000000000
1000000000
1000000000
1000000000
1000000000
1000000000
1000000000
1000000000
1000000000
1000000000
1000000000
1000000000
1000000000
1000000000
1000000000
1000000000
1000000000
1000000000
1000000000
1000000000
1000000000
1000000000
1000000000
1000000000
1000000000
1000000000
1000000000
1000000000
1000000000
1000000000
1000000000
1000000000
1000000000
1000000000
1000000000
1000000000
1000000000
1000000000
1000000000
1000000000
1000000000
1000000000
1000000000
1000000000
1000000000
1000000000
1000000000
1000000000
1000000000
1000000000
1000000000
1000000000
1000000000
1000000000
1000000000
1000000000
1000000000
1000000000
1000000000
1000000000
1000000000
1000000000
1000000000
1000000000
1000000000
1000000000
1000000000
1000000000
1000000000
1000000000
1000000000
1000000000
1000000000
1000000000
1000000000
1000000000
1000000000
1000000000
1000000000
1000000000
1000000000
1000000000
1000000000
1000000000
1000000000
1000000000
1000000000
1000000000
1000000000
1000000000
1000000000
1000000000
1000000000
1000000000
1000000000
1000000000
1000000000
1000000000
1000000000
1000000000
1000000000
1000000000
1000000000
1000000000
1000000000
1000000000
1000000000
1000000000
1000000000
1000000000
1000000000
999999999.9
999999999.9
999999999.9
999999999.8
999999999.7
999999999.5
999999999.2
999999998.8
999999998.3
999999997.4
999999996.2
999999994.4
999999991.8
999999987.9
999999982.4
999999974.4
999999963
999999946.6
999999923.3
999999890.2
999999843.6
999999777.9
999999686
999999557.9
999999380.1
999999134.4
999998796.4
999998333.5
999997702.6
999996846.5
999995690.6
999994137.2
999992059.7
999989295.3
999985635
999980813.4
999974494.9
999966258.2
999955578.5
999941806.5
999924145.2
999901623.6
999873068.7
999837075.4
999791975
999735804.4
999666275.7
999580749.2
999476211.3
999349258.7
999196092.8
999012524.2
998793992
998535597.4
998232154.6
997878257.4
997468362.3
996996886.6
996458316.7
995847325.7
995158892.2
994388418.3
993531838.2
992585715.1
991547318.6
990414681.4
989186632.2
987862802.9
986443612
984930225.7
983324499.8
981628906.4
979846449.1
977980573.1
976035072
974013997
971921571.2
969762110.3
967539953
965259401.2
962924669.7
960539846.2
958108861.2
955635464.7
953123212.1
950575455.2
947995338.8
945385801.6
942749580.3
940089215.9
937407062.3
934705295.4
931985923.5
929250797.5
926501621.6
923739963
920967262.4
918184842.5
915393916.9
912595596.8
909790899.5
906981070.4
904166875.7
901349008.5
898528113.6
895704780.1
892879539.9
890052861.2
887225168.7
884397193.7
881569788.2
878743609.2
875919060.5
873096515.7
870276316.4
867458778.7
864644182.9
861832795.1
859024864.4
856220623.3
853420288.8
850624063.1
847832135.1
845044681.2
842261866
839483843.4
836710757
833942741.4
831179922.1
828422416.7
825670335.2
822923780.4
820182848.9
817447631
814718211.3
811994669.2
809277078.8
806565509.2
803860024.6
801160684
798467541.2
795780645.2
793100040.3
790425767.7
787757867.5
785096382.3
782441359.2
779792840.7
777150858.1
774515440.8
771886616.4
769264410.4
766648846.2
764039945.6
761437728.3
758842212.7
756253415.6
753671352
751096035.9
748527479.7
745965694.6
743410690.7
740862476.8
738321060.7
735786449.2
733258647.9
730737661.8
728223494.7
725716149.7
723215629.2
720721934.7
718235066.9
715755025.9
713281811.3
710815421.8
708355855.7
705903110.7
703457183.9
701018072
698585771.1
696160276.9
693741584.9
691329689.9
688924586.4
686526268.5
684134730.2
681749965
679371966
677000726.3
674636238.4
672278494.9
669927488
667583209.6
665245651.6
662914805.6
660590663
658273215.2
655962453.2
653658368.1
651360950.8
649070192
646786082.3
644508612.4
642237772.8
639973553.7
637715945.5
635464938.5
633220522.9
630982688.8
628751426.4
626526725.6
624308576.5
622096969.1
619891893.4
617693339.3
615501296.8
613315755.9
611136706.5
608964138.6
606798042.1
604638407.1
602485223.7
600338481.9
598198171.9
596064283.9
593936808.1
591815735.1
589701055.3
587592759.4
585490838.2
583395282.9
581306084.7
579223235.3
577146727
575076552.4
573012704.9
570955178.9
568903970.1
566859075.6
564820492.3
562788210.7
560762217.9
558742502.4
556729052.4
554721856
552720901.3
550726176.2
548737669
546755367.6
544779260.2
542809334.9
540845580.1
538887983.8
536936534.6
534991220.8
533052031.1
531118954.1
529191978.5
527271093.4
525356287.8
523447550.9
521544872.1
519648241.1
517757647.7
515873081.8
513994533.8
512121994
510255453.4
508394902.9
506540333.9
504691738.1
502849107.6
501012434.8
499181712.6
497356934.1
495538093.3
493725184.3
491918202
490117141.9
488321999.9
486532773
484749458.7
482972055.3
481200562.1
479434979.6
477675309.1
475921553.1
474173715.7
472431802.2
470695819.5
468965776.6
467241684.2
465523555.2
463811405.2
462105252.5
460405118.4
458711027.9
457023009.9
455341098
453665330.7
451995752.4
450332414.3
448675375.1
447024702.1
445380472.6
443742774.8
442111709.5
440487392.5
438869953.7
437259542.2
435656327
434060491.7
432472265.7
430891924.5
429319865.6
427756535.6
426202449.5
424658215.8
423124530.9
421602262.7
420092605.7
418597164.9
417117893.6
415657167.8
414217872.7
412803496.2
411418217.1
410066978.2
408755525.1
407490393.4
406278821.9
405128572.6
404047639.6
403043846.7
402124343.5
401295045.1
400560069.7
399921254.3
399377834.2
398926341.6
398560767.5
398272983.1
398053329.2
397891343.1
397776478.7
397698682.9
397648947.3
397619517
397603948
397597296.8
397595519.7
397595975
397599458.5
397608006.7
397618790.8
397625819.2
397629985.5
397632472.5
397633842.5
397634462.3
397634696.9
397634618.1
397634560.5
397634528.2
397634539.3
397634586.9
397634702
397634951.5
397635514
397636541.6
397638155.1
397640078.6
397641551
397642520.8
397643132.7
397643429.7
397643443
397643352
397643173.2
397642862.2
397642349.1
397641467.8
397640081.6
397638074
397635375.4
397631941.5
397627729.1
397622690.3
397617306.3
397612696.7
397608990.6
397606192.2
397604293
397603188.6
397602692.6
397602616.4
397602748.4
397603202.9
397604395.6
397606652
397610152
397614020.2
397616801.8
397618681.3
397619871.3
397620442.1
397620680.9
397620526.9
397620296.1
397619862
397619174.4
397618086.8
397616745.4
397615712.7
397614994.9
397614506.6
397614199.3
397613988
397613835.8
397613723.3
397613633.3
397613552
397613470.5
397613382.8
397613276.2
397613133
397612926.1
397612619.8
397612167.7
397611558.2
397610727.2
397609544.8
397607941.3
397606311.8
397605148.4
397604388.6
397603992.3
397603850.1
397603819
397603841.1
397603929.8
397604130.6
397604490.7
397605166.7
397605905.4
397606314.3
397606265.5
397606233.3
397606189.1
397605995.2
397605527.3
397604762.4
397603498.1
397601467.6
397598476
397594853.4
397591919.9
397589861.3
397588534.8
397587788
397587512.6
397587443.1
397587441.9
397587492.6
397587628.2
397587881.5
397588237.1
397588573.6
397588606.1
397588690.9
397588784.7
397588774.7
397588752.5
397588689.1
397588534.7
397588231.9
397587720.2
397586937.9
397585903.9
397584527.1
397583163.7
397582265.8
397581786
397581564.5
397581496.7
397581505
397581586.4
397581779.5
397582075.4
397582340.8
397582260.9
397582239.4
397582140.3
397581817.9
397581076.3
397579858.5
397577852.7
397574572.5
397569630.7
397563066.8
397557062
397552874.5
397550095.2
397548496
397547838
397547705.9
397547732.1
397547909.2
397548328.1
397549099.6
397550637.9
397553153.9
397556648.3
397560881.3
397565173
397569178.4
397573179.5
397577328.9
397581933.7
397586908.3
397591150
397594254
397595970.8
397596834.5
397596421.2
397595818.8
397594446.7
397592214.6
397588300.3
397581764.4
397572722.8
397565001.9
397560219.5
397557672.8
397556814.1
397556809.5
397557157.7
397557970.2
397559667.7
397562150
397563742.7
397563467.3
397563125.2
397562449.9
397560953.1
397558424.1
397554519.1
397549935.9
397546905.2
397545450.2
397544908.3
397544768.8
397544823.8
397545119.6
397545808.6
397546985.9
397548804
397551610.1
397555339.4
397559745.9
397564479.2
397568855.4
397572446
397574767.3
397575522.6
397575165
397575163.7
397574580.7
397572782.1
397569233
397564001.9
397557150.7
397551996.4
397549293.2
397548058.6
397547604
397547582.3
397547885.1
397548673.2
397550150.6
397552321.4
397554510.6
397555035.7
397555763.2
397556336.5
397556227.4
397556264.7
397556126.8
397555509.8
397554121.4
397551755.5
397548505.9
397544946.8
397542579.8
397541253.8
397540622.9
397540459
397540571.1
397541091.2
397542371.6
397544391.8
397545700.3
397545438.3
397545984.4
397546665.6
397545942.1
397544249.2
397542055.2
397541953.5
397542016.6
397541668.9
397541865
397543146.7
397546282
397550345.9
397551720.5
397553186.6
397554241.8
397553764.3
397553808.2
397553248.9
397551377.1
397548805.8
397547682.7
397546503.5
397545540.7
397544993.8
397544833.4
397544966.5
397545598.1
397547072.8
397549458.3
397552464.5
397555357.5
397557538
397558977.8
397559467.1
397559140.5
397557900.5
397555635.6
397553268.6
397552736.8
397552888.7
397529945
397509342.2
397523813.4
397549307.9
397545414.6
397541099.8
397539807.3
397539065.3
397538572.7
397538261.2
397538105.9
397538056.4
397538092.6
397538203.1
397538386.8
397538634.1
397538940.2
397539307.1
397539731.9
397540189.3
397540690.2
397541253.1
397541928.7
397542623.7
397543361.7
397544169.1
397545005.2
397545925.7
397546844.7
397547876.6
397548869.4
397550001.4
397551039.6
397552251
397553314
397554582.9
397555658
397556966
397558044
397559377.7
397560455.6
397561801.1
397562859.6
397564205.9
397565233.4
397566537.9
397567562.8
397568807.1
397569813.7
397570991.2
397571961.5
397573061.8
397573984.7
397574997.6
397575862.8
397576761.3
397577571.5
397578346.7
397579055.4
397579745.5
397580336.3
397580945.7
397581419.9
397581913.6
397582186
397582765.1
397582830
397583226.4
397583229.9
397583325.1
397583296.6
397583207.8
397583067.6
397582766.4
397582495.8
397582012.6
397581613.2
397580965.9
397580406.6
397579635.9
397578891.6
397578043.7
397577140.4
397576283.3
397575207.2
397574334.7
397573146.5
397572277.9
397571121.9
397570211.8
397569084.1
397568199.9
397567117.8
397566266.6
397565237.9
397564430.9
397563477.9
397562725
397561848.6
397561159.2
397560363.3
397559738.8
397559027.9
397558473.5
397557850.7
397557371.7
397556841.4
397556439.4
397556006.1
397555675.6
397555339.6
397555077.6
397554829.8
397554632.8
397554463.7
397554329.6
397554224.9
397554155.6
397554101.5
397554082.1
397554076.2
397554088.2
397554122.1
397554183.2
397554254.3
397554326.8
397554401.4
397554465
397554536.4
397554580
397554643.9
397554669.8
397554720.9
397554735.5
397554766.9
397554755.1
397554742.6
397554679.4
397554628.9
397554536.7
397554430.8
397554297
397554129.3
397553951.7
397553749.7
397553512.1
397553301.3
397553001.1
397552754.5
397552402
397552114.9
397551746.9
397551421
397551040.6
397550652.8
397550307.8
397549836.2
397549510.7
397549017.7
397548669.2
397548156.3
397547779.2
397547251.7
397546839
397546328.2
397545883.2
397545397.3
397544902.3
397544414.6
397543922.6
397543419.6
397542926.7
397542404.7
397541894
397541354.8
397540823
397540293.4
397539764.5
397539271.6
397538761
397538282.5
397537800.4
397537339.4
397536865.1
397536431.1
397535949.3
397535562.2
397535066.1
397534727.1
397534252.2
397533971.6
397533537.8
397533315.6
397532934.7
397532764.8
397532446.8
397532321.9
397532080.1
397531997.9
397531844.7
397531801.6
397531740
397531743.7
397531754.5
397531811.1
397531906.3
397532055.6
397532241.9
397532483.7
397532776.3
397533155.7
397533571
397534041.1
397534545.9
397535139
397535717.5
397536434.8
397537090.4
397537938.4
397538674.2
397539576.7
397540417.4
397541401.4
397542313.4
397543381.1
397544363.4
397545514.1
397546585.9
397547697.4
397548856.9
397549896
397551112.5
397552166.1
397553380.5
397554428.5
397555595
397556633.8
397557790.4
397558812.4
397559957.2
397560947
397562065.1
397563021.7
397564108.9
397565031.9
397566080.7
397566967.4
397567969.1
397568814.2
397569761.4
397570558.2
397571442.5
397572183.6
397572996.6
397573674.9
397574407.8
397575019.2
397575660.6
397576206.9
397576737.3
397577203.5
397577619.5
397577983.6
397578303.8
397578557.6
397578774.4
397578944
397579067.6
397579086.5
397579088.2
397578990.1
397578856.5
397578598.2
397578303.9
397577915.3
397577427.3
397576878.6
397576303.5
397575552.7
397574917.3
397573980.8
397573255.8
397572229
397571360.4
397570225.7
397569225.2
397568055.3
397566936.5
397565792.8
397564621.8
397563503.4
397562387.3
397561299.2
397560291.4
397559247.9
397558313
397557318.3
397556468.2
397555557.6
397554830.5
397554043.6
397553451.8
397552811.1
397552329.9
397551858
397551571
397551261.2
397551138.4
397551032.6
397551044.2
397551134.6
397551355
397551765.6
397552274.4
397552956.5
397553710
397554649.5
397555663.5
397556833.9
397558053.3
397559414.5
397560785.4
397562368.3
397563907.3
397565487.4
397567278.2
397568883.3
397570742
397572293.3
397574176.7
397575731.5
397577457.5
397578880.3
397580384.3
397581615.2
397583010.2
397584092.4
397585315.9
397586260.6
397587277.7
397588061.3
397588870.1
397589470.7
397590037.9
397590429
397590715.9
397590840.5
397590856.4
397590776.4
397590569.1
397590176.8
397589605.5
397588813.5
397587895.8
397586830.4
397585631.4
397584331.1
397582909
397581339.9
397579690.7
397577885.3
397575962.3
397573971.3
397571849.4
397569772
397567524.6
397565408.3
397563106.5
397560997.1
397558727.4
397556698.6
397554569
397552665.8
397550676.2
397548879.3
397546972.4
397545293.4
397543510.7
397541969.2
397540361
397538976.1
397537559.4
397536347.3
397535126
397534095.3
397533061.5
397532212.6
397531365.2
397530696
397530043.6
397529553.9
397529097.4
397528788.3
397528524.1
397528389.7
397528310
397528331.5
397528417.5
397528623.6
397528927
397529326.4
397529832.7
397530462.6
397531142.6
397531879.7
397532687.8
397533516.5
397534415.7
397535318.3
397536269
397537229.3
397538135.7
397538979.7
397539778.3
397540618.8
397541376
397542210.4
397542890.3
397543658.9
397544245.4
397544925.3
397545413.5
397545993.6
397546384.8
397546855
397547147.7
397547504.7
397547703.2
397547947.3
397548059.3
397548201.4
397548239.6
397548276.8
397548262
397548204.4
397548102.3
397547960.8
397547776.4
397547564.6
397547340.8
397547090.9
397546837
397546563.2
397546292.9
397546022.3
397545755.2
397545509.1
397545259.4
397545068.1
397544831.7
397544731.2
397544521
397544498.1
397544365.1
397544361.8
397544334.2
397544348.9
397544433.4
397544527.3
397544668.7
397544812
397544996.9
397545190
397545409.1
397545637.2
397545881.4
397546130.1
397546385.1
397546630.7
397546892.7
397547114.9
397547368.2
397547542.2
397547807
397547925.2
397548158
397548236.2
397548426.2
397548471.2
397548596.4
397548598.7
397548633.7
397548628.9
397548619.8
397548557
397548475.3
397548289.2
397548155
397547858.3
397547683.8
397547348.9
397547128.9
397546745.6
397546504.8
397546094.9
397545845.2
397545420.7
397545176.3
397544759.3
397544526.8
397544129.7
397543914.4
397543550.5
397543359.4
397543038.7
397542884.6
397542615.1
397542512
397542301.5
397542255.2
397542103
397542080.5
397541999.6
397542058.3
397542091.9
397542252
397542402.4
397542593.7
397542869.3
397543205.7
397543620.2
397544099.5
397544664
397545320.2
397546046.8
397546868
397547735.5
397548692.9
397549697.6
397550805.2
397551974.3
397553254.9
397554523.4
397555979.2
397557329.7
397558858.4
397560374.1
397561935.6
397563565.1
397565281.1
397566883.1
397568588.3
397570301.9
397571842.1
397573481.5
397574905.3
397576441.9
397577812.8
397579189.1
397580420.8
397581646
397582675.2
397583766.8
397584610.8
397585518.3
397586026.6
397586833.1
397587160
397587687.6
397587812.7
397588023.8
397587987.1
397587894.1
397587636.8
397587180.3
397586542.6
397585713.9
397584809.7
397583699.9
397582588.7
397581183.6
397579891
397578195.1
397576719.2
397574748.4
397573188.8
397571102.7
397569536.9
397567427.6
397565814.7
397563708.5
397562148.1
397560177.4
397558699.8
397556923.2
397555533.4
397553948.8
397552664.2
397551254.4
397550100.9
397548876.2
397547864.4
397546856.2
397545997.7
397545224.1
397544561.5
397543986.4
397543496.6
397543101.7
397542836.7
397542561.3
397542430.2
397542332.1
397542379.1
397542418.3
397542626.6
397542901.9
397543220.8
397543757.2
397544232.8
397544861.3
397545395.4
397545979.2
397546527.5
397547105.3
397547726.9
397548275.3
397548920.9
397549427.2
397550085.4
397550546.1
397551190.4
397551615.4
397552228.7
397552633.2
397553204.2
397553603
397554085.6
397554505.4
397554951.5
397555366.3
397555808.8
397556228
397556669.4
397557103.9
397557550.8
397558004
397558476.7
397558960.4
397559473.6
397559995.5
397560558
397561121.5
397561736.5
397562341.5
397562996.9
397563639.3
397564311.5
397565052.8
397565735.5
397566503.7
397567224.8
397568012.7
397568771.6
397569568.5
397570343.9
397571135.9
397571919.4
397572694.2
397573463
397574242.9
397574977.5
397575791
397576475.8
397577297.7
397577948.3
397578760
397579389.8
397580182.6
397580823.6
397581446.4
397582052.4
397582606.3
397583251.5
397583758.6
397584364
397584829
397585394.7
397585815.4
397586320.3
397586691.3
397587125.4
397587440.3
397587791.8
397588048.3
397588297.2
397588480.5
397588615.4
397588705.7
397588747.5
397588745.9
397588724.3
397588645.2
397588488.1
397588229.2
397587908.7
397587493.5
397587032.8
397586444.3
397585758.3
397585042.3
397584139.6
397583281.7
397582190.5
397581201.7
397579918.7
397578786.5
397577328.9
397576081.2
397574481.5
397573135.4
397571418.9
397569937.6
397568284.9
397566773.4
397565369.9
397563848
397562523
397561103.7
397559845.7
397558613.4
397557493.7
397556416.2
397555490
397554505
397553755.3
397552916.9
397552314
397551687.9
397551219
397550801.6
397550480.7
397550244.7
397550070.7
397549972.4
397549931.3
397549935.6
397549997.6
397550113.7
397550272.5
397550457.4
397550651.2
397550870.7
397551024.2
397551247.8
397551317.5
397551442.2
397551428.1
397551398.1
397551266.5
397551080.5
397550786.3
397550429.2
397549950.9
397549416.2
397548763.8
397548026.2
397547195.9
397546252.1
397545186.2
397544073.1
397542768.6
397541551.7
397540065.4
397538817.7
397537273.7
397536041.8
397534603.9
397533397.9
397532073.7
397530924.2
397529734.5
397528648.5
397527600.7
397526626.5
397525660.8
397524856.2
397524020
397523397.4
397522734.9
397522296.5
397521808
397521552.1
397521238.4
397521144.8
397521010.2
397521038.1
397521082.6
397521304.9
397521614.8
397522019
397522541.3
397523171.8
397523901.6
397524735.2
397525659.4
397526636.5
397527652.2
397528699.5
397529820.7
397530953.3
397532207.3
397533428.6
397534772.2
397536047.7
397537481.8
397538802
397540321.8
397541701.4
397543324.9
397544738.7
397546451.6
397547965.3
397549872
397551600.3
397553575
397555548.2
397557584.5
397559782.6
397561924.4
397564375.5
397566687.9
397569431.2
397571996.5
397574929.4
397577791.3
397580768
397584117.3
397587189.4
397590764.3
397594026.4
397597726.8
397601278.5
397605035
397608941.1
397612500.8
397616010.1
397619189.7
397622624.6
397625714
397628990.4
397631881.9
397634805.9
397637372.1
397639799.8
397641905.8
397643769
397645406.2
397646705.9
397647731.1
397648444.8
397648755.7
397648840.4
397648638.3
397647993.2
397646795.4
397645041.4
397642753.3
397640005
397636855.8
397633121.7
397629124
397624505.4
397619698.9
397614324.2
397608888.1
397602925.2
397597120
397590993.4
397585010.3
397578883.5
397572978.6
397566859.6
397561281.2
397555390.9
397550243.8
397544747.9
397540106.5
397535108.6
397531054.8
397526645.6
397523253.3
397519502
397516823.4
397513796
397511701.1
397509499.8
397508307.3
397506916.3
397506199.9
397505815.2
397505775.8
397506017.8
397506716.5
397508008.7
397509721.2
397511994.4
397514464.1
397517349.7
397520299.7
397523917.2
397527311.7
397531334.1
397535232.3
397539610.9
397543869.2
397548528.9
397553026.7
397557890.3
397562557.5
397567580.5
397572421.6
397577539
397582402.2
397587672.6
397592449.2
397597672.9
397602199.8
397607054.8
397611317.5
397615763
397619767.6
397623623.5
397627149.5
397630536.8
397633482.3
397636477
397638851
397641324.2
397643205.4
397645015.6
397645933
397647064
397647572.3
397647811.6
397647732
397647276.3
397646298.7
397644719
397642681
397640078.4
397637330.6
397633811.4
397630562.1
397626659.8
397622675.1
397618264
397614018.3
397609287.1
397605118.8
397600578.2
397596726.1
397592659.7
397589182.5
397585429.9
397582313.6
397578933.4
397576208.1
397573245.4
397570904.8
397568419.7
397566467
397564483.3
397562926.7
397561535.2
397560454.5
397559650
397559039.5
397558648.4
397558462.5
397558422.3
397558553.2
397558829.8
397559305.9
397559908.3
397560674.9
397561738.3
397562797.9
397564188.5
397565511.3
397566909.1
397568375.4
397569972.1
397571613.8
397573369.6
397575095.5
397576988.4
397578675.8
397580654.8
397582190.2
397584150.7
397585458.5
397587304.6
397588385.6
397589938.3
397590848.3
397591861.5
397592621.8
397593277.8
397593727.1
397593997.4
397594106.5
397594087.2
397593892.2
397593453.6
397592789.7
397592006.3
397591066.3
397590152
397588913.1
397588042.1
397586642.1
397585851.9
397584663.8
397583989.7
397583197.5
397582640.8
397582092.7
397581721.4
397581440.5
397581307.4
397581276
397581357.8
397581569.6
397581959.1
397582513.3
397583210.5
397583989.7
397584795.8
397585581
397586448.6
397587244.1
397588007.9
397588721.4
397589343.2
397590028.4
397590574.9
397591131.7
397591589.7
397592015.8
397592375.8
397592676.8
397592928.5
397593115.5
397593250.9
397593333.8
397593348.4
397593328.1
397593254.3
397593115.9
397592924.3
397592671.5
397592374
397592028.7
397591616.6
397591203.5
397590662.1
397590156
397589627.4
397589086
397588521.6
397587954.5
397587382
397586816.5
397586254.6
397585714.9
397585199
397584698
397584161.1
397583579.7
397582997.8
397582373.8
397581801
397581144.1
397580319.9
397579487.8
397578460.5
397577414
397576148.2
397574855.2
397573297
397571687.9
397569861.6
397567936.9
397565888.6
397563683.2
397561417.8
397559333.3
397556977.6
397555395.7
397553256.5
397552082
397550663.4
397549659.2
397548970.8
397548669
397548659.6
397548947.2
397549742.1
397551137.2
397553163.3
397555809
397558981.5
397562562.4
397566499.9
397570994.7
397575269.3
397580029
397584099.8
397589085.4
397592884.3
397597206.2
397600527.7
397603835.3
397606343.2
397608523.3
397609955
397610923.1
397611203.9
397611117.8
397610496.6
397609008.6
397606614.1
397603410.8
397599378
397595021.8
397590127.2
397585043.7
397579687.4
397573896.6
397568647.8
397563146.8
397558813.1
397554552.8
397551041.9
397547689.8
397545014.1
397542827.7
397541439.8
397540339.9
397540113.3
397540183.6
397541001.4
397542721.3
397545548.6
397549160.8
397553403.9
397558571.8
397563988.8
397570274
397576312.3
397583302.4
397589610.7
397596995.1
397603429.2
397610671.7
397616804.9
397623674.4
397629332
397635772.8
397641042.4
397646733.5
397651621.7
397656396.3
397660679
397664598.9
397667923.4
397671109.2
397673637.1
397675813.2
397676901.5
397677921.6
397678125
397677974.6
397677067.1
397675236.7
397672135.9
397668300.8
397663284.2
397657428.7
397650657.7
397643018.3
397634147.7
397625469.2
397615741.9
397605445.1
397595239.4
397585494.8
397575192.6
397566207
397556284.2
397548300.8
397539542.2
397532766.1
397525618
397520169.1
397515001.3
397511156.5
397508168.7
397506218.1
397505321.2
397505205.5
397505792
397507515.9
397510590.7
397514825.5
397520115.7
397526293.7
397532516.9
397539759.3
397546643.3
397554494.8
397561799.1
397569330.3
397576136.2
397583016.4
397589819.4
397596016
397602765.5
397608191.6
397614443.1
397618963.5
397624433.7
397627955.4
397632322.1
397634869.9
397637845
397639456.2
397640585
397641026.3
397640954.5
397640261
397638528.7
397635723.7
397631921.7
397627330.8
397622333.8
397616436.6
397610607.2
397603326
397597373.7
397589799
397584009.4
397578005.3
397573155.3
397568536
397564905.2
397561992.3
397560082.2
397559245.5
397559256.7
397560032.9
397562134.2
397565740.3
397570827.3
397576978.5
397583783.4
397591385.7
397599391.6
397608276.8
397616220.9
397624975.8
397631639.9
397638398.2
397643906.7
397648657.4
397652271.7
397654883.6
397656327.1
397656816.2
397656568.9
397655161
397652125.4
397647394.1
397641430.5
397635389.2
397626956.2
397620814.2
397611917.6
397605638
397598083.3
397592628.4
397587129
397582910.9
397579668
397577408.6
397576183.4
397575823.2
397575989.7
397576913.9
397579030.6
397582261
397586122.1
397590699.3
397594917.1
397599385.7
397603131.4
397606486.2
397609354.3
397611480.3
397612916.7
397613642.9
397613816.4
397613545.4
397612323.5
397610312.5
397607347.6
397603732.1
397600115.4
397596342.1
397593002.1
397589968.1
397587405.7
397585541.9
397584437.8
397584019
397584246.8
397585098.1
397587267.4
397590640.9
397595211.3
397600995.4
397607270.8
397613957
397620701.5
397626945.4
397632943.5
397638079.5
397642430.9
397645793.2
397648067.4
397649119.9
397649353.9
397648680.2
397646640.4
397642816.1
397637337.3
397630511.2
397622931.8
397614195.7
397604950.7
397597012.2
397588269
397581090.8
397573336.9
397566995.3
397560241.8
397555400.9
397551123.2
397548280.1
397546659
397546192.8
397546519.8
397547853.1
397550588.7
397554808.9
397560628.3
397567878.1
397576281.2
397585352.3
397595366.6
397605887.7
397616687.3
397628463.4
397638520.2
397648674.8
397656663.3
397663616.6
397669218.6
397673206.4
397675301.3
397675790.4
397674638.4
397671091.3
397664187.3
397654286.5
397641509.7
397626619.4
397611990.8
397594734.4
397580279.5
397562993.7
397550343.2
397535224.2
397525452.1
397515572.3
397509294.6
397505021
397503280.1
397503208.2
397504788
397509214.9
397516981.1
397527208.8
397539972.9
397553701.5
397568104.5
397584434.5
397599685.7
397616111.6
397631417.6
397647333.4
397661429.4
397675431.9
397687541.1
397698533.3
397707738.8
397715197.1
397719526.1
397723195.3
397724050
397723620.5
397721519.2
397717026.3
397710459.8
397702784.5
397695561.6
397688195.2
397681658.6
397675848.2
397671057.6
397667330.8
397664949.4
397663185.7
397662339.7
397661867
397661857.8
397661878.2
397661615.9
397660556.9
397658012.4
397653326.9
397646062.4
397635513.1
397622301
397605080.8
397588154.4
397569313.4
397553015.4
397535016.1
397520762.4
397508220.3
397498601.2
397491959.3
397488618.7
397487632.7
397488758.1
397491969.4
397498623.1
397506528.1
397513895.2
397519200
397522691.4
397524646.5
397525159.4
397524028.3
397520819.5
397515429.5
397509741.9
397504911.3
397501763
397500247.1
397499922.3
397501534.3
397506220.2
397513499.3
397523686
397536304
397549930.2
397564396
397579377.8
397596225.2
397611047.5
397627650.6
397642728.7
397658812.9
397673326.2
397688049.3
397700865.2
397714638.5
397724933.2
397737709.8
397747092.1
397755794.1
397763414.4
397768892.6
397771664.5
397772039.9
397769668
397762138.9
397748782.1
397726040
397698255.2
397660093.2
397622177.8
397575070.9
397532032.7
397480434.7
397436035.5
397399864.4
397376367.5
397366643.1
397368434
397387537
397435051.1
397514376.5
397602839.8
397699063.4
397781632.4
397858040.9
397915999.9
397953375.4
397964784
397949622.2
397887096.7
397784492.3
397642975.4
397455950.5
397226600.9
396950688.9
396654485.7
396286268.3
395931874.9
395520657.7
394992766.9
394506969.6
393692243.9
392754541.3
391444623.6
389764905.3
387529639.4
384706674.8
380992823
376403691.3
370406115.2
363006783.1
353416699.8
341695985.6
326919121.6
309366502.7
288369646.3
264028446.2
237252435.2
206581118.6
174835593.8
139017610.3
108347453.2
81919789.08
60513314.45
43710581.83
31057471.96
21987785.93
15337234.2
10767631.31
7443513.172
5219939.546
3600019.754
2537883.478
1758860.526
1256151.213
884342.8705
647136.1777
470658.0689
358585.2508
275250.6337
222102.145
182920.8599
157631.6276
139253.0165
127207.7254
118578.3965
112855.088
108787.1791
106079.6209
104153.6074
102876.6696
101963.5591
101360.7047
100928.9123
100643.1334
100439.7906
100303.8281
100208.2647
100143.5716
100098.5711
100067.8916
100046.6317
100032.1063
100022.0707
100015.1699
100010.457
100007.1613
100004.9564
100003.3814
100002.3472
100001.5987
100001.11
100000.7566
100000.5247
100000.3579
100000.2484
100000.169
100000.1177
100000.0798
100000.0558
100000.0377
100000.0264
100000.0178
100000.0125
100000.0084
100000.0059
100000.004
100000.0028
100000.0019
100000.0013
100000.0009
100000.0006
100000.0004
100000.0003
100000.0002
100000.0001
100000.0001
100000.0001
100000
100000
100000
100000
100000
100000
100000
100000
100000
100000
100000
100000
100000
100000
100000
100000
100000
100000
100000
100000
100000
100000
100000
100000
100000
100000
100000
100000
100000
100000
100000
100000
100000
100000
100000
100000
100000
100000
100000
100000
100000
100000
100000
100000
100000
100000
100000
100000
100000
100000
100000
100000
100000
100000
100000
100000
100000
100000
100000
100000
100000
100000
100000
100000
100000
100000
100000
100000
100000
100000
100000
100000
100000
100000
100000
100000
100000
100000
100000
100000
100000
100000
100000
100000
100000
100000
100000
100000
100000
100000
100000
100000
100000
100000
100000
100000
100000
100000
100000
100000
100000
100000
100000
100000
100000
100000
100000
100000
100000
100000
100000
100000
100000
100000
100000
100000
100000
100000
100000
100000
100000
100000
100000
100000
100000
100000
100000
100000
100000
100000
100000
100000
100000
100000
100000
100000
100000
100000
100000
100000
100000
100000
100000
100000
100000
100000
100000
100000
100000
100000
100000
100000
100000
100000
100000
100000
100000
100000
100000
100000
100000
100000
100000
100000
100000
100000
100000
100000
100000
100000
100000
100000
100000
100000
100000
100000
100000
100000
100000
100000
100000
100000
100000
100000
100000
100000
100000
100000
100000
100000
100000
100000
100000
100000
100000
100000
100000
100000
100000
100000
100000
100000
100000
100000
100000
100000
100000
100000
100000
100000
100000
100000
100000
100000
100000
100000
100000
100000
100000
100000
100000
100000
100000
100000
100000
100000
100000
100000
100000
100000
100000
100000
100000
100000
100000
100000
100000
100000
100000
100000
100000
100000
100000
100000
100000
100000
100000
100000
100000
100000
100000
100000
100000
100000
100000
100000
100000
100000
100000
100000
100000
100000
100000
100000
100000
100000
100000
100000
100000
100000
100000
100000
100000
100000
100000
100000
100000
100000
100000
100000
100000
100000
100000
100000
100000
100000
100000
100000
100000
100000
100000
100000
100000
100000
100000
100000
100000
100000
100000
100000
100000
100000
100000
100000
100000
100000
100000
100000
100000
100000
100000
100000
100000
100000
100000
100000
100000
100000
100000
100000
100000
100000
100000
100000
100000
100000
100000
100000
100000
100000
100000
100000
100000
100000
100000
100000
100000
100000
100000
100000
100000
100000
100000
100000
100000
100000
100000
100000
100000
100000
100000
100000
100000
100000
100000
100000
100000
100000
100000
100000
100000
100000
100000
100000
100000
100000
100000
100000
100000
100000
100000
100000
100000
100000
100000
100000
100000
100000
100000
100000
100000
100000
100000
100000
100000
100000
100000
100000
100000
100000
100000
100000
100000
100000
100000
100000
100000
100000
100000
100000
100000
100000
100000
100000
100000
100000
100000
100000
100000
100000
100000
100000
100000
100000
100000
100000
100000
100000
100000
100000
100000
100000
100000
100000
100000
100000
100000
100000
100000
100000
100000
100000
100000
100000
100000
100000
100000
100000
100000
100000
100000
100000
100000
100000
100000
100000
100000
100000
100000
100000
100000
100000
100000
100000
100000
100000
100000
100000
100000
100000
100000
100000
100000
100000
100000
100000
100000
100000
100000
100000
100000
100000
100000
100000
100000
100000
100000
100000
100000
100000
100000
100000
100000
100000
100000
100000
100000
100000
100000
100000
100000
100000
100000
100000
100000
100000
100000
100000
100000
100000
100000
100000
100000
100000
100000
100000
100000
100000
100000
100000
100000
100000
100000
100000
100000
100000
100000
100000
100000
100000
100000
100000
100000
100000
100000
100000
100000
100000
100000
100000
100000
100000
100000
100000
100000
100000
100000
100000
100000
100000
100000
100000
100000
100000
100000
100000
100000
100000
100000
100000
100000
100000
100000
100000
100000
100000
100000
100000
100000
100000
100000
100000
100000
100000
100000
100000
100000
100000
100000
100000
100000
100000
100000
100000
100000
100000
100000
100000
100000
100000
100000
100000
100000
100000
100000
100000
100000
100000
100000
100000
100000
100000
100000
100000
100000
100000
100000
100000
100000
100000
100000
100000
100000
100000
100000
100000
100000
100000
100000
100000
100000
100000
100000
100000
100000
100000
100000
100000
100000
100000
100000
100000
100000
100000
100000
100000
100000
100000
100000
100000
100000
100000
100000
100000
100000
100000
100000
100000
100000
100000
100000
100000
100000
100000
100000
100000
100000
100000
100000
100000
100000
100000
100000
100000
100000
100000
100000
100000
100000
)
;

boundaryField
{
    sides
    {
        type            zeroGradient;
    }
    empty1
    {
        type            empty;
    }
    empty2
    {
        type            empty;
    }
}


// ************************************************************************* //
