/*--------------------------------*- C++ -*----------------------------------*\
| =========                 |                                                 |
| \\      /  F ield         | OpenFOAM: The Open Source CFD Toolbox           |
|  \\    /   O peration     | Version:  2012                                  |
|   \\  /    A nd           | Website:  www.openfoam.com                      |
|    \\/     M anipulation  |                                                 |
\*---------------------------------------------------------------------------*/
FoamFile
{
    version     2.0;
    format      ascii;
    class       volScalarField;
    location    "0.002";
    object      rho;
}
// * * * * * * * * * * * * * * * * * * * * * * * * * * * * * * * * * * * * * //

dimensions      [1 -3 0 0 0 0 0];


internalField   nonuniform List<scalar> 
5000
(
11307.22232
11307.22232
11307.22232
11307.22232
11307.22232
11307.22232
11307.22232
11307.22232
11307.22232
11307.22232
11307.22232
11307.22232
11307.22232
11307.22232
11307.22232
11307.22232
11307.22232
11307.22232
11307.22232
11307.22232
11307.22232
11307.22232
11307.22232
11307.22232
11307.22232
11307.22232
11307.22232
11307.22232
11307.22232
11307.22232
11307.22232
11307.22232
11307.22232
11307.22232
11307.22232
11307.22232
11307.22232
11307.22232
11307.22232
11307.22232
11307.22232
11307.22232
11307.22232
11307.22232
11307.22232
11307.22232
11307.22232
11307.22232
11307.22232
11307.22232
11307.22232
11307.22232
11307.22232
11307.22232
11307.22232
11307.22232
11307.22232
11307.22232
11307.22232
11307.22232
11307.22232
11307.22232
11307.22232
11307.22232
11307.22232
11307.22232
11307.22232
11307.22232
11307.22232
11307.22232
11307.22232
11307.22232
11307.22232
11307.22232
11307.22232
11307.22232
11307.22232
11307.22232
11307.22232
11307.22232
11307.22232
11307.22232
11307.22232
11307.22232
11307.22232
11307.22232
11307.22232
11307.22232
11307.22232
11307.22232
11307.22232
11307.22232
11307.22232
11307.22232
11307.22232
11307.22232
11307.22232
11307.22232
11307.22232
11307.22232
11307.22232
11307.22232
11307.22232
11307.22232
11307.22232
11307.22232
11307.22232
11307.22232
11307.22232
11307.22232
11307.22232
11307.22232
11307.22232
11307.22232
11307.22232
11307.22232
11307.22232
11307.22232
11307.22232
11307.22232
11307.22232
11307.22232
11307.22232
11307.22232
11307.22232
11307.22232
11307.22232
11307.22232
11307.22232
11307.22232
11307.22232
11307.22232
11307.22232
11307.22232
11307.22232
11307.22232
11307.22232
11307.22232
11307.22232
11307.22232
11307.22232
11307.22232
11307.22232
11307.22232
11307.22232
11307.22232
11307.22232
11307.22232
11307.22232
11307.22232
11307.22232
11307.22232
11307.22232
11307.22232
11307.22232
11307.22232
11307.22232
11307.22232
11307.22232
11307.22232
11307.22232
11307.22232
11307.22232
11307.22232
11307.22232
11307.22232
11307.22232
11307.22232
11307.22232
11307.22232
11307.22232
11307.22232
11307.22232
11307.22232
11307.22232
11307.22232
11307.22232
11307.22232
11307.22232
11307.22232
11307.22232
11307.22232
11307.22232
11307.22232
11307.22232
11307.22232
11307.22232
11307.22232
11307.22232
11307.22232
11307.22232
11307.22232
11307.22232
11307.22232
11307.22232
11307.22232
11307.22232
11307.22232
11307.22232
11307.22232
11307.22232
11307.22232
11307.22232
11307.22232
11307.22232
11307.22232
11307.22232
11307.22232
11307.22232
11307.22232
11307.22232
11307.22232
11307.22232
11307.22232
11307.22232
11307.22232
11307.22232
11307.22232
11307.22232
11307.22232
11307.22232
11307.22232
11307.22232
11307.22232
11307.22232
11307.22232
11307.22232
11307.22232
11307.22232
11307.22232
11307.22232
11307.22232
11307.22232
11307.22232
11307.22232
11307.22232
11307.22232
11307.22232
11307.22232
11307.22232
11307.22232
11307.22232
11307.22232
11307.22232
11307.22232
11307.22232
11307.22232
11307.22232
11307.22232
11307.22232
11307.22232
11307.22232
11307.22232
11307.22232
11307.22232
11307.22232
11307.22232
11307.22232
11307.22232
11307.22232
11307.22232
11307.22232
11307.22232
11307.22232
11307.22232
11307.22232
11307.22232
11307.22232
11307.22232
11307.22232
11307.22232
11307.22232
11307.22232
11307.22232
11307.22232
11307.22232
11307.22232
11307.22232
11307.22232
11307.22232
11307.22232
11307.22232
11307.22232
11307.22232
11307.22232
11307.22232
11307.22232
11307.22232
11307.22232
11307.22232
11307.22232
11307.22232
11307.22232
11307.22232
11307.22232
11307.22232
11307.22232
11307.22232
11307.22232
11307.22232
11307.22232
11307.22232
11307.22232
11307.22232
11307.22232
11307.22232
11307.22232
11307.22232
11307.22232
11307.22232
11307.22232
11307.22232
11307.22232
11307.22232
11307.22232
11307.22232
11307.22232
11307.22232
11307.22232
11307.22232
11307.22232
11307.22232
11307.22232
11307.22232
11307.22232
11307.22232
11307.22232
11307.22232
11307.22232
11307.22232
11307.22232
11307.22232
11307.22232
11307.22232
11307.22232
11307.22232
11307.22232
11307.22232
11307.22232
11307.22232
11307.22232
11307.22232
11307.22232
11307.22232
11307.22232
11307.22232
11307.22232
11307.22232
11307.22232
11307.22232
11307.22232
11307.22232
11307.22232
11307.22232
11307.22232
11307.22232
11307.22232
11307.22232
11307.22232
11307.22232
11307.22232
11307.22232
11307.22232
11307.22232
11307.22232
11307.22232
11307.22232
11307.22232
11307.22232
11307.22232
11307.22232
11307.22232
11307.22232
11307.22232
11307.22232
11307.22232
11307.22232
11307.22232
11307.22232
11307.22232
11307.22232
11307.22232
11307.22232
11307.22232
11307.22232
11307.22232
11307.22232
11307.22232
11307.22232
11307.22232
11307.22232
11307.22232
11307.22232
11307.22232
11307.22232
11307.22232
11307.22232
11307.22232
11307.22232
11307.22232
11307.22232
11307.22232
11307.22232
11307.22232
11307.22232
11307.22232
11307.22232
11307.22232
11307.22232
11307.22232
11307.22232
11307.22232
11307.22232
11307.22232
11307.22232
11307.22232
11307.22232
11307.22232
11307.22232
11307.22232
11307.22232
11307.22232
11307.22232
11307.22232
11307.22232
11307.22232
11307.22232
11307.22232
11307.22232
11307.22232
11307.22232
11307.22232
11307.22232
11307.22232
11307.22232
11307.22232
11307.22232
11307.22232
11307.22232
11307.22232
11307.22232
11307.22232
11307.22232
11307.22232
11307.22232
11307.22232
11307.22232
11307.22232
11307.22232
11307.22232
11307.22232
11307.22232
11307.22232
11307.22232
11307.22232
11307.22232
11307.22232
11307.22232
11307.22232
11307.22232
11307.22232
11307.22232
11307.22232
11307.22232
11307.22232
11307.22232
11307.22232
11307.22232
11307.22232
11307.22232
11307.22232
11307.22232
11307.22232
11307.22232
11307.22232
11307.22232
11307.22232
11307.22232
11307.22232
11307.22232
11307.22232
11307.22232
11307.22232
11307.22232
11307.22232
11307.22232
11307.22232
11307.22232
11307.22232
11307.22232
11307.22232
11307.22232
11307.22232
11307.22232
11307.22232
11307.22232
11307.22232
11307.22232
11307.22232
11307.22232
11307.22232
11307.22232
11307.22232
11307.22232
11307.22232
11307.22232
11307.22232
11307.22232
11307.22232
11307.22232
11307.22232
11307.22232
11307.22232
11307.22232
11307.22232
11307.22232
11307.22232
11307.22232
11307.22232
11307.22232
11307.22232
11307.22232
11307.22232
11307.22232
11307.22232
11307.22232
11307.22232
11307.22232
11307.22232
11307.22232
11307.22232
11307.22232
11307.22232
11307.22232
11307.22232
11307.22232
11307.22232
11307.22232
11307.22232
11307.22232
11307.22232
11307.22232
11307.22232
11307.22232
11307.22232
11307.22232
11307.22232
11307.22232
11307.22232
11307.22232
11307.22232
11307.22232
11307.22232
11307.22232
11307.22232
11307.22232
11307.22232
11307.22232
11307.22232
11307.22232
11307.22232
11307.22232
11307.22232
11307.22232
11307.22232
11307.22232
11307.22232
11307.22232
11307.22232
11307.22232
11307.22232
11307.22232
11307.22232
11307.22232
11307.22232
11307.22232
11307.22232
11307.22232
11307.22232
11307.22232
11307.22232
11307.22232
11307.22232
11307.22232
11307.22232
11307.22232
11307.22232
11307.22232
11307.22232
11307.22232
11307.22232
11307.22232
11307.22232
11307.22232
11307.22232
11307.22232
11307.22232
11307.22232
11307.22232
11307.22232
11307.22232
11307.22232
11307.22232
11307.22232
11307.22232
11307.22232
11307.22232
11307.22232
11307.22232
11307.22232
11307.22232
11307.22232
11307.22232
11307.22232
11307.22232
11307.22232
11307.22232
11307.22232
11307.22232
11307.22232
11307.22232
11307.22232
11307.22232
11307.22232
11307.22232
11307.22232
11307.22232
11307.22232
11307.22232
11307.22232
11307.22232
11307.22232
11307.22232
11307.22232
11307.22232
11307.22232
11307.22232
11307.22232
11307.22232
11307.22232
11307.22232
11307.22232
11307.22232
11307.22232
11307.22232
11307.22232
11307.22232
11307.22232
11307.22232
11307.22232
11307.22232
11307.22232
11307.22232
11307.22232
11307.22232
11307.22232
11307.22232
11307.22232
11307.22232
11307.22232
11307.22232
11307.22232
11307.22232
11307.22232
11307.22232
11307.22232
11307.22232
11307.22232
11307.22232
11307.22232
11307.22232
11307.22232
11307.22232
11307.22232
11307.22232
11307.22232
11307.22232
11307.22232
11307.22232
11307.22232
11307.22232
11307.22232
11307.22232
11307.22232
11307.22232
11307.22232
11307.22232
11307.22232
11307.22232
11307.22232
11307.22232
11307.22232
11307.22232
11307.22232
11307.22232
11307.22232
11307.22232
11307.22232
11307.22232
11307.22232
11307.22232
11307.22232
11307.22232
11307.22232
11307.22232
11307.22232
11307.22232
11307.22232
11307.22232
11307.22232
11307.22232
11307.22232
11307.22232
11307.22232
11307.22232
11307.22232
11307.22232
11307.22232
11307.22232
11307.22232
11307.22232
11307.22232
11307.22232
11307.22232
11307.22232
11307.22232
11307.22232
11307.22232
11307.22232
11307.22232
11307.22232
11307.22232
11307.22232
11307.22232
11307.22232
11307.22232
11307.22232
11307.22232
11307.22232
11307.22232
11307.22232
11307.22232
11307.22232
11307.22232
11307.22232
11307.22232
11307.22232
11307.22232
11307.22232
11307.22232
11307.22232
11307.22232
11307.22232
11307.22232
11307.22232
11307.22232
11307.22232
11307.22232
11307.22232
11307.22232
11307.22232
11307.22232
11307.22232
11307.22232
11307.22232
11307.22232
11307.22232
11307.22232
11307.22232
11307.22232
11307.22232
11307.22232
11307.22232
11307.22232
11307.22232
11307.22232
11307.22232
11307.22232
11307.22232
11307.22232
11307.22232
11307.22232
11307.22232
11307.22232
11307.22232
11307.22232
11307.22232
11307.22232
11307.22232
11307.22232
11307.22232
11307.22232
11307.22232
11307.22232
11307.22232
11307.22232
11307.22232
11307.22232
11307.22232
11307.22232
11307.22232
11307.22232
11307.22232
11307.22232
11307.22232
11307.22232
11307.22232
11307.22232
11307.22232
11307.22232
11307.22232
11307.22232
11307.22232
11307.22232
11307.22232
11307.22232
11307.22232
11307.22232
11307.22232
11307.22232
11307.22232
11307.22232
11307.22232
11307.22232
11307.22232
11307.22232
11307.22232
11307.22232
11307.22232
11307.22232
11307.22232
11307.22232
11307.22232
11307.22232
11307.22232
11307.22232
11307.22232
11307.22232
11307.22232
11307.22232
11307.22232
11307.22232
11307.22232
11307.22232
11307.22232
11307.22232
11307.22232
11307.22232
11307.22232
11307.22232
11307.22232
11307.22232
11307.22232
11307.22232
11307.22232
11307.22232
11307.22232
11307.22232
11307.22232
11307.22232
11307.22232
11307.22232
11307.22232
11307.22232
11307.22232
11307.22232
11307.22232
11307.22232
11307.22232
11307.22232
11307.22232
11307.22232
11307.22232
11307.22232
11307.22232
11307.22232
11307.22232
11307.22232
11307.22232
11307.22232
11307.22232
11307.22232
11307.22232
11307.22232
11307.22232
11307.22232
11307.22232
11307.22232
11307.22232
11307.22232
11307.22232
11307.22232
11307.22232
11307.22232
11307.22232
11307.22232
11307.22232
11307.22232
11307.22232
11307.22232
11307.22232
11307.22232
11307.22232
11307.22232
11307.22232
11307.22232
11307.22232
11307.22232
11307.22232
11307.22232
11307.22232
11307.22232
11307.22232
11307.22232
11307.22232
11307.22232
11307.22232
11307.22232
11307.22232
11307.22232
11307.22232
11307.22232
11307.22232
11307.22232
11307.22232
11307.22232
11307.22232
11307.22232
11307.22232
11307.22232
11307.22232
11307.22232
11307.22232
11307.22232
11307.22232
11307.22232
11307.22232
11307.22232
11307.22232
11307.22232
11307.22232
11307.22232
11307.22232
11307.22232
11307.22232
11307.22232
11307.22232
11307.22232
11307.22232
11307.22232
11307.22232
11307.22232
11307.22232
11307.22232
11307.22232
11307.22232
11307.22232
11307.22232
11307.22232
11307.22232
11307.22232
11307.22232
11307.22232
11307.22232
11307.22232
11307.22232
11307.22232
11307.22232
11307.22232
11307.22232
11307.22232
11307.22232
11307.22232
11307.22232
11307.22232
11307.22232
11307.22232
11307.22232
11307.22232
11307.22232
11307.22232
11307.22232
11307.22232
11307.22232
11307.22232
11307.22232
11307.22232
11307.22232
11307.22232
11307.22232
11307.22232
11307.22232
11307.22232
11307.22232
11307.22232
11307.22232
11307.22232
11307.22232
11307.22232
11307.22232
11307.22232
11307.22232
11307.22232
11307.22232
11307.22232
11307.22232
11307.22232
11307.22232
11307.22232
11307.22232
11307.22232
11307.22232
11307.22232
11307.22232
11307.22232
11307.22232
11307.22232
11307.22232
11307.22232
11307.22232
11307.22232
11307.22232
11307.22232
11307.22232
11307.22232
11307.22232
11307.22232
11307.22232
11307.22232
11307.22232
11307.22232
11307.22232
11307.22232
11307.22232
11307.22232
11307.22232
11307.22232
11307.22232
11307.22232
11307.22232
11307.22232
11307.22232
11307.22232
11307.22232
11307.22232
11307.22232
11307.22232
11307.22232
11307.22232
11307.22232
11307.22232
11307.22232
11307.22232
11307.22232
11307.22232
11307.22232
11307.22232
11307.22232
11307.22232
11307.22232
11307.22232
11307.22232
11307.22232
11307.22232
11307.22232
11307.22232
11307.22232
11307.22232
11307.22232
11307.22232
11307.22232
11307.22232
11307.22232
11307.22232
11307.22232
11307.22232
11307.22232
11307.22232
11307.22232
11307.22232
11307.22232
11307.22232
11307.22232
11307.22232
11307.22232
11307.22232
11307.22232
11307.22232
11307.22232
11307.22232
11307.22232
11307.22232
11307.22232
11307.22232
11307.22232
11307.22232
11307.22232
11307.22232
11307.22232
11307.22232
11307.22232
11307.22232
11307.22232
11307.22232
11307.22232
11307.22232
11307.22232
11307.22232
11307.22232
11307.22232
11307.22232
11307.22232
11307.22232
11307.22232
11307.22232
11307.22232
11307.22232
11307.22232
11307.22232
11307.22232
11307.22232
11307.22232
11307.22232
11307.22232
11307.22232
11307.22232
11307.22232
11307.22232
11307.22232
11307.22232
11307.22232
11307.22232
11307.22232
11307.22232
11307.22232
11307.22232
11307.22232
11307.22232
11307.22232
11307.22232
11307.22232
11307.22232
11307.22232
11307.22232
11307.22232
11307.22232
11307.22232
11307.22232
11307.22232
11307.22232
11307.22232
11307.22232
11307.22232
11307.22232
11307.22232
11307.22232
11307.22232
11307.22232
11307.22232
11307.22232
11307.22232
11307.22232
11307.22232
11307.22232
11307.22232
11307.22232
11307.22232
11307.22232
11307.22232
11307.22232
11307.22232
11307.22232
11307.22232
11307.22232
11307.22232
11307.22232
11307.22232
11307.22232
11307.22232
11307.22232
11307.22232
11307.22232
11307.22232
11307.22232
11307.22232
11307.22232
11307.22232
11307.22232
11307.22232
11307.22232
11307.22232
11307.22232
11307.22232
11307.22232
11307.22232
11307.22232
11307.22232
11307.22232
11307.22232
11307.22232
11307.22232
11307.22232
11307.22232
11307.22232
11307.22232
11307.22232
11307.22232
11307.22232
11307.22232
11307.22232
11307.22232
11307.22232
11307.22232
11307.22232
11307.22232
11307.22232
11307.22232
11307.22232
11307.22232
11307.22232
11307.22232
11307.22232
11307.22232
11307.22232
11307.22232
11307.22232
11307.22232
11307.22232
11307.22232
11307.22232
11307.22232
11307.22232
11307.22232
11307.22232
11307.22232
11307.22232
11307.22232
11307.22232
11307.22232
11307.22232
11307.22232
11307.22232
11307.22232
11307.22232
11307.22232
11307.22232
11307.22232
11307.22232
11307.22232
11307.22232
11307.22232
11307.22232
11307.22232
11307.22232
11307.22232
11307.22232
11307.22232
11307.22232
11307.22232
11307.22232
11307.22232
11307.22232
11307.22232
11307.22232
11307.22232
11307.22232
11307.22232
11307.22232
11307.22232
11307.22232
11307.22232
11307.22232
11307.22232
11307.22232
11307.22232
11307.22232
11307.22232
11307.22232
11307.22232
11307.22232
11307.22232
11307.22232
11307.22232
11307.22232
11307.22232
11307.22232
11307.22232
11307.22232
11307.22232
11307.22232
11307.22232
11307.22232
11307.22232
11307.22232
11307.22232
11307.22232
11307.22232
11307.22232
11307.22232
11307.22232
11307.22232
11307.22232
11307.22232
11307.22232
11307.22232
11307.22232
11307.22232
11307.22232
11307.22232
11307.22232
11307.22232
11307.22232
11307.22232
11307.22232
11307.22232
11307.22232
11307.22232
11307.22232
11307.22232
11307.22232
11307.22232
11307.22232
11307.22232
11307.22232
11307.22232
11307.22232
11307.22232
11307.22232
11307.22232
11307.22232
11307.22232
11307.22232
11307.22232
11307.22232
11307.22232
11307.22232
11307.22232
11307.22232
11307.22232
11307.22232
11307.22232
11307.22232
11307.22232
11307.22232
11307.22232
11307.22232
11307.22232
11307.22232
11307.22232
11307.22232
11307.22232
11307.22232
11307.22232
11307.22232
11307.22232
11307.22232
11307.22232
11307.22232
11307.22232
11307.22232
11307.22232
11307.22232
11307.22232
11307.22232
11307.22232
11307.22232
11307.22232
11307.22232
11307.22232
11307.22232
11307.22232
11307.22232
11307.22232
11307.22232
11307.22232
11307.22232
11307.22232
11307.22232
11307.22232
11307.22232
11307.22232
11307.22232
11307.22232
11307.22232
11307.22232
11307.22232
11307.22232
11307.22232
11307.22232
11307.22232
11307.22232
11307.22232
11307.22232
11307.22232
11307.22232
11307.22232
11307.22232
11307.22232
11307.22232
11307.22232
11307.22232
11307.22232
11307.22232
11307.22232
11307.22232
11307.22232
11307.22232
11307.22232
11307.22232
11307.22232
11307.22232
11307.22232
11307.22232
11307.22232
11307.22232
11307.22232
11307.22232
11307.22232
11307.22232
11307.22232
11307.22232
11307.22232
11307.22232
11307.22232
11307.22232
11307.22232
11307.22232
11307.22232
11307.22232
11307.22232
11307.22232
11307.22232
11307.22232
11307.22232
11307.22232
11307.22232
11307.22232
11307.22232
11307.22232
11307.22232
11307.22232
11307.22232
11307.22232
11307.22232
11307.22232
11307.22232
11307.22232
11307.22232
11307.22232
11307.22232
11307.22232
11307.22232
11307.22232
11307.22232
11307.22232
11307.22232
11307.22232
11307.22232
11307.22232
11307.22232
11307.22232
11307.22232
11307.22232
11307.22232
11307.22232
11307.22232
11307.22232
11307.22232
11307.22232
11307.22232
11307.22232
11307.22232
11307.22232
11307.22232
11307.22232
11307.22232
11307.22232
11307.22232
11307.22232
11307.22232
11307.22232
11307.22232
11307.22232
11307.22232
11307.22232
11307.22232
11307.22232
11307.22232
11307.22232
11307.22232
11307.22232
11307.22232
11307.22232
11307.22232
11307.22232
11307.22232
11307.22232
11307.22232
11307.22232
11307.22232
11307.22232
11307.22232
11307.22232
11307.22232
11307.22232
11307.22232
11307.22232
11307.22232
11307.22232
11307.22232
11307.22232
11307.22232
11307.22232
11307.22232
11307.22232
11307.22232
11307.22232
11307.22232
11307.22232
11307.22232
11307.22232
11307.22232
11307.22232
11307.22232
11307.22232
11307.22232
11307.22232
11307.22232
11307.22232
11307.22232
11307.22232
11307.22232
11307.22232
11307.22232
11307.22232
11307.22232
11307.22232
11307.22232
11307.22232
11307.22232
11307.22232
11307.22232
11307.22232
11307.22232
11307.22232
11307.22232
11307.22232
11307.22232
11307.22232
11307.22232
11307.22232
11307.22232
11307.22232
11307.22232
11307.22232
11307.22232
11307.22232
11307.22232
11307.22232
11307.22232
11307.22232
11307.22232
11307.22232
11307.22232
11307.22232
11307.22232
11307.22232
11307.22232
11307.22232
11307.22232
11307.22232
11307.22232
11307.22232
11307.22232
11307.22232
11307.22232
11307.22232
11307.22232
11307.22232
11307.22232
11307.22232
11307.22232
11307.22232
11307.22232
11307.22232
11307.22232
11307.22232
11307.22232
11307.22232
11307.22232
11307.22232
11307.22232
11307.22232
11307.22232
11307.22232
11307.22232
11307.22232
11307.22232
11307.22232
11307.22232
11307.22232
11307.22232
11307.22232
11307.22232
11307.22232
11307.22232
11307.22232
11307.22232
11307.22232
11307.22232
11307.22232
11307.22232
11307.22232
11307.22232
11307.22232
11307.22232
11307.22232
11307.22232
11307.22232
11307.22232
11307.22232
11307.22232
11307.22232
11307.22232
11307.22232
11307.22232
11307.22232
11307.22232
11307.22232
11307.22232
11307.22232
11307.22232
11307.22232
11307.22232
11307.22232
11307.22232
11307.22232
11307.22232
11307.22232
11307.22232
11307.22232
11307.22232
11307.22232
11307.22232
11307.22232
11307.22232
11307.22232
11307.22232
11307.22232
11307.22232
11307.22232
11307.22232
11307.22232
11307.22232
11307.22232
11307.22232
11307.22232
11307.22232
11307.22232
11307.22232
11307.22232
11307.22232
11307.22232
11307.22232
11307.22232
11307.22232
11307.22232
11307.22232
11307.22232
11307.22232
11307.22232
11307.22232
11307.22232
11307.22232
11307.22232
11307.22232
11307.22232
11307.22232
11307.22232
11307.22232
11307.22232
11307.22232
11307.22232
11307.22232
11307.22232
11307.22232
11307.22232
11307.22232
11307.22232
11307.22232
11307.22232
11307.22232
11307.22232
11307.22232
11307.22232
11307.22232
11307.22232
11307.22232
11307.22232
11307.22232
11307.22232
11307.22232
11307.22232
11307.22232
11307.22232
11307.22232
11307.22232
11307.22232
11307.22232
11307.22232
11307.22232
11307.22232
11307.22232
11307.22232
11307.22232
11307.22232
11307.22232
11307.22232
11307.22232
11307.22232
11307.22232
11307.22232
11307.22232
11307.22232
11307.22232
11307.22232
11307.22232
11307.22232
11307.22232
11307.22232
11307.22232
11307.22232
11307.22232
11307.22232
11307.22232
11307.22232
11307.22232
11307.22232
11307.22232
11307.22232
11307.22232
11307.22232
11307.22232
11307.22232
11307.22232
11307.22232
11307.22232
11307.22232
11307.22232
11307.22232
11307.22232
11307.22232
11307.22232
11307.22232
11307.22232
11307.22232
11307.22232
11307.22232
11307.22232
11307.22232
11307.22232
11307.22232
11307.22232
11307.22232
11307.22232
11307.22232
11307.22232
11307.22232
11307.22232
11307.22232
11307.22232
11307.22232
11307.22232
11307.22232
11307.22232
11307.22232
11307.22232
11307.22232
11307.22232
11307.22232
11307.22232
11307.22232
11307.22232
11307.22232
11307.22232
11307.22232
11307.22232
11307.22232
11307.22232
11307.22232
11307.22232
11307.22232
11307.22232
11307.22232
11307.22232
11307.22232
11307.22232
11307.22232
11307.22232
11307.22232
11307.22232
11307.22232
11307.22232
11307.22232
11307.22232
11307.22232
11307.22232
11307.22232
11307.22232
11307.22232
11307.22232
11307.22232
11307.22232
11307.22232
11307.22232
11307.22232
11307.22232
11307.22232
11307.22232
11307.22232
11307.22232
11307.22232
11307.22232
11307.22232
11307.22232
11307.22232
11307.22232
11307.22232
11307.22232
11307.22232
11307.22232
11307.22232
11307.22232
11307.22232
11307.22232
11307.22232
11307.22232
11307.22232
11307.22232
11307.22232
11307.22232
11307.22232
11307.22232
11307.22232
11307.22232
11307.22232
11307.22232
11307.22232
11307.22232
11307.22232
11307.22232
11307.22232
11307.22232
11307.22232
11307.22232
11307.22232
11307.22232
11307.22232
11307.22232
11307.22232
11307.22232
11307.22232
11307.22232
11307.22232
11307.22232
11307.22232
11307.22232
11307.22232
11307.22232
11307.22232
11307.22232
11307.22232
11307.22232
11307.22232
11307.22232
11307.22232
11307.22232
11307.22232
11307.22232
11307.22232
11307.22232
11307.22232
11307.22232
11307.22232
11307.22232
11307.22232
11307.22232
11307.22232
11307.22232
11307.22232
11307.22232
11307.22232
11307.22232
11307.22232
11307.22232
11307.22232
11307.22232
11307.22232
11307.22232
11307.22232
11307.22232
11307.22232
11307.22232
11307.22232
11307.22232
11307.22232
11307.22232
11307.22232
11307.22232
11307.22232
11307.22232
11307.22232
11307.22232
11307.22232
11307.22232
11307.22232
11307.22232
11307.22232
11307.22232
11307.22232
11307.22232
11307.22232
11307.22232
11307.22232
11307.22232
11307.22232
11307.22232
11307.22232
11307.22232
11307.22232
11307.22232
11307.22232
11307.22232
11307.22232
11307.22232
11307.22232
11307.22232
11307.22232
11307.22232
11307.22232
11307.22232
11307.22232
11307.22232
11307.22232
11307.22232
11307.22232
11307.22232
11307.22232
11307.22232
11307.22232
11307.22232
11307.22232
11307.22232
11307.22232
11307.22232
11307.22232
11307.22232
11307.22232
11307.22232
11307.22232
11307.22232
11307.22232
11307.22232
11307.22232
11307.22232
11307.22232
11307.22232
11307.22232
11307.22232
11307.22232
11307.22232
11307.22232
11307.22232
11307.22232
11307.22232
11307.22232
11307.22232
11307.22232
11307.22232
11307.22232
11307.22232
11307.22232
11307.22232
11307.22232
11307.22232
11307.22232
11307.22232
11307.22232
11307.22232
11307.22232
11307.22232
11307.22232
11307.22232
11307.22232
11307.22232
11307.22232
11307.22232
11307.22232
11307.22232
11307.22232
11307.22232
11307.22232
11307.22232
11307.22232
11307.22232
11307.22232
11307.22232
11307.22232
11307.22232
11307.22232
11307.22232
11307.22232
11307.22232
11307.22232
11307.22232
11307.22232
11307.22232
11307.22232
11307.22232
11307.22232
11307.22232
11307.22232
11307.22232
11307.22232
11307.22232
11307.22232
11307.22232
11307.22232
11307.22232
11307.22232
11307.22232
11307.22232
11307.22232
11307.22232
11307.22232
11307.22232
11307.22232
11307.22232
11307.22232
11307.22232
11307.22232
11307.22232
11307.22232
11307.22232
11307.22232
11307.22232
11307.22232
11307.22232
11307.22232
11307.22232
11307.22232
11307.22232
11307.22232
11307.22232
11307.22232
11307.22232
11307.22232
11307.22232
11307.22232
11307.22232
11307.22232
11307.22232
11307.22232
11307.22232
11307.22232
11307.22232
11307.22232
11307.22232
11307.22232
11307.22232
11307.22232
11307.22232
11307.22232
11307.22232
11307.22232
11307.22232
11307.22232
11307.22232
11307.22232
11307.22232
11307.22231
11307.22231
11307.22231
11307.2223
11307.2223
11307.22229
11307.22227
11307.22225
11307.22222
11307.22218
11307.22211
11307.22202
11307.22189
11307.22171
11307.22144
11307.22107
11307.22054
11307.21981
11307.21878
11307.21735
11307.21539
11307.21268
11307.20896
11307.2039
11307.19704
11307.18776
11307.17529
11307.15862
11307.13642
11307.10702
11307.06829
11307.01752
11306.95132
11306.86546
11306.75472
11306.61268
11306.4315
11306.20173
11305.91203
11305.54895
11305.09664
11304.53664
11303.84761
11303.00521
11301.98193
11300.74705
11299.26668
11297.50389
11295.41901
11292.96999
11290.11297
11286.80296
11282.99457
11278.64292
11273.70459
11268.13857
11261.90721
11254.97707
11247.31978
11238.91259
11229.73887
11219.78838
11209.05732
11197.54824
11185.26969
11172.23578
11158.46561
11143.98257
11128.81364
11112.98862
11096.53945
11079.49946
11061.90279
11043.78381
11025.17661
11006.11465
10986.63039
10966.75509
10946.51858
10925.94915
10905.07352
10883.91675
10862.50228
10840.85195
10818.98606
10796.92342
10774.68144
10752.27618
10729.72246
10707.03396
10684.22324
10661.30186
10638.28045
10615.16878
10591.97576
10568.70949
10545.38029
10521.99434
10498.55712
10475.07381
10451.54918
10427.98753
10404.39261
10380.76772
10357.11884
10333.45318
10309.77634
10286.0915
10262.40172
10238.70981
10215.01839
10191.32979
10167.64622
10143.96977
10120.30238
10096.64588
10073.00198
10049.37229
10025.75831
10002.16144
9978.583005
9955.024252
9931.486344
9907.970379
9884.477388
9861.008342
9837.564156
9814.145693
9790.753768
9767.389149
9744.052561
9720.744689
9697.466178
9674.217629
9650.999606
9627.812627
9604.657172
9581.533682
9558.44257
9535.384251
9512.35918
9489.367831
9466.410607
9443.487843
9420.599862
9397.746973
9374.929468
9352.147623
9329.401697
9306.691938
9284.018577
9261.381836
9238.781923
9216.219034
9193.693356
9171.205063
9148.75432
9126.341285
9103.966105
9081.628917
9059.329852
9037.069033
9014.846576
8992.662589
8970.517173
8948.410425
8926.342433
8904.31328
8882.323046
8860.371802
8838.459617
8816.586553
8794.75267
8772.958022
8751.202658
8729.486627
8707.80997
8686.172727
8664.574935
8643.016626
8621.497832
8600.01858
8578.578894
8557.178798
8535.818312
8514.497455
8493.216243
8471.97469
8450.772809
8429.610612
8408.488108
8387.405305
8366.362211
8345.358831
8324.395171
8303.471232
8282.58702
8261.742534
8240.937777
8220.172748
8199.447448
8178.761875
8158.116029
8137.509906
8116.943505
8096.416822
8075.929856
8055.482602
8035.075058
8014.707219
7994.379081
7974.090642
7953.841897
7933.632843
7913.463475
7893.333792
7873.24379
7853.193466
7833.182819
7813.211847
7793.28055
7773.388927
7753.536981
7733.724715
7713.952132
7694.219239
7674.526047
7654.872568
7635.258818
7615.684821
7596.150605
7576.656211
7557.201688
7537.7871
7518.41251
7499.077916
7479.783292
7460.528623
7441.313886
7422.139062
7403.004129
7383.909067
7364.853853
7345.838467
7326.862887
7307.927093
7289.031064
7270.174781
7251.358225
7232.581378
7213.844222
7195.146741
7176.48892
7157.870745
7139.292203
7120.753284
7102.253978
7083.794277
7065.374177
7046.993672
7028.652763
7010.35145
6992.089737
6973.867631
6955.68514
6937.542279
6919.439064
6901.375514
6883.351655
6865.367515
6847.423128
6829.518533
6811.653774
6793.828903
6776.043977
6758.29906
6740.594225
6722.929554
6705.305137
6687.721076
6670.177483
6652.674482
6635.212214
6617.790831
6600.410504
6583.071424
6565.773801
6548.517868
6531.303885
6514.132141
6497.002958
6479.916694
6462.87375
6445.874576
6428.919672
6412.009604
6395.145005
6378.326588
6361.55516
6344.831629
6328.157019
6311.53249
6294.959357
6278.43908
6261.973342
6245.564
6229.213083
6212.923277
6196.697542
6180.540102
6164.455732
6148.450007
6132.529572
6116.701256
6100.973944
6085.361163
6069.879813
6054.550575
6039.398611
6024.454465
6009.755047
5995.344588
5981.275403
5967.608321
5954.412556
5941.764816
5929.747412
5918.445221
5907.941448
5898.312345
5889.621297
5881.91291
5875.207876
5869.49958
5864.75298
5860.90624
5857.875162
5855.559242
5853.849348
5852.635315
5851.811759
5851.284279
5850.971385
5850.804938
5850.733042
5850.711027
5850.715056
5850.752436
5850.845749
5850.964161
5851.040267
5851.084316
5851.108729
5851.120513
5851.124267
5851.121063
5851.11681
5851.107817
5851.091699
5851.067172
5851.04372
5851.02773
5851.016381
5851.00841
5851.003425
5851.000661
5850.998713
5850.997043
5850.995681
5850.994934
5850.995019
5850.997103
5851.002152
5851.010847
5851.023566
5851.039356
5851.052877
5851.06267
5851.068791
5851.072075
5851.072892
5851.070734
5851.068369
5851.065794
5851.062068
5851.056731
5851.050018
5851.040467
5851.027467
5851.011097
5850.992306
5850.973694
5850.956133
5850.938631
5850.920815
5850.901957
5850.880883
5850.856063
5850.825688
5850.787711
5850.739967
5850.682299
5850.628503
5850.587413
5850.557658
5850.538027
5850.526187
5850.521291
5850.519925
5850.521232
5850.530567
5850.552216
5850.589592
5850.638159
5850.676837
5850.702801
5850.718908
5850.727946
5850.73028
5850.72922
5850.725053
5850.72029
5850.714057
5850.705719
5850.695203
5850.681102
5850.663678
5850.64507
5850.627463
5850.60996
5850.591657
5850.570999
5850.545917
5850.514106
5850.473471
5850.428022
5850.391008
5850.363851
5850.345185
5850.33342
5850.328316
5850.325884
5850.324962
5850.327802
5850.338674
5850.3604
5850.388886
5850.409955
5850.423115
5850.431148
5850.435149
5850.436861
5850.436867
5850.435759
5850.433485
5850.430445
5850.42645
5850.422877
5850.41888
5850.414234
5850.408501
5850.401424
5850.392716
5850.382833
5850.372849
5850.365046
5850.358535
5850.352735
5850.34734
5850.342107
5850.336867
5850.331501
5850.325868
5850.319742
5850.312906
5850.305135
5850.296251
5850.286272
5850.275491
5850.264187
5850.253162
5850.242139
5850.230264
5850.216833
5850.201001
5850.182943
5850.159705
5850.128947
5850.09119
5850.058427
5850.034213
5850.019236
5850.011036
5850.005223
5850.000558
5849.998011
5849.998878
5850.008101
5850.028782
5850.055024
5850.071223
5850.077524
5850.078747
5850.071272
5850.064995
5850.058895
5850.050887
5850.041145
5850.027724
5850.00972
5849.987049
5849.958761
5849.921102
5849.875041
5849.833789
5849.801366
5849.778603
5849.763455
5849.752124
5849.742939
5849.734806
5849.728061
5849.723784
5849.722495
5849.725525
5849.733832
5849.740234
5849.742884
5849.744553
5849.746685
5849.751782
5849.762648
5849.772583
5849.773922
5849.76557
5849.755458
5849.745499
5849.731612
5849.714803
5849.69333
5849.664156
5849.627165
5849.584951
5849.545314
5849.516832
5849.494428
5849.475636
5849.459114
5849.443707
5849.428492
5849.4128
5849.396426
5849.378725
5849.358569
5849.335022
5849.307631
5849.277115
5849.246725
5849.221724
5849.199517
5849.178372
5849.157367
5849.13586
5849.113845
5849.091188
5849.067335
5849.041201
5849.011875
5848.979461
5848.944587
5848.912326
5848.881766
5848.850724
5848.818551
5848.785039
5848.74929
5848.710241
5848.670795
5848.635606
5848.602554
5848.569915
5848.536521
5848.502993
5848.469947
5848.435891
5848.39628
5848.356535
5848.315809
5848.272216
5848.226328
5848.179813
5848.132222
5848.084622
5848.037918
5847.99265
5847.947146
5847.888331
5847.823899
5847.756364
5847.680943
5847.581724
5847.462379
5847.31098
5847.118211
5846.868559
5846.539709
5846.101676
5845.510191
5844.705174
5843.606329
5842.108492
5840.077157
5837.33774
5833.636575
5828.667262
5822.027254
5813.210401
5801.586217
5786.379329
5766.65182
5741.285036
5708.970983
5668.209427
5617.316129
5554.452027
5477.667323
5384.968053
5274.410016
5144.218466
4992.928171
4819.547019
4623.702479
4405.782094
4167.047704
3909.690945
3636.848281
3352.544722
3061.533926
2769.091923
2483.146765
2230.218292
2017.98616
1842.38457
1698.886789
1583.002392
1490.441517
1417.27562
1360.006179
1315.592082
1281.445274
1255.404402
1235.694448
1220.879477
1209.813562
1201.593748
1195.516696
1191.040617
1187.752335
1185.339847
1183.569634
1182.268394
1181.308515
1180.596702
1180.065084
1179.664682
1179.360083
1179.125969
1178.944007
1178.801147
1178.687824
1178.597214
1178.524183
1178.465043
1178.416898
1178.377651
1178.345566
1178.319377
1178.297984
1178.28057
1178.266407
1178.254925
1178.24567
1178.238304
1178.23252
1178.228052
1178.224665
1178.222156
1178.220355
1178.219119
1178.21833
1178.21789
1178.217731
1178.217796
1178.218024
1178.218366
1178.218765
1178.21919
1178.219649
1178.220167
1178.22077
1178.221474
1178.222285
1178.2232
1178.224233
1178.225358
1178.226544
1178.227704
1178.228799
1178.229829
1178.230785
1178.231711
1178.232579
1178.233437
1178.234248
1178.23506
1178.235833
1178.236615
1178.237379
1178.238145
1178.238914
1178.239673
1178.240451
1178.241222
1178.242018
1178.242817
1178.243647
1178.244476
1178.24532
1178.246168
1178.246994
1178.247788
1178.248524
1178.249208
1178.249821
1178.250383
1178.250883
1178.251334
1178.251732
1178.252085
1178.252397
1178.252677
1178.252917
1178.253129
1178.253309
1178.253462
1178.253594
1178.253697
1178.253789
1178.253852
1178.253903
1178.253931
1178.253955
1178.253963
1178.253959
1178.253947
1178.253931
1178.2539
1178.253869
1178.253819
1178.253764
1178.253678
1178.253584
1178.253457
1178.25332
1178.253147
1178.252966
1178.252759
1178.252536
1178.252318
1178.252061
1178.25182
1178.251553
1178.251299
1178.251047
1178.250789
1178.250532
1178.250263
1178.249989
1178.249713
1178.249439
1178.249166
1178.248887
1178.248607
1178.248327
1178.248041
1178.247761
1178.247478
1178.247207
1178.246941
1178.246691
1178.246452
1178.246229
1178.246019
1178.245823
1178.245645
1178.24548
1178.245334
1178.245199
1178.245077
1178.244967
1178.244868
1178.244783
1178.244708
1178.244641
1178.244591
1178.244556
1178.244524
1178.244511
1178.244498
1178.244502
1178.244509
1178.244527
1178.244549
1178.244583
1178.244624
1178.244673
1178.244732
1178.244793
1178.244864
1178.244936
1178.245019
1178.245098
1178.245183
1178.245273
1178.245372
1178.24548
1178.245594
1178.245717
1178.245843
1178.245978
1178.24611
1178.246246
1178.24638
1178.24652
1178.246668
1178.246815
1178.246968
1178.247117
1178.247275
1178.247418
1178.247565
1178.2477
1178.247849
1178.247999
1178.248156
1178.248326
1178.248492
1178.248666
1178.248859
1178.249081
1178.249331
1178.249598
1178.249884
1178.250165
1178.25046
1178.25073
1178.250997
1178.251225
1178.251451
1178.251663
1178.25189
1178.25213
1178.252394
1178.252678
1178.25298
1178.253293
1178.253616
1178.253938
1178.254256
1178.254537
1178.254743
1178.254884
1178.254944
1178.254945
1178.254872
1178.254747
1178.254565
1178.254344
1178.254087
1178.253804
1178.253501
1178.253188
1178.25286
1178.252521
1178.252177
1178.251846
1178.251534
1178.251236
1178.250965
1178.250713
1178.250483
1178.250268
1178.25007
1178.249887
1178.249715
1178.249557
1178.24941
1178.24927
1178.249135
1178.248995
1178.248851
1178.248696
1178.248531
1178.248358
1178.248179
1178.24799
1178.247801
1178.247609
1178.247447
1178.247311
1178.247227
1178.247173
1178.247167
1178.247192
1178.247256
1178.247347
1178.247459
1178.247585
1178.247725
1178.247879
1178.248051
1178.248239
1178.248445
1178.24866
1178.248872
1178.249061
1178.249242
1178.249417
1178.249598
1178.249768
1178.249945
1178.250103
1178.250265
1178.25041
1178.250566
1178.250751
1178.250979
1178.251233
1178.251505
1178.251786
1178.25207
1178.252339
1178.252597
1178.252841
1178.253071
1178.253284
1178.253445
1178.253549
1178.253601
1178.253617
1178.253611
1178.25359
1178.253552
1178.253484
1178.25338
1178.253231
1178.253037
1178.252801
1178.252523
1178.252216
1178.251873
1178.251512
1178.251144
1178.250763
1178.250397
1178.250051
1178.249728
1178.249437
1178.249194
1178.249012
1178.248869
1178.248792
1178.248744
1178.248747
1178.248767
1178.248832
1178.248899
1178.249009
1178.249109
1178.249246
1178.249366
1178.249508
1178.24963
1178.249747
1178.249852
1178.249949
1178.250036
1178.250114
1178.250183
1178.25024
1178.250293
1178.250345
1178.250412
1178.250486
1178.250562
1178.250648
1178.250735
1178.250823
1178.250898
1178.250968
1178.251035
1178.251095
1178.251148
1178.251195
1178.251234
1178.251253
1178.25127
1178.251259
1178.251242
1178.251185
1178.251142
1178.251049
1178.250951
1178.250808
1178.250662
1178.250477
1178.250295
1178.250083
1178.249875
1178.24965
1178.249423
1178.249187
1178.248945
1178.248708
1178.248481
1178.248271
1178.248074
1178.247894
1178.247731
1178.247582
1178.247444
1178.247314
1178.247197
1178.247097
1178.247015
1178.246954
1178.246914
1178.246897
1178.246902
1178.246928
1178.246974
1178.247036
1178.247084
1178.247104
1178.247105
1178.247086
1178.247062
1178.247025
1178.246968
1178.246886
1178.246772
1178.246622
1178.246431
1178.246199
1178.245929
1178.24562
1178.245293
1178.244996
1178.244755
1178.244559
1178.244405
1178.244278
1178.244183
1178.244099
1178.24403
1178.24396
1178.243914
1178.243876
1178.243873
1178.243892
1178.243942
1178.244016
1178.244106
1178.244207
1178.244317
1178.244432
1178.244556
1178.244686
1178.244816
1178.244936
1178.245031
1178.245124
1178.245181
1178.245228
1178.245245
1178.245236
1178.245188
1178.245107
1178.244996
1178.244864
1178.244726
1178.244584
1178.24443
1178.24426
1178.244062
1178.243845
1178.243594
1178.243321
1178.24305
1178.242789
1178.242534
1178.242284
1178.242047
1178.241833
1178.241641
1178.241496
1178.241387
1178.241329
1178.241289
1178.241266
1178.241234
1178.241218
1178.241204
1178.241195
1178.241173
1178.241131
1178.24106
1178.240947
1178.240806
1178.240603
1178.240365
1178.240073
1178.239751
1178.239404
1178.239124
1178.238925
1178.238809
1178.23877
1178.238801
1178.238893
1178.239024
1178.239179
1178.239357
1178.239568
1178.239815
1178.240104
1178.240431
1178.240798
1178.241196
1178.241612
1178.242013
1178.242407
1178.242804
1178.243197
1178.243587
1178.243961
1178.244328
1178.244676
1178.245017
1178.245343
1178.245674
1178.245988
1178.246272
1178.246515
1178.246713
1178.246863
1178.246969
1178.247032
1178.247057
1178.247046
1178.246993
1178.246903
1178.246778
1178.246661
1178.246565
1178.246488
1178.24643
1178.246379
1178.246329
1178.246272
1178.246165
1178.24606
1178.245943
1178.245838
1178.245749
1178.245656
1178.245609
1178.245594
1178.245632
1178.2457
1178.245764
1178.245791
1178.245784
1178.245742
1178.24567
1178.24558
1178.24548
1178.245356
1178.245204
1178.245009
1178.244789
1178.244511
1178.244218
1178.243875
1178.243511
1178.243105
1178.242688
1178.242231
1178.241784
1178.241332
1178.240893
1178.240451
1178.240024
1178.239653
1178.239251
1178.238935
1178.238603
1178.238318
1178.238045
1178.237802
1178.237596
1178.237391
1178.237237
1178.237106
1178.237028
1178.236985
1178.236992
1178.237025
1178.237109
1178.237211
1178.237355
1178.237506
1178.237681
1178.237856
1178.238017
1178.238177
1178.238335
1178.238496
1178.238664
1178.238831
1178.239002
1178.239175
1178.239353
1178.239539
1178.239714
1178.239909
1178.240088
1178.240287
1178.240473
1178.240681
1178.240886
1178.241119
1178.241367
1178.241651
1178.241958
1178.242307
1178.242661
1178.243055
1178.243468
1178.24393
1178.244424
1178.24495
1178.245502
1178.246077
1178.246668
1178.247231
1178.247735
1178.248193
1178.248578
1178.24891
1178.249193
1178.249431
1178.249614
1178.249729
1178.249778
1178.249749
1178.249659
1178.249511
1178.249323
1178.249171
1178.249044
1178.24896
1178.248901
1178.248857
1178.24882
1178.248782
1178.248747
1178.248722
1178.248719
1178.24875
1178.248798
1178.248842
1178.248879
1178.248913
1178.248946
1178.248982
1178.249014
1178.24905
1178.249089
1178.249139
1178.249221
1178.249342
1178.249484
1178.249636
1178.249802
1178.249974
1178.250157
1178.250338
1178.250523
1178.250705
1178.250882
1178.25105
1178.251208
1178.251354
1178.251467
1178.251569
1178.251617
1178.251638
1178.251612
1178.251544
1178.251438
1178.251289
1178.25111
1178.250896
1178.250664
1178.250404
1178.250134
1178.249847
1178.249557
1178.249243
1178.248915
1178.248519
1178.248166
1178.247783
1178.247455
1178.247097
1178.246758
1178.246399
1178.246041
1178.245677
1178.24531
1178.244955
1178.244627
1178.244373
1178.244191
1178.244078
1178.244027
1178.244026
1178.244079
1178.244184
1178.244345
1178.244572
1178.244851
1178.245194
1178.245548
1178.245933
1178.246341
1178.246765
1178.247204
1178.247647
1178.248077
1178.24852
1178.248944
1178.24939
1178.2498
1178.250212
1178.25057
1178.25092
1178.251213
1178.251495
1178.251714
1178.251915
1178.252051
1178.252169
1178.252232
1178.252278
1178.25228
1178.252263
1178.252212
1178.252162
1178.252113
1178.252068
1178.25202
1178.251943
1178.251847
1178.251732
1178.251585
1178.251409
1178.251201
1178.250936
1178.250616
1178.250239
1178.249822
1178.249364
1178.248925
1178.248482
1178.248057
1178.247621
1178.247199
1178.246751
1178.246315
1178.245852
1178.245392
1178.244916
1178.244422
1178.243934
1178.24342
1178.242958
1178.242457
1178.242037
1178.241591
1178.241225
1178.240881
1178.240606
1178.24037
1178.240218
1178.24011
1178.240087
1178.2401
1178.240184
1178.240287
1178.240428
1178.240473
1178.240481
1178.240414
1178.240303
1178.240176
1178.240035
1178.239904
1178.239755
1178.23961
1178.239471
1178.239362
1178.239323
1178.239356
1178.239459
1178.239625
1178.239867
1178.240192
1178.240587
1178.241073
1178.241626
1178.242247
1178.242932
1178.243639
1178.244394
1178.245142
1178.245856
1178.246497
1178.247124
1178.247637
1178.248108
1178.24849
1178.248812
1178.249087
1178.249283
1178.249407
1178.249416
1178.249329
1178.249112
1178.248791
1178.248346
1178.247838
1178.247266
1178.246683
1178.246056
1178.245442
1178.244851
1178.244394
1178.244052
1178.243876
1178.243834
1178.24391
1178.244051
1178.244223
1178.24444
1178.244731
1178.245116
1178.245613
1178.246236
1178.246983
1178.247856
1178.24882
1178.249742
1178.25057
1178.251253
1178.251796
1178.25222
1178.252547
1178.252775
1178.252904
1178.252939
1178.252882
1178.252744
1178.252518
1178.252222
1178.251848
1178.25143
1178.250958
1178.250449
1178.249864
1178.249259
1178.24859
1178.247913
1178.2472
1178.246488
1178.245757
1178.245039
1178.244365
1178.243775
1178.243238
1178.24278
1178.242336
1178.24196
1178.241638
1178.24138
1178.241191
1178.241077
1178.24102
1178.240957
1178.240835
1178.240664
1178.240457
1178.240235
1178.239993
1178.23974
1178.239445
1178.239096
1178.238683
1178.238225
1178.237737
1178.237212
1178.236738
1178.236339
1178.236067
1178.23593
1178.235901
1178.236019
1178.236199
1178.236469
1178.236787
1178.237233
1178.237729
1178.238346
1178.239012
1178.239733
1178.240644
1178.241541
1178.24259
1178.243685
1178.244807
1178.246008
1178.2472
1178.248441
1178.249653
1178.250876
1178.252034
1178.253126
1178.254136
1178.255049
1178.25591
1178.25668
1178.257414
1178.258076
1178.258705
1178.259283
1178.259822
1178.260318
1178.260777
1178.261192
1178.261565
1178.261887
1178.262158
1178.262375
1178.262535
1178.262711
1178.262912
1178.263142
1178.263365
1178.263578
1178.263797
1178.264004
1178.264213
1178.264449
1178.264669
1178.264878
1178.265025
1178.265048
1178.264889
1178.264609
1178.264176
1178.263658
1178.263043
1178.262367
1178.261635
1178.26089
1178.260133
1178.259362
1178.258506
1178.257666
1178.256766
1178.255931
1178.255102
1178.254336
1178.253566
1178.252836
1178.252046
1178.25135
1178.250641
1178.250025
1178.249327
1178.248649
1178.247917
1178.247196
1178.246455
1178.24574
1178.245004
1178.244295
1178.243602
1178.242946
1178.242368
1178.24185
1178.241444
1178.241108
1178.240888
1178.240711
1178.240598
1178.240548
1178.240577
1178.240689
1178.240856
1178.241111
1178.241481
1178.241941
1178.242504
1178.243139
1178.243788
1178.244426
1178.245049
1178.245616
1178.246101
1178.246563
1178.246793
1178.246924
1178.246811
1178.246576
1178.246198
1178.245779
1178.245377
1178.244891
1178.244393
1178.24385
1178.243295
1178.242741
1178.242292
1178.24187
1178.241489
1178.241096
1178.240752
1178.240446
1178.240185
1178.239947
1178.239842
1178.239801
1178.239867
1178.239965
1178.240119
1178.240294
1178.240498
1178.240695
1178.240868
1178.241009
1178.241122
1178.241203
1178.24128
1178.241369
1178.241484
1178.241613
1178.241771
1178.241948
1178.242146
1178.242381
1178.242668
1178.243029
1178.243482
1178.244024
1178.244657
1178.245406
1178.246245
1178.247168
1178.248144
1178.249133
1178.250118
1178.251009
1178.251723
1178.252248
1178.252568
1178.252721
1178.252755
1178.252703
1178.252567
1178.252333
1178.251997
1178.251574
1178.251067
1178.250508
1178.249989
1178.249576
1178.24931
1178.249148
1178.24906
1178.249018
1178.249037
1178.249116
1178.249273
1178.249421
1178.249573
1178.249717
1178.249853
1178.249965
1178.250001
1178.249992
1178.249874
1178.249701
1178.24942
1178.249078
1178.248657
1178.248153
1178.247607
1178.247038
1178.246436
1178.245801
1178.245122
1178.244506
1178.24393
1178.243431
1178.242995
1178.24265
1178.242327
1178.242122
1178.241994
1178.241993
1178.242138
1178.242411
1178.242734
1178.243113
1178.243533
1178.24405
1178.244665
1178.245451
1178.246346
1178.247409
1178.248509
1178.249666
1178.25071
1178.251679
1178.252575
1178.253409
1178.254145
1178.254874
1178.25539
1178.255835
1178.25612
1178.256349
1178.256448
1178.256465
1178.256413
1178.256257
1178.255982
1178.255579
1178.255128
1178.254661
1178.254232
1178.253862
1178.25354
1178.253271
1178.253052
1178.252873
1178.252734
1178.252608
1178.252501
1178.252396
1178.252278
1178.252133
1178.251937
1178.251691
1178.251372
1178.251018
1178.250629
1178.250227
1178.249765
1178.249299
1178.248775
1178.248252
1178.247739
1178.247251
1178.246859
1178.246518
1178.246326
1178.24623
1178.246306
1178.246538
1178.246937
1178.247465
1178.247953
1178.24836
1178.248687
1178.248975
1178.249295
1178.249622
1178.249853
1178.250006
1178.250094
1178.250244
1178.25033
1178.250308
1178.25007
1178.24975
1178.249272
1178.248692
1178.248082
1178.24739
1178.246597
1178.245711
1178.244771
1178.24373
1178.242693
1178.241643
1178.240692
1178.239671
1178.239025
1178.238497
1178.238319
1178.238278
1178.238506
1178.238873
1178.239382
1178.239991
1178.240727
1178.241532
1178.242376
1178.243271
1178.244061
1178.244724
1178.245168
1178.245407
1178.245503
1178.24549
1178.245383
1178.245164
1178.244803
1178.244298
1178.243688
1178.243091
1178.242585
1178.242133
1178.241822
1178.241616
1178.241643
1178.24176
1178.242183
1178.242577
1178.243347
1178.243993
1178.245056
1178.24589
1178.246936
1178.247976
1178.248887
1178.24966
1178.250145
1178.25052
1178.250665
1178.250675
1178.250568
1178.250383
1178.250239
1178.250143
1178.250111
1178.250103
1178.250021
1178.249895
1178.249873
1178.250075
1178.250457
1178.251002
1178.251621
1178.252313
1178.252819
1178.253307
1178.253721
1178.254038
1178.254284
1178.254623
1178.255145
1178.255799
1178.256469
1178.25698
1178.257418
1178.257613
1178.25768
1178.257499
1178.256948
1178.256153
1178.25508
1178.253726
1178.252213
1178.250456
1178.248396
1178.246039
1178.243371
1178.240669
1178.237918
1178.235225
1178.232854
1178.230572
1178.228637
1178.22698
1178.225746
1178.22508
1178.224769
1178.224912
1178.225503
1178.226548
1178.228253
1178.230572
1178.233386
1178.236425
1178.23959
1178.242929
1178.246137
1178.249236
1178.251963
1178.254335
1178.256414
1178.258085
1178.259456
1178.26045
1178.260994
1178.2611
1178.260821
1178.260189
1178.259262
1178.258221
1178.257206
1178.256561
1178.256134
1178.255947
1178.255952
1178.256208
1178.256719
1178.257466
1178.258297
1178.259136
1178.259796
1178.260168
1178.260283
1178.260179
1178.259867
1178.259266
1178.258331
1178.256987
1178.255235
1178.253337
1178.251104
1178.248944
1178.246675
1178.244655
1178.242712
1178.241059
1178.239758
1178.238814
1178.238312
1178.238126
1178.238272
1178.238919
1178.240254
1178.242056
1178.244496
1178.247073
1178.249871
1178.252598
1178.255234
1178.257857
1178.260276
1178.262551
1178.264335
1178.265529
1178.266182
1178.266403
1178.265912
1178.264265
1178.261447
1178.257786
1178.253408
1178.248956
1178.244775
1178.240748
1178.237132
1178.234183
1178.231846
1178.230385
1178.229683
1178.229558
1178.2299
1178.230912
1178.233009
1178.236228
1178.24052
1178.24552
1178.250527
1178.256013
1178.261097
1178.266027
1178.270426
1178.274068
1178.276846
1178.278438
1178.278736
1178.278136
1178.276899
1178.274818
1178.271422
1178.267154
1178.262017
1178.257463
1178.252682
1178.248591
1178.244283
1178.240608
1178.237564
1178.235112
1178.23348
1178.232687
1178.232729
1178.233748
1178.236265
1178.240625
1178.246202
1178.253195
1178.260348
1178.266924
1178.273405
1178.278726
1178.283481
1178.287132
1178.289509
1178.291118
1178.291851
1178.292138
1178.291886
1178.290494
1178.287361
1178.282646
1178.276232
1178.268608
1178.260907
1178.252576
1178.244755
1178.237555
1178.231538
1178.227339
1178.225038
1178.224991
1178.227183
1178.23162
1178.238089
1178.245909
1178.255018
1178.264308
1178.272582
1178.280271
1178.286257
1178.290831
1178.294143
1178.295982
1178.296593
1178.296455
1178.295121
1178.291391
1178.284284
1178.274492
1178.261926
1178.250085
1178.237013
1178.225392
1178.214529
1178.206318
1178.201064
1178.198874
1178.200014
1178.203182
1178.207694
1178.215151
1178.226078
1178.238
1178.251075
1178.263347
1178.273815
1178.283673
1178.293724
1178.304007
1178.31412
1178.322417
1178.328595
1178.332822
1178.334647
1178.332256
1178.323539
1178.309015
1178.289715
1178.268011
1178.246752
1178.226746
1178.209525
1178.196517
1178.187579
1178.185173
1178.188627
1178.194664
1178.200883
1178.210003
1178.223789
1178.238361
1178.252491
1178.264044
1178.271659
1178.279597
1178.290262
1178.301986
1178.313293
1178.322078
1178.330324
1178.337413
1178.339552
1178.334164
1178.319615
1178.299752
1178.274798
1178.249932
1178.228411
1178.208904
1178.193664
1178.184294
1178.181987
1178.184808
1178.185855
1178.18452
1178.182451
1178.180236
1178.177866
1178.175688
1178.174181
1178.179139
1178.191564
1178.210503
1178.232327
1178.26094
1178.289384
1178.315355
1178.33189
1178.338479
1178.334512
1178.316028
1178.288903
1178.252535
1178.20856
1178.154356
1178.098479
1178.025016
1177.941733
1177.823241
1177.681893
1177.479377
1177.234034
1176.887275
1176.469811
1175.891545
1175.223782
1174.312064
1173.279323
1171.838605
1170.18452
1167.854986
1165.172037
1161.452711
1157.208991
1151.495906
1145.056277
1136.764757
1127.594488
1116.656945
1104.905065
1092.522506
1080.408597
1069.646489
1060.327165
1053.184728
1047.323507
1043.297876
1040.150049
1038.059987
1036.490487
1035.455502
1034.69499
1034.19381
1033.830126
1033.590799
1033.417725
1033.304355
1033.222147
1033.168622
1033.12965
1033.104371
1033.08596
1033.073979
1033.065324
1033.05962
1033.055569
1033.052844
1033.050952
1033.049651
1033.048765
1033.048146
1033.04773
1033.047436
1033.04724
1033.047101
1033.047009
1033.046943
1033.046899
1033.046868
1033.046847
1033.046832
1033.046823
1033.046816
1033.046811
1033.046808
1033.046806
1033.046804
1033.046803
1033.046802
1033.046802
1033.046802
1033.046801
1033.046801
1033.046801
1033.046801
1033.046801
1033.046801
1033.046801
1033.046801
1033.046801
1033.046801
1033.046801
1033.046801
1033.046801
1033.046801
1033.046801
1033.046801
1033.046801
1033.046801
1033.046801
1033.046801
1033.046801
1033.046801
1033.046801
1033.046801
1033.046801
1033.046801
1033.046801
1033.046801
1033.046801
1033.046801
1033.046801
1033.046801
1033.046801
1033.046801
1033.046801
1033.046801
1033.046801
1033.046801
1033.046801
1033.046801
1033.046801
1033.046801
1033.046801
1033.046801
1033.046801
1033.046801
1033.046801
1033.046801
1033.046801
1033.046801
1033.046801
1033.046801
1033.046801
1033.046801
1033.046801
1033.046801
1033.046801
1033.046801
1033.046801
1033.046801
1033.046801
1033.046801
1033.046801
1033.046801
1033.046801
1033.046801
1033.046801
1033.046801
1033.046801
1033.046801
1033.046801
1033.046801
1033.046801
1033.046801
1033.046801
1033.046801
1033.046801
1033.046801
1033.046801
1033.046801
1033.046801
1033.046801
1033.046801
1033.046801
1033.046801
1033.046801
1033.046801
1033.046801
1033.046801
1033.046801
1033.046801
1033.046801
1033.046801
1033.046801
1033.046801
1033.046801
1033.046801
1033.046801
1033.046801
1033.046801
1033.046801
1033.046801
1033.046801
1033.046801
1033.046801
1033.046801
1033.046801
1033.046801
1033.046801
1033.046801
1033.046801
1033.046801
1033.046801
1033.046801
1033.046801
1033.046801
1033.046801
1033.046801
1033.046801
1033.046801
1033.046801
1033.046801
1033.046801
1033.046801
1033.046801
1033.046801
1033.046801
1033.046801
1033.046801
1033.046801
1033.046801
1033.046801
1033.046801
1033.046801
1033.046801
1033.046801
1033.046801
1033.046801
1033.046801
1033.046801
1033.046801
1033.046801
1033.046801
1033.046801
1033.046801
1033.046801
1033.046801
1033.046801
1033.046801
1033.046801
1033.046801
1033.046801
1033.046801
1033.046801
1033.046801
1033.046801
1033.046801
1033.046801
1033.046801
1033.046801
1033.046801
1033.046801
1033.046801
1033.046801
1033.046801
1033.046801
1033.046801
1033.046801
1033.046801
1033.046801
1033.046801
1033.046801
1033.046801
1033.046801
1033.046801
1033.046801
1033.046801
1033.046801
1033.046801
1033.046801
1033.046801
1033.046801
1033.046801
1033.046801
1033.046801
1033.046801
1033.046801
1033.046801
1033.046801
1033.046801
1033.046801
1033.046801
1033.046801
1033.046801
1033.046801
1033.046801
1033.046801
1033.046801
1033.046801
1033.046801
1033.046801
1033.046801
1033.046801
1033.046801
1033.046801
1033.046801
1033.046801
1033.046801
1033.046801
1033.046801
1033.046801
1033.046801
1033.046801
1033.046801
1033.046801
1033.046801
1033.046801
1033.046801
1033.046801
1033.046801
1033.046801
1033.046801
1033.046801
1033.046801
1033.046801
1033.046801
1033.046801
1033.046801
1033.046801
1033.046801
1033.046801
1033.046801
1033.046801
1033.046801
1033.046801
1033.046801
1033.046801
1033.046801
1033.046801
1033.046801
1033.046801
1033.046801
1033.046801
1033.046801
1033.046801
1033.046801
1033.046801
1033.046801
1033.046801
1033.046801
1033.046801
1033.046801
1033.046801
1033.046801
1033.046801
1033.046801
1033.046801
1033.046801
1033.046801
1033.046801
1033.046801
1033.046801
1033.046801
1033.046801
1033.046801
1033.046801
1033.046801
1033.046801
1033.046801
1033.046801
1033.046801
1033.046801
1033.046801
1033.046801
1033.046801
1033.046801
1033.046801
1033.046801
1033.046801
1033.046801
1033.046801
1033.046801
1033.046801
1033.046801
1033.046801
1033.046801
1033.046801
1033.046801
1033.046801
1033.046801
1033.046801
1033.046801
1033.046801
1033.046801
1033.046801
1033.046801
1033.046801
1033.046801
1033.046801
1033.046801
1033.046801
1033.046801
1033.046801
1033.046801
1033.046801
1033.046801
1033.046801
1033.046801
1033.046801
1033.046801
1033.046801
1033.046801
1033.046801
1033.046801
1033.046801
1033.046801
1033.046801
1033.046801
1033.046801
1033.046801
1033.046801
1033.046801
1033.046801
1033.046801
1033.046801
1033.046801
1033.046801
1033.046801
1033.046801
1033.046801
1033.046801
1033.046801
1033.046801
1033.046801
1033.046801
1033.046801
1033.046801
1033.046801
1033.046801
1033.046801
1033.046801
1033.046801
1033.046801
1033.046801
1033.046801
1033.046801
1033.046801
1033.046801
1033.046801
1033.046801
1033.046801
1033.046801
1033.046801
1033.046801
1033.046801
1033.046801
1033.046801
1033.046801
1033.046801
1033.046801
1033.046801
1033.046801
1033.046801
1033.046801
1033.046801
1033.046801
1033.046801
1033.046801
1033.046801
1033.046801
1033.046801
1033.046801
1033.046801
1033.046801
1033.046801
1033.046801
1033.046801
1033.046801
1033.046801
1033.046801
1033.046801
1033.046801
1033.046801
1033.046801
1033.046801
1033.046801
1033.046801
1033.046801
1033.046801
1033.046801
1033.046801
1033.046801
1033.046801
1033.046801
1033.046801
1033.046801
1033.046801
1033.046801
1033.046801
1033.046801
1033.046801
1033.046801
1033.046801
1033.046801
1033.046801
1033.046801
1033.046801
1033.046801
1033.046801
1033.046801
1033.046801
1033.046801
1033.046801
1033.046801
1033.046801
1033.046801
1033.046801
1033.046801
1033.046801
1033.046801
1033.046801
1033.046801
1033.046801
1033.046801
1033.046801
1033.046801
1033.046801
1033.046801
1033.046801
1033.046801
1033.046801
1033.046801
1033.046801
1033.046801
1033.046801
1033.046801
1033.046801
1033.046801
1033.046801
1033.046801
1033.046801
1033.046801
1033.046801
1033.046801
1033.046801
1033.046801
1033.046801
1033.046801
1033.046801
1033.046801
1033.046801
1033.046801
1033.046801
1033.046801
1033.046801
1033.046801
1033.046801
1033.046801
1033.046801
1033.046801
1033.046801
1033.046801
1033.046801
1033.046801
1033.046801
1033.046801
1033.046801
1033.046801
1033.046801
1033.046801
1033.046801
1033.046801
1033.046801
1033.046801
1033.046801
1033.046801
1033.046801
1033.046801
1033.046801
1033.046801
1033.046801
1033.046801
1033.046801
1033.046801
1033.046801
1033.046801
1033.046801
1033.046801
1033.046801
1033.046801
1033.046801
1033.046801
1033.046801
1033.046801
1033.046801
1033.046801
1033.046801
1033.046801
1033.046801
1033.046801
1033.046801
1033.046801
1033.046801
1033.046801
1033.046801
1033.046801
1033.046801
1033.046801
1033.046801
1033.046801
1033.046801
1033.046801
1033.046801
1033.046801
1033.046801
1033.046801
1033.046801
1033.046801
1033.046801
1033.046801
1033.046801
1033.046801
1033.046801
1033.046801
1033.046801
1033.046801
1033.046801
1033.046801
1033.046801
1033.046801
1033.046801
1033.046801
1033.046801
1033.046801
1033.046801
1033.046801
1033.046801
1033.046801
1033.046801
1033.046801
1033.046801
1033.046801
1033.046801
1033.046801
1033.046801
1033.046801
1033.046801
1033.046801
1033.046801
1033.046801
1033.046801
1033.046801
1033.046801
1033.046801
1033.046801
1033.046801
1033.046801
1033.046801
1033.046801
1033.046801
1033.046801
1033.046801
1033.046801
1033.046801
1033.046801
1033.046801
1033.046801
1033.046801
1033.046801
1033.046801
1033.046801
1033.046801
1033.046801
1033.046801
1033.046801
1033.046801
1033.046801
1033.046801
1033.046801
1033.046801
1033.046801
1033.046801
1033.046801
1033.046801
1033.046801
1033.046801
1033.046801
1033.046801
1033.046801
1033.046801
1033.046801
1033.046801
1033.046801
1033.046801
1033.046801
1033.046801
1033.046801
1033.046801
1033.046801
1033.046801
1033.046801
1033.046801
1033.046801
1033.046801
1033.046801
1033.046801
1033.046801
1033.046801
1033.046801
1033.046801
1033.046801
1033.046801
1033.046801
1033.046801
1033.046801
1033.046801
1033.046801
1033.046801
1033.046801
1033.046801
1033.046801
1033.046801
1033.046801
1033.046801
1033.046801
1033.046801
1033.046801
1033.046801
1033.046801
1033.046801
1033.046801
1033.046801
1033.046801
1033.046801
1033.046801
1033.046801
1033.046801
1033.046801
1033.046801
1033.046801
1033.046801
1033.046801
1033.046801
1033.046801
1033.046801
1033.046801
1033.046801
1033.046801
1033.046801
1033.046801
1033.046801
1033.046801
1033.046801
1033.046801
1033.046801
1033.046801
1033.046801
1033.046801
1033.046801
1033.046801
1033.046801
1033.046801
1033.046801
1033.046801
1033.046801
1033.046801
1033.046801
1033.046801
1033.046801
1033.046801
1033.046801
1033.046801
1033.046801
1033.046801
1033.046801
1033.046801
1033.046801
1033.046801
1033.046801
1033.046801
1033.046801
1033.046801
1033.046801
1033.046801
1033.046801
1033.046801
)
;

boundaryField
{
    sides
    {
        type            calculated;
        value           nonuniform List<scalar> 2(1033.046801 11307.22232);
    }
    empty1
    {
        type            empty;
    }
    empty2
    {
        type            empty;
    }
}


// ************************************************************************* //
