/*--------------------------------*- C++ -*----------------------------------*\
| =========                 |                                                 |
| \\      /  F ield         | OpenFOAM: The Open Source CFD Toolbox           |
|  \\    /   O peration     | Version:  2012                                  |
|   \\  /    A nd           | Website:  www.openfoam.com                      |
|    \\/     M anipulation  |                                                 |
\*---------------------------------------------------------------------------*/
FoamFile
{
    version     2.0;
    format      ascii;
    class       volScalarField;
    location    "0.43";
    object      rho2;
}
// * * * * * * * * * * * * * * * * * * * * * * * * * * * * * * * * * * * * * //

dimensions      [1 -3 0 0 0 0 0];


internalField   nonuniform List<scalar> 
2268
(
1.30334
1.30335
1.30334
1.30335
1.30336
1.30337
1.30338
1.30342
1.30347
1.30351
1.30361
1.30368
1.30382
1.30395
1.30412
1.3043
1.30451
1.30472
1.30494
1.30514
1.30535
1.30549
1.30558
1.30259
1.30259
1.30259
1.30259
1.3026
1.30262
1.30263
1.30267
1.30271
1.30275
1.30285
1.30292
1.30307
1.30319
1.30337
1.30355
1.30376
1.30396
1.30419
1.30438
1.30457
1.3047
1.30478
1.30182
1.30182
1.30182
1.30183
1.30183
1.30185
1.30186
1.3019
1.30194
1.30199
1.30208
1.30215
1.3023
1.30242
1.3026
1.30278
1.30299
1.3032
1.30342
1.30362
1.30382
1.30397
1.30404
1.30105
1.30105
1.30105
1.30105
1.30106
1.30108
1.30109
1.30113
1.30117
1.30122
1.30132
1.30139
1.30154
1.30167
1.30186
1.30203
1.30224
1.30245
1.30266
1.30285
1.30301
1.30313
1.30312
1.30026
1.30027
1.30027
1.30027
1.30028
1.30029
1.30031
1.30034
1.30039
1.30044
1.30053
1.3006
1.30075
1.30087
1.30106
1.30124
1.30145
1.30166
1.30188
1.30205
1.30222
1.3023
1.30237
1.29948
1.29948
1.29948
1.29949
1.29949
1.29951
1.29952
1.29956
1.2996
1.29966
1.29976
1.29983
1.29999
1.30012
1.30031
1.3005
1.30071
1.30092
1.30111
1.30129
1.30141
1.30152
1.3014
1.29868
1.29868
1.29868
1.29869
1.29869
1.29871
1.29873
1.29876
1.2988
1.29886
1.29895
1.29902
1.29918
1.2993
1.2995
1.29969
1.29991
1.30011
1.30032
1.30044
1.30054
1.30045
1.30035
1.29789
1.29789
1.29789
1.29789
1.2979
1.29791
1.29793
1.29796
1.29801
1.29806
1.29816
1.29824
1.2984
1.29854
1.29875
1.29894
1.29916
1.29937
1.29955
1.29971
1.29976
1.29981
1.29953
1.29264
1.29264
1.29264
1.29263
1.29263
1.29263
1.29263
1.29263
1.29263
1.29262
1.29263
1.29263
1.29268
1.2928
1.2929
1.29296
1.29306
1.29316
1.29327
1.29264
1.29264
1.29264
1.29263
1.29263
1.29263
1.29263
1.29262
1.29263
1.29262
1.29263
1.29263
1.29271
1.29286
1.29296
1.29299
1.29304
1.29326
1.29348
1.29264
1.29263
1.29264
1.29263
1.29263
1.29263
1.29263
1.29262
1.29263
1.29262
1.29263
1.29264
1.29275
1.29287
1.2929
1.29278
1.2927
1.29315
1.29369
1.29264
1.29263
1.29263
1.29263
1.29263
1.29263
1.29263
1.29262
1.29263
1.29262
1.29263
1.29264
1.29276
1.29284
1.2928
1.2925
1.29242
1.29323
1.29456
1.29264
1.29263
1.29263
1.29263
1.29263
1.29263
1.29263
1.29262
1.29263
1.29262
1.29263
1.29264
1.29275
1.29281
1.29271
1.29233
1.29227
1.29337
1.29518
1.29264
1.29263
1.29264
1.29263
1.29263
1.29263
1.29263
1.29262
1.29263
1.29262
1.29262
1.29263
1.29272
1.29278
1.29268
1.29228
1.29221
1.29331
1.29466
1.29264
1.29266
1.29267
1.29263
1.29263
1.29262
1.29263
1.29262
1.29262
1.29261
1.29262
1.29262
1.29269
1.29275
1.29269
1.29232
1.29218
1.29318
1.29273
1.2927
1.29328
1.29284
1.29263
1.29263
1.29262
1.29263
1.29262
1.29262
1.29261
1.29262
1.29261
1.29266
1.29272
1.29271
1.29243
1.29216
1.29343
1.2925
1.29663
1.29662
1.29663
1.29663
1.29664
1.29665
1.29667
1.2967
1.29674
1.2968
1.29687
1.29696
1.29711
1.29724
1.29746
1.29764
1.2979
1.29809
1.29831
1.29829
1.29832
1.29749
1.29662
1.29493
1.29493
1.29493
1.29493
1.29493
1.29494
1.29496
1.29498
1.29502
1.29508
1.29517
1.29528
1.29545
1.2956
1.29584
1.29605
1.29632
1.29656
1.29683
1.29699
1.29704
1.29689
1.29641
1.29366
1.29365
1.29365
1.29365
1.29366
1.29366
1.29367
1.29367
1.29369
1.29371
1.29374
1.29378
1.29386
1.29397
1.29413
1.29433
1.29459
1.29487
1.29517
1.29529
1.29535
1.29504
1.29473
1.29332
1.29332
1.29332
1.29332
1.29332
1.29333
1.29333
1.29333
1.29334
1.29334
1.29333
1.29331
1.29332
1.29334
1.29338
1.29343
1.29353
1.29373
1.29403
1.29433
1.29438
1.29453
1.29429
1.29323
1.29323
1.29323
1.29323
1.29323
1.29323
1.29323
1.29324
1.29324
1.29324
1.29324
1.29324
1.29324
1.29325
1.29327
1.29328
1.29329
1.29331
1.29335
1.29344
1.29358
1.29365
1.2936
1.2932
1.2932
1.2932
1.2932
1.2932
1.2932
1.2932
1.2932
1.2932
1.2932
1.2932
1.29319
1.29319
1.29319
1.29319
1.2932
1.2932
1.29321
1.29322
1.29324
1.29327
1.29335
1.29349
1.29319
1.29319
1.29319
1.29319
1.29319
1.29319
1.29319
1.29319
1.29319
1.29319
1.29319
1.29319
1.29319
1.29318
1.29318
1.29318
1.29318
1.29318
1.29318
1.29319
1.29321
1.29322
1.29324
1.29318
1.29318
1.29318
1.29318
1.29318
1.29318
1.29318
1.29318
1.29318
1.29318
1.29318
1.29318
1.29318
1.29318
1.29318
1.29318
1.29318
1.29318
1.29318
1.29318
1.29318
1.29319
1.2932
1.29318
1.29318
1.29318
1.29318
1.29318
1.29318
1.29318
1.29318
1.29318
1.29318
1.29318
1.29318
1.29318
1.29318
1.29318
1.29318
1.29318
1.29318
1.29318
1.29318
1.29318
1.29318
1.29318
1.29318
1.29318
1.29318
1.29318
1.29318
1.29318
1.29318
1.29318
1.29318
1.29318
1.29318
1.29318
1.29318
1.29318
1.29318
1.29318
1.29318
1.29318
1.29318
1.29318
1.29317
1.29317
1.29317
1.29318
1.29318
1.29318
1.29318
1.29318
1.29318
1.29318
1.29318
1.29318
1.29318
1.29318
1.29318
1.29318
1.29318
1.29318
1.29318
1.29318
1.29318
1.29318
1.29317
1.29317
1.29317
1.29317
1.29318
1.29318
1.29318
1.29318
1.29318
1.29318
1.29318
1.29318
1.29318
1.29318
1.29318
1.29318
1.29318
1.29318
1.29318
1.29318
1.29318
1.29317
1.29317
1.29317
1.29317
1.29317
1.29317
1.29318
1.29318
1.29318
1.29318
1.29318
1.29318
1.29318
1.29318
1.29318
1.29318
1.29318
1.29318
1.29318
1.29317
1.29317
1.29317
1.29317
1.29317
1.29317
1.29317
1.29317
1.29317
1.29317
1.29317
1.29317
1.29317
1.29317
1.29317
1.29317
1.29317
1.29317
1.29317
1.29317
1.29317
1.29317
1.29317
1.29317
1.29317
1.29317
1.29317
1.29317
1.29317
1.29317
1.29317
1.29317
1.29317
1.29317
1.29317
1.29317
1.29317
1.29317
1.29317
1.29317
1.29317
1.29317
1.29317
1.29317
1.29317
1.29317
1.29317
1.29317
1.29317
1.29317
1.29317
1.29317
1.29317
1.29317
1.29317
1.29317
1.29317
1.29317
1.29317
1.29317
1.29317
1.29317
1.29317
1.29317
1.29317
1.29317
1.29317
1.29317
1.29317
1.29317
1.29317
1.29317
1.29317
1.29317
1.29317
1.29317
1.29317
1.29317
1.29317
1.29317
1.29317
1.29317
1.29317
1.29317
1.29317
1.29317
1.29317
1.29317
1.29317
1.29317
1.29317
1.29317
1.29317
1.29317
1.29317
1.29317
1.29317
1.29317
1.29317
1.29317
1.29317
1.29317
1.29317
1.29317
1.29317
1.29317
1.29317
1.29317
1.29317
1.29317
1.29317
1.29317
1.29317
1.29317
1.29317
1.29317
1.29317
1.29317
1.29317
1.29317
1.29317
1.29316
1.29316
1.29316
1.29316
1.29316
1.29316
1.29316
1.29316
1.29316
1.29316
1.29316
1.29316
1.29316
1.29316
1.29316
1.29316
1.29316
1.29316
1.29316
1.29316
1.29316
1.29316
1.29316
1.29316
1.29316
1.29316
1.29316
1.29316
1.29316
1.29316
1.29316
1.29316
1.29316
1.29316
1.29316
1.29316
1.29316
1.29316
1.29316
1.29316
1.29316
1.29316
1.29316
1.29316
1.29316
1.29316
1.29316
1.29316
1.29316
1.29316
1.29316
1.29316
1.29316
1.29316
1.29316
1.29316
1.29316
1.29316
1.29316
1.29316
1.29316
1.29316
1.29316
1.29316
1.29316
1.29316
1.29316
1.29316
1.29316
1.29316
1.29316
1.29316
1.29316
1.29316
1.29316
1.29316
1.29316
1.29316
1.29316
1.29316
1.29316
1.29316
1.29316
1.29316
1.29316
1.29316
1.29316
1.29316
1.29316
1.29316
1.29316
1.29316
1.29316
1.29316
1.29316
1.29316
1.29315
1.29315
1.29315
1.29315
1.29315
1.29315
1.29315
1.29315
1.29315
1.29315
1.29315
1.29315
1.29315
1.29315
1.29315
1.29315
1.29316
1.29316
1.29316
1.29316
1.29315
1.29315
1.29315
1.29314
1.29314
1.29314
1.29314
1.29314
1.29314
1.29315
1.29315
1.29315
1.29315
1.29315
1.29315
1.29315
1.29315
1.29315
1.29315
1.29315
1.29315
1.29315
1.29315
1.29315
1.29315
1.29315
1.29313
1.29313
1.29313
1.29313
1.29313
1.29313
1.29314
1.29314
1.29314
1.29314
1.29314
1.29314
1.29314
1.29314
1.29315
1.29315
1.29315
1.29315
1.29315
1.29315
1.29315
1.29315
1.29315
1.29312
1.29312
1.29312
1.29312
1.29312
1.29312
1.29312
1.29312
1.29313
1.29313
1.29313
1.29313
1.29313
1.29314
1.29314
1.29314
1.29314
1.29314
1.29314
1.29315
1.29315
1.29315
1.29315
1.2931
1.2931
1.2931
1.2931
1.2931
1.29311
1.29311
1.29311
1.29311
1.29311
1.29311
1.29312
1.29312
1.29312
1.29313
1.29313
1.29313
1.29313
1.29314
1.29314
1.29314
1.29314
1.29314
1.29309
1.29309
1.29309
1.29309
1.29309
1.29309
1.29309
1.29309
1.29309
1.2931
1.2931
1.2931
1.2931
1.29311
1.29311
1.29311
1.29312
1.29312
1.29313
1.29313
1.29314
1.29314
1.29314
1.29308
1.29308
1.29308
1.29308
1.29308
1.29308
1.29308
1.29308
1.29308
1.29308
1.29308
1.29309
1.29309
1.29309
1.29309
1.2931
1.2931
1.29311
1.29312
1.29312
1.29313
1.29314
1.29314
1.29307
1.29307
1.29307
1.29307
1.29307
1.29307
1.29307
1.29307
1.29307
1.29307
1.29307
1.29308
1.29308
1.29308
1.29308
1.29309
1.29309
1.29309
1.2931
1.29311
1.29312
1.29313
1.29314
1.29306
1.29306
1.29306
1.29306
1.29306
1.29306
1.29306
1.29306
1.29306
1.29307
1.29307
1.29307
1.29307
1.29307
1.29307
1.29308
1.29308
1.29308
1.29309
1.2931
1.29311
1.29312
1.29313
1.29306
1.29306
1.29306
1.29306
1.29306
1.29306
1.29306
1.29306
1.29306
1.29306
1.29306
1.29306
1.29306
1.29306
1.29307
1.29307
1.29307
1.29308
1.29308
1.29309
1.2931
1.29312
1.29313
1.29306
1.29306
1.29306
1.29306
1.29306
1.29306
1.29306
1.29306
1.29306
1.29306
1.29306
1.29306
1.29306
1.29306
1.29306
1.29306
1.29307
1.29307
1.29307
1.29308
1.29309
1.29311
1.29312
1.29305
1.29305
1.29305
1.29305
1.29305
1.29305
1.29305
1.29305
1.29305
1.29305
1.29305
1.29305
1.29306
1.29306
1.29306
1.29306
1.29306
1.29307
1.29307
1.29308
1.29309
1.2931
1.29312
1.29305
1.29305
1.29305
1.29305
1.29305
1.29305
1.29305
1.29305
1.29305
1.29305
1.29305
1.29305
1.29305
1.29305
1.29306
1.29306
1.29306
1.29306
1.29307
1.29307
1.29308
1.29309
1.29311
1.29305
1.29305
1.29305
1.29305
1.29305
1.29305
1.29305
1.29305
1.29305
1.29305
1.29305
1.29305
1.29305
1.29306
1.29306
1.29306
1.29306
1.29306
1.29307
1.29307
1.29308
1.29309
1.29311
1.29306
1.29306
1.29306
1.29306
1.29306
1.29306
1.29306
1.29306
1.29306
1.29306
1.29306
1.29306
1.29306
1.29306
1.29306
1.29306
1.29306
1.29307
1.29307
1.29307
1.29308
1.29309
1.2931
1.29307
1.29307
1.29307
1.29307
1.29307
1.29306
1.29306
1.29306
1.29306
1.29306
1.29306
1.29307
1.29307
1.29307
1.29307
1.29307
1.29307
1.29307
1.29308
1.29308
1.29308
1.29309
1.2931
1.29307
1.29307
1.29307
1.29307
1.29307
1.29307
1.29307
1.29307
1.29307
1.29307
1.29307
1.29307
1.29307
1.29307
1.29307
1.29307
1.29307
1.29308
1.29308
1.29309
1.29309
1.2931
1.2931
1.29307
1.29307
1.29307
1.29307
1.29307
1.29307
1.29307
1.29307
1.29307
1.29307
1.29307
1.29307
1.29307
1.29307
1.29308
1.29308
1.29308
1.29308
1.29309
1.29309
1.2931
1.29311
1.29312
1.29308
1.29308
1.29308
1.29308
1.29308
1.29308
1.29308
1.29308
1.29307
1.29307
1.29307
1.29307
1.29308
1.29308
1.29308
1.29308
1.29308
1.29308
1.29309
1.29309
1.2931
1.29311
1.29312
1.29308
1.29308
1.29308
1.29308
1.29308
1.29308
1.29308
1.29308
1.29308
1.29308
1.29308
1.29308
1.29308
1.29308
1.29308
1.29308
1.29308
1.29309
1.29309
1.2931
1.29311
1.29312
1.29313
1.29326
1.29456
1.29356
1.29467
1.29542
1.29481
1.29343
1.2928
1.29385
1.29381
1.29341
1.29327
1.29396
1.29375
1.29354
1.29327
1.29341
1.29335
1.29322
1.29314
1.2936
1.29364
1.29363
1.2936
1.29326
1.29328
1.29331
1.29336
1.29322
1.29323
1.29323
1.29324
1.29318
1.29319
1.2932
1.2932
1.29317
1.29318
1.29318
1.29318
1.29317
1.29317
1.29317
1.29317
1.29317
1.29317
1.29317
1.29317
1.29317
1.29317
1.29317
1.29317
1.29317
1.29317
1.29317
1.29317
1.29317
1.29317
1.29317
1.29317
1.29317
1.29317
1.29317
1.29317
1.29317
1.29317
1.29317
1.29317
1.29316
1.29316
1.29316
1.29316
1.29316
1.29316
1.29316
1.29316
1.29316
1.29316
1.29316
1.29316
1.29316
1.29316
1.29316
1.29316
1.29316
1.29316
1.29316
1.29315
1.29315
1.29315
1.29315
1.29315
1.29315
1.29315
1.29315
1.29315
1.29315
1.29315
1.29315
1.29315
1.29315
1.29315
1.29314
1.29314
1.29314
1.29314
1.29314
1.29314
1.29314
1.29314
1.29314
1.29314
1.29314
1.29314
1.29314
1.29314
1.29314
1.29314
1.29314
1.29314
1.29314
1.29314
1.29314
1.29313
1.29313
1.29314
1.29314
1.29313
1.29313
1.29313
1.29313
1.29313
1.29313
1.29313
1.29314
1.29313
1.29313
1.29313
1.29313
1.29313
1.29312
1.29313
1.29313
1.29314
1.29312
1.29313
1.29313
1.29313
1.29312
1.29313
1.29313
1.29314
1.29312
1.29313
1.29313
1.29314
1.29312
1.29313
1.29314
1.29314
1.29313
1.29314
1.29314
1.29314
1.29315
1.29316
1.29316
1.29317
1.29788
1.29479
1.29165
1.29238
1.29263
1.29262
1.29263
1.29262
1.29262
1.29261
1.29262
1.2926
1.2926
1.29263
1.29264
1.29245
1.29222
1.29352
1.29265
1.29283
1.29271
1.29222
1.2905
1.29252
1.29262
1.29263
1.29262
1.29262
1.29261
1.29262
1.2926
1.29259
1.29254
1.29248
1.29226
1.29231
1.29351
1.29267
1.29299
1.29277
1.29181
1.29214
1.29288
1.29274
1.29254
1.29261
1.29263
1.29262
1.29262
1.2926
1.29259
1.29253
1.29247
1.29225
1.29243
1.29346
1.29228
1.29301
1.29259
1.29201
1.29191
1.29426
1.29291
1.29214
1.29223
1.29245
1.29264
1.29261
1.29261
1.29261
1.29257
1.29254
1.29241
1.29261
1.29353
1.29207
1.29297
1.29283
1.29241
1.29191
1.29163
1.29541
1.29245
1.29038
1.29053
1.29158
1.29283
1.29296
1.29277
1.29248
1.29241
1.29239
1.2928
1.2936
1.29206
1.29338
1.29311
1.29265
1.29249
1.29211
1.29164
1.29033
1.2881
1.28799
1.28886
1.2915
1.29384
1.29552
1.29462
1.29274
1.29241
1.29363
1.29185
1.2929
1.29345
1.29347
1.29337
1.29291
1.29268
1.29204
1.29132
1.29012
1.28975
1.29002
1.29093
1.29176
1.2921
1.29144
1.29047
1.29073
1.29178
1.29256
1.29636
1.29325
1.29329
1.29338
1.29345
1.29343
1.29315
1.29281
1.29217
1.29185
1.29181
1.29192
1.29204
1.29206
1.29188
1.29196
1.29239
1.29312
1.29668
1.30199
1.29322
1.29324
1.29324
1.29323
1.29327
1.29328
1.29339
1.29342
1.2934
1.2934
1.29342
1.29345
1.29349
1.29361
1.29385
1.29469
1.29723
1.29973
1.30303
1.29319
1.29321
1.29322
1.29322
1.29321
1.2932
1.29319
1.29317
1.29316
1.29315
1.29317
1.29319
1.29329
1.29345
1.29422
1.29488
1.29702
1.29931
1.30182
1.29317
1.29318
1.29319
1.29319
1.2932
1.29319
1.29319
1.29318
1.29318
1.29317
1.29317
1.29315
1.29318
1.29319
1.29331
1.29416
1.29683
1.29827
1.29972
1.29317
1.29317
1.29317
1.29318
1.29318
1.29318
1.29319
1.29318
1.29318
1.29318
1.29318
1.29318
1.2932
1.29322
1.29333
1.29348
1.29516
1.29648
1.29711
1.29317
1.29317
1.29317
1.29317
1.29317
1.29317
1.29318
1.29318
1.29319
1.29319
1.2932
1.29318
1.29322
1.2932
1.29324
1.29339
1.2952
1.29576
1.29609
1.29317
1.29317
1.29317
1.29317
1.29317
1.29317
1.29318
1.29318
1.29318
1.29318
1.29318
1.29317
1.2932
1.29318
1.29335
1.29365
1.29531
1.29484
1.29497
1.29317
1.29317
1.29317
1.29317
1.29317
1.29317
1.29317
1.29317
1.29318
1.29318
1.29319
1.29317
1.2932
1.29319
1.29332
1.29392
1.29478
1.29446
1.29405
1.29317
1.29317
1.29317
1.29317
1.29317
1.29317
1.29317
1.29317
1.29317
1.29317
1.29317
1.29316
1.29315
1.29321
1.29352
1.2938
1.29444
1.29342
1.29341
1.29317
1.29317
1.29317
1.29317
1.29317
1.29317
1.29317
1.29317
1.29317
1.29317
1.29316
1.29315
1.29311
1.29317
1.29351
1.29347
1.29377
1.29287
1.29256
1.29316
1.29316
1.29317
1.29317
1.29317
1.29317
1.29317
1.29317
1.29317
1.29316
1.29315
1.29314
1.29311
1.29315
1.29319
1.29318
1.29333
1.29279
1.292
1.29316
1.29316
1.29316
1.29316
1.29316
1.29316
1.29316
1.29316
1.29316
1.29316
1.29315
1.29314
1.29313
1.29313
1.29314
1.29314
1.2932
1.29262
1.29171
1.29316
1.29316
1.29316
1.29316
1.29316
1.29316
1.29315
1.29315
1.29315
1.29315
1.29315
1.29314
1.29314
1.29314
1.29314
1.29318
1.29319
1.29249
1.29177
1.29316
1.29316
1.29316
1.29315
1.29315
1.29315
1.29314
1.29314
1.29314
1.29314
1.29314
1.29314
1.29314
1.29315
1.29315
1.29316
1.29317
1.29284
1.29181
1.29315
1.29315
1.29315
1.29315
1.29315
1.29314
1.29313
1.29313
1.29313
1.29313
1.29313
1.29314
1.29314
1.29315
1.29315
1.29316
1.29318
1.29317
1.2923
1.29315
1.29315
1.29315
1.29314
1.29314
1.29313
1.29313
1.29312
1.29312
1.29312
1.29312
1.29313
1.29314
1.29315
1.29316
1.29317
1.29318
1.29322
1.29282
1.29315
1.29315
1.29314
1.29314
1.29313
1.29312
1.29312
1.29312
1.29311
1.29311
1.29311
1.29312
1.29314
1.29315
1.29316
1.29317
1.29319
1.29321
1.29287
1.29314
1.29314
1.29314
1.29313
1.29312
1.29311
1.29311
1.29311
1.29311
1.2931
1.2931
1.29311
1.29313
1.29314
1.29316
1.29316
1.29319
1.29318
1.2929
1.29314
1.29314
1.29313
1.29313
1.29312
1.29311
1.29311
1.2931
1.2931
1.29309
1.29309
1.2931
1.29313
1.29314
1.29316
1.29316
1.2932
1.29318
1.29293
1.29314
1.29314
1.29313
1.29312
1.29311
1.2931
1.29309
1.29308
1.29308
1.29307
1.29308
1.29309
1.29312
1.29313
1.29316
1.29316
1.29321
1.29318
1.29294
1.29314
1.29313
1.29313
1.29311
1.2931
1.29309
1.29308
1.29306
1.29305
1.29304
1.29306
1.29308
1.29312
1.29313
1.29316
1.29316
1.2932
1.29315
1.29292
1.29313
1.29313
1.29312
1.29311
1.29309
1.29308
1.29306
1.29302
1.29301
1.29301
1.29305
1.29307
1.29311
1.29313
1.29316
1.29316
1.29321
1.29314
1.29292
1.29313
1.29313
1.29312
1.2931
1.29309
1.29307
1.29303
1.293
1.29299
1.29301
1.29304
1.29307
1.29311
1.29313
1.29316
1.29316
1.29319
1.29315
1.29297
1.29313
1.29313
1.29312
1.2931
1.29308
1.29307
1.29303
1.293
1.293
1.29301
1.29305
1.29308
1.29311
1.29312
1.29316
1.29315
1.2932
1.29314
1.29308
1.29313
1.29313
1.29312
1.2931
1.29309
1.29307
1.29304
1.29302
1.29302
1.29303
1.29307
1.29309
1.29312
1.29312
1.29314
1.29316
1.29321
1.29303
1.29279
1.29313
1.29313
1.29312
1.2931
1.29309
1.29308
1.29306
1.29304
1.29305
1.29306
1.29309
1.2931
1.29312
1.29313
1.29317
1.29323
1.29315
1.29313
1.29456
1.29313
1.29313
1.29312
1.29311
1.2931
1.2931
1.29308
1.29307
1.29307
1.29308
1.2931
1.29311
1.29314
1.29315
1.2933
1.29333
1.2945
1.2951
1.29617
1.29313
1.29313
1.29312
1.29311
1.29311
1.29311
1.2931
1.29309
1.2931
1.29311
1.29312
1.29316
1.2932
1.2933
1.29346
1.29342
1.2946
1.29454
1.29861
1.29314
1.29313
1.29312
1.29311
1.29311
1.29312
1.29312
1.29311
1.29312
1.29313
1.29316
1.2932
1.29325
1.29333
1.29345
1.29334
1.29441
1.29631
1.29687
1.29313
1.29313
1.29312
1.2931
1.2931
1.29312
1.29313
1.29313
1.29314
1.29316
1.29318
1.29321
1.29319
1.29318
1.29318
1.29311
1.29314
1.29324
1.29352
1.29314
1.29314
1.29313
1.2931
1.29309
1.29312
1.29314
1.29314
1.29314
1.29316
1.29317
1.29317
1.29313
1.29307
1.29303
1.29297
1.29288
1.29283
1.29262
1.29314
1.29313
1.29313
1.2931
1.29309
1.2931
1.29313
1.29314
1.29315
1.29316
1.29317
1.29314
1.2931
1.29305
1.29305
1.29301
1.29296
1.29284
1.2925
1.29314
1.29314
1.29314
1.29312
1.2931
1.29309
1.29312
1.29314
1.29315
1.29315
1.29315
1.29311
1.29306
1.2928
1.29278
1.29292
1.29296
1.2929
1.29251
1.29314
1.29314
1.29314
1.29313
1.29311
1.2931
1.29312
1.29313
1.29314
1.29314
1.29311
1.29294
1.29267
1.29257
1.29253
1.29268
1.29291
1.29292
1.29256
1.29316
1.29315
1.29315
1.29315
1.29315
1.29313
1.29312
1.29313
1.29312
1.29309
1.29294
1.29271
1.2926
1.29255
1.29251
1.29257
1.29281
1.29291
1.29263
)
;

boundaryField
{
    leftWall
    {
        type            calculated;
        value           nonuniform List<scalar> 
50
(
1.30334
1.30259
1.30182
1.30105
1.30026
1.29948
1.29868
1.29789
1.29663
1.29493
1.29366
1.29332
1.29323
1.2932
1.29319
1.29318
1.29318
1.29318
1.29318
1.29318
1.29318
1.29317
1.29317
1.29317
1.29317
1.29317
1.29316
1.29316
1.29316
1.29316
1.29315
1.29314
1.29313
1.29312
1.2931
1.29309
1.29308
1.29307
1.29306
1.29306
1.29306
1.29305
1.29305
1.29305
1.29306
1.29307
1.29307
1.29307
1.29308
1.29308
)
;
    }
    rightWall
    {
        type            calculated;
        value           nonuniform List<scalar> 
50
(
1.29327
1.29348
1.29369
1.29456
1.29518
1.29466
1.29273
1.2925
1.29265
1.29267
1.29228
1.29207
1.29206
1.2929
1.29636
1.30199
1.30303
1.30182
1.29972
1.29711
1.29609
1.29497
1.29405
1.29341
1.29256
1.292
1.29171
1.29177
1.29181
1.2923
1.29282
1.29287
1.2929
1.29293
1.29294
1.29292
1.29292
1.29297
1.29308
1.29279
1.29456
1.29617
1.29861
1.29687
1.29352
1.29262
1.2925
1.29251
1.29256
1.29263
)
;
    }
    lowerWall
    {
        type            calculated;
        value           nonuniform List<scalar> 
62
(
1.30372
1.30372
1.30372
1.30373
1.30373
1.30375
1.30376
1.3038
1.30385
1.30388
1.30398
1.30405
1.3042
1.30432
1.3045
1.30467
1.30488
1.30509
1.30532
1.30552
1.30572
1.30587
1.30595
1.30558
1.30478
1.30404
1.30312
1.30237
1.3014
1.30035
1.29953
1.29406
1.29536
1.29436
1.29508
1.29264
1.29264
1.29264
1.29264
1.29264
1.29264
1.29264
1.2927
1.29264
1.29264
1.29264
1.29263
1.29264
1.29263
1.29263
1.29263
1.29263
1.29262
1.29263
1.29263
1.29268
1.2928
1.2929
1.29296
1.29307
1.29317
1.29327
)
;
    }
    atmosphere
    {
        type            calculated;
        value           nonuniform List<scalar> 
46
(
1.29317
1.29317
1.29317
1.29317
1.29317
1.29317
1.29317
1.29317
1.29317
1.29317
1.29317
1.29317
1.29317
1.29317
1.29317
1.29317
1.29318
1.29318
1.29318
1.29319
1.2932
1.29321
1.29323
1.29324
1.29325
1.29326
1.29326
1.29325
1.29324
1.29324
1.29324
1.29324
1.29323
1.29322
1.29323
1.29322
1.29319
1.29303
1.29281
1.29269
1.29264
1.29261
1.29267
1.29291
1.29301
1.29272
)
;
    }
    defaultFaces
    {
        type            empty;
    }
}


// ************************************************************************* //
