/*--------------------------------*- C++ -*----------------------------------*\
| =========                 |                                                 |
| \\      /  F ield         | OpenFOAM: The Open Source CFD Toolbox           |
|  \\    /   O peration     | Version:  2012                                  |
|   \\  /    A nd           | Website:  www.openfoam.com                      |
|    \\/     M anipulation  |                                                 |
\*---------------------------------------------------------------------------*/
FoamFile
{
    version     2.0;
    format      ascii;
    class       volVectorField;
    location    "0.23";
    object      U;
}
// * * * * * * * * * * * * * * * * * * * * * * * * * * * * * * * * * * * * * //

dimensions      [0 1 -1 0 0 0 0];


internalField   nonuniform List<vector> 
2268
(
(0.0248965 -0.0119449 0)
(0.0760084 -0.0119029 0)
(0.125482 -0.0120002 0)
(0.177341 -0.0121688 0)
(0.228142 -0.0120145 0)
(0.278585 -0.0122472 0)
(0.331155 -0.0123301 0)
(0.382101 -0.0123723 0)
(0.434661 -0.0121424 0)
(0.483299 -0.0121788 0)
(0.535318 -0.0116188 0)
(0.578673 -0.0115498 0)
(0.629652 -0.0105843 0)
(0.66265 -0.00815211 0)
(0.689249 -0.00760077 0)
(0.717674 -0.00546413 0)
(0.719216 -0.00174013 0)
(0.701961 0.000513799 0)
(0.659679 0.00439945 0)
(0.583744 0.00515829 0)
(0.466558 0.0111695 0)
(0.310381 0.0168402 0)
(0.104725 0.0485516 0)
(0.0247909 -0.0357427 0)
(0.0760109 -0.0356314 0)
(0.125478 -0.0358892 0)
(0.177267 -0.0363482 0)
(0.228095 -0.0358323 0)
(0.278561 -0.0364282 0)
(0.331095 -0.0366065 0)
(0.38213 -0.0365145 0)
(0.434818 -0.0357207 0)
(0.483617 -0.0353297 0)
(0.535415 -0.0335352 0)
(0.579606 -0.0328969 0)
(0.630969 -0.0292778 0)
(0.66269 -0.0197712 0)
(0.695279 -0.0186413 0)
(0.717188 -0.00841537 0)
(0.723737 0.00893742 0)
(0.70703 0.0279766 0)
(0.664407 0.051262 0)
(0.586994 0.0865246 0)
(0.463799 0.117924 0)
(0.302832 0.154497 0)
(0.0976063 0.147387 0)
(0.0246327 -0.0595837 0)
(0.076037 -0.0594859 0)
(0.125474 -0.059854 0)
(0.17714 -0.0606673 0)
(0.228058 -0.0598884 0)
(0.278593 -0.0609213 0)
(0.331119 -0.0612975 0)
(0.382355 -0.0613709 0)
(0.435301 -0.0601537 0)
(0.484502 -0.0596742 0)
(0.536482 -0.0570812 0)
(0.582021 -0.0566015 0)
(0.633121 -0.0500636 0)
(0.665986 -0.0383545 0)
(0.705148 -0.0336376 0)
(0.724073 -0.0187489 0)
(0.735228 0.00270113 0)
(0.724112 0.02865 0)
(0.688983 0.0605988 0)
(0.621488 0.0999219 0)
(0.512713 0.144709 0)
(0.355133 0.18959 0)
(0.135147 0.238019 0)
(0.0244811 -0.083319 0)
(0.0760238 -0.0832867 0)
(0.125358 -0.0836689 0)
(0.176828 -0.0848268 0)
(0.227846 -0.083775 0)
(0.278464 -0.0851206 0)
(0.330929 -0.0856515 0)
(0.382373 -0.0857106 0)
(0.43548 -0.0840202 0)
(0.485305 -0.0830692 0)
(0.537857 -0.0796804 0)
(0.584331 -0.0784094 0)
(0.634962 -0.0690839 0)
(0.669901 -0.0535185 0)
(0.71149 -0.0462995 0)
(0.734697 -0.022171 0)
(0.744509 0.00875028 0)
(0.735335 0.0504751 0)
(0.698648 0.0998905 0)
(0.628843 0.170882 0)
(0.513106 0.24452 0)
(0.35779 0.334451 0)
(0.128053 0.378647 0)
(0.024378 -0.107082 0)
(0.075967 -0.107159 0)
(0.12522 -0.107496 0)
(0.176482 -0.109108 0)
(0.22768 -0.107928 0)
(0.27844 -0.109641 0)
(0.330963 -0.110433 0)
(0.382699 -0.110773 0)
(0.436124 -0.10886 0)
(0.486869 -0.108032 0)
(0.540347 -0.103998 0)
(0.588292 -0.102427 0)
(0.639655 -0.0907395 0)
(0.677511 -0.0744023 0)
(0.724477 -0.0646083 0)
(0.748211 -0.0342959 0)
(0.767417 0.00191612 0)
(0.766138 0.0501692 0)
(0.743151 0.110033 0)
(0.686105 0.186708 0)
(0.585716 0.270934 0)
(0.431115 0.369215 0)
(0.181099 0.467302 0)
(0.0242658 -0.130741 0)
(0.0757825 -0.130942 0)
(0.124922 -0.131169 0)
(0.175929 -0.133243 0)
(0.227191 -0.131952 0)
(0.278067 -0.133911 0)
(0.330552 -0.134923 0)
(0.382509 -0.135358 0)
(0.43612 -0.133259 0)
(0.487864 -0.132228 0)
(0.541744 -0.127643 0)
(0.591585 -0.125158 0)
(0.644005 -0.111329 0)
(0.68471 -0.0932561 0)
(0.735654 -0.0798602 0)
(0.759846 -0.0418715 0)
(0.784874 0.00016652 0)
(0.788577 0.0628556 0)
(0.767111 0.138106 0)
(0.711673 0.247404 0)
(0.603552 0.367029 0)
(0.453664 0.530413 0)
(0.167774 0.669523 0)
(0.0242093 -0.154365 0)
(0.0755519 -0.154729 0)
(0.124656 -0.154828 0)
(0.175477 -0.157447 0)
(0.22683 -0.156209 0)
(0.277877 -0.1585 0)
(0.330491 -0.159829 0)
(0.382762 -0.160672 0)
(0.436857 -0.158726 0)
(0.48977 -0.15795 0)
(0.544519 -0.153151 0)
(0.596849 -0.150738 0)
(0.651344 -0.135003 0)
(0.69601 -0.117669 0)
(0.752608 -0.100521 0)
(0.779479 -0.0575948 0)
(0.818395 -0.0121936 0)
(0.828044 0.0582073 0)
(0.827038 0.145248 0)
(0.788681 0.262195 0)
(0.705914 0.389428 0)
(0.576583 0.568602 0)
(0.271348 0.756384 0)
(0.0241873 -0.177888 0)
(0.0751347 -0.178409 0)
(0.124192 -0.178389 0)
(0.174783 -0.18152 0)
(0.226031 -0.180335 0)
(0.27711 -0.18287 0)
(0.32969 -0.18448 0)
(0.382186 -0.185559 0)
(0.4366 -0.183822 0)
(0.490562 -0.182992 0)
(0.545993 -0.178246 0)
(0.600667 -0.175436 0)
(0.655965 -0.158225 0)
(0.705441 -0.140697 0)
(0.765335 -0.119441 0)
(0.797456 -0.0722029 0)
(0.845339 -0.0229829 0)
(0.858958 0.0599893 0)
(0.862023 0.157056 0)
(0.842292 0.307719 0)
(0.756406 0.470504 0)
(0.634735 0.745727 0)
(0.29542 1.07972 0)
(-0.0453809 -0.00243582 0)
(-0.158339 -0.0344516 0)
(-0.238533 -0.0696055 0)
(-0.271111 -0.0409097 0)
(-0.287401 -0.0453922 0)
(-0.263493 -0.0189198 0)
(-0.235878 -0.0246413 0)
(-0.198474 -0.0156173 0)
(-0.151385 -0.0177311 0)
(-0.115296 -0.0139254 0)
(-0.0721214 -0.013279 0)
(-0.0480319 -0.0106614 0)
(-0.0171639 -0.00923438 0)
(-0.00829397 -0.00717968 0)
(0.00983009 -0.0061446 0)
(0.0062378 -0.0046932 0)
(0.0144467 -0.00393986 0)
(0.00360538 -0.00296551 0)
(0.00656936 -0.00268812 0)
(-0.059599 0.0878713 0)
(-0.181109 0.117012 0)
(-0.250973 0.116018 0)
(-0.269065 0.0624256 0)
(-0.28655 0.0408407 0)
(-0.259922 -0.00236793 0)
(-0.235603 -0.00396775 0)
(-0.196362 -0.0201319 0)
(-0.150598 -0.0182793 0)
(-0.113519 -0.0199078 0)
(-0.0705624 -0.015732 0)
(-0.0463215 -0.01302 0)
(-0.0155685 -0.00793098 0)
(-0.00692716 -0.00470317 0)
(0.0109396 -0.000249391 0)
(0.00724184 0.00231884 0)
(0.015176 0.00482451 0)
(0.00415287 0.0059496 0)
(0.00667656 0.00671695 0)
(-0.0531954 0.100162 0)
(-0.179419 0.0486984 0)
(-0.27018 -0.033878 0)
(-0.295021 -0.0244412 0)
(-0.302888 -0.0512149 0)
(-0.27732 -0.040157 0)
(-0.243429 -0.0529385 0)
(-0.204026 -0.0517413 0)
(-0.152406 -0.0537298 0)
(-0.115196 -0.0482047 0)
(-0.0695722 -0.0423306 0)
(-0.0454389 -0.0344721 0)
(-0.0136247 -0.0262883 0)
(-0.00530368 -0.018947 0)
(0.0126277 -0.0124084 0)
(0.00832344 -0.00698251 0)
(0.0159647 -0.00289097 0)
(0.00445089 0.000234661 0)
(0.00689363 0.00158709 0)
(-0.0657169 0.183978 0)
(-0.212731 0.209537 0)
(-0.280578 0.163957 0)
(-0.282497 0.076943 0)
(-0.302591 0.0323517 0)
(-0.268025 -0.0264681 0)
(-0.243315 -0.0359412 0)
(-0.196919 -0.0582648 0)
(-0.148518 -0.0566524 0)
(-0.108262 -0.0549941 0)
(-0.0636844 -0.0457843 0)
(-0.0392978 -0.0369252 0)
(-0.00838309 -0.0252578 0)
(-0.000773715 -0.0161388 0)
(0.0162235 -0.00625028 0)
(0.0115069 0.000583453 0)
(0.0181938 0.00625928 0)
(0.0060759 0.00949786 0)
(0.00721216 0.0112764 0)
(-0.0729073 0.220117 0)
(-0.236435 0.141428 0)
(-0.34561 -0.00764216 0)
(-0.345311 -0.0134793 0)
(-0.325968 -0.0600828 0)
(-0.301763 -0.0652908 0)
(-0.257453 -0.0850105 0)
(-0.212047 -0.0922111 0)
(-0.152317 -0.0925607 0)
(-0.111977 -0.0846373 0)
(-0.0623027 -0.0723578 0)
(-0.0377887 -0.0585187 0)
(-0.00487221 -0.0430856 0)
(0.00228584 -0.0299875 0)
(0.0193479 -0.0179258 0)
(0.0134974 -0.00837661 0)
(0.0197268 -0.000887833 0)
(0.00670722 0.0044427 0)
(0.00763472 0.00686991 0)
(-0.0861894 0.310256 0)
(-0.290944 0.32933 0)
(-0.338983 0.21088 0)
(-0.322807 0.070285 0)
(-0.340878 0.0125708 0)
(-0.289774 -0.0530285 0)
(-0.260719 -0.0749393 0)
(-0.201007 -0.10158 0)
(-0.144647 -0.0998179 0)
(-0.0994517 -0.0926275 0)
(-0.0509217 -0.077706 0)
(-0.0267778 -0.0611458 0)
(0.00455799 -0.0425554 0)
(0.0103459 -0.0265228 0)
(0.0257808 -0.0112207 0)
(0.0190753 0.000224398 0)
(0.0235075 0.00895467 0)
(0.00940909 0.0143999 0)
(0.00816166 0.0171495 0)
(-0.116653 0.38472 0)
(-0.342491 0.246051 0)
(-0.488171 -0.00225736 0)
(-0.428885 -0.0118447 0)
(-0.373716 -0.0769912 0)
(-0.343382 -0.100265 0)
(-0.282251 -0.125202 0)
(-0.223615 -0.14206 0)
(-0.151123 -0.137446 0)
(-0.104457 -0.124999 0)
(-0.0487337 -0.104343 0)
(-0.0238778 -0.0827341 0)
(0.00968144 -0.0594752 0)
(0.0150164 -0.0396619 0)
(0.0301548 -0.0220246 0)
(0.021894 -0.00802825 0)
(0.0257453 0.00286092 0)
(0.0104353 0.010457 0)
(0.00875717 0.0139284 0)
(-0.134846 0.49342 0)
(-0.432914 0.501964 0)
(-0.442776 0.253575 0)
(-0.405354 0.0261878 0)
(-0.413089 -0.0273191 0)
(-0.341613 -0.0863663 0)
(-0.290947 -0.127299 0)
(-0.212992 -0.154433 0)
(-0.140262 -0.151187 0)
(-0.0876107 -0.134717 0)
(-0.0322049 -0.112343 0)
(-0.00824795 -0.0853702 0)
(0.0235398 -0.0593554 0)
(0.026945 -0.0350806 0)
(0.0399251 -0.014345 0)
(0.0301529 0.00203864 0)
(0.0310151 0.0136552 0)
(0.0141856 0.0214662 0)
(0.00949662 0.025131 0)
(0.0241999 -0.214502 0)
(0.0745132 -0.215284 0)
(0.123613 -0.215192 0)
(0.173872 -0.21915 0)
(0.225081 -0.218253 0)
(0.276302 -0.221393 0)
(0.32918 -0.223652 0)
(0.382199 -0.225683 0)
(0.437662 -0.224802 0)
(0.493321 -0.224712 0)
(0.551059 -0.220594 0)
(0.609519 -0.218123 0)
(0.66888 -0.199744 0)
(0.727329 -0.185568 0)
(0.794466 -0.158556 0)
(0.83745 -0.108603 0)
(0.910574 -0.0524564 0)
(0.927576 0.044167 0)
(0.989351 0.148873 0)
(0.993974 0.310925 0)
(1.07874 0.489653 0)
(1.07991 0.789809 0)
(1.26255 1.23438 0)
(0.02409 -0.263924 0)
(0.0732862 -0.265047 0)
(0.122131 -0.265003 0)
(0.17166 -0.269939 0)
(0.222423 -0.269626 0)
(0.273533 -0.273578 0)
(0.326409 -0.276808 0)
(0.379867 -0.280039 0)
(0.436212 -0.280773 0)
(0.493754 -0.281766 0)
(0.554037 -0.279831 0)
(0.616666 -0.278182 0)
(0.680998 -0.261818 0)
(0.751705 -0.250071 0)
(0.822433 -0.216475 0)
(0.892187 -0.174371 0)
(0.972329 -0.104035 0)
(1.01528 -0.0108847 0)
(1.10325 0.092063 0)
(1.11153 0.222333 0)
(1.18872 0.378383 0)
(1.17763 0.566159 0)
(1.37662 0.893621 0)
(0.0239266 -0.312378 0)
(0.0717776 -0.31383 0)
(0.12028 -0.314078 0)
(0.168964 -0.319976 0)
(0.219389 -0.32068 0)
(0.270311 -0.325948 0)
(0.32346 -0.330609 0)
(0.377316 -0.336087 0)
(0.434786 -0.339414 0)
(0.49417 -0.343163 0)
(0.557573 -0.344339 0)
(0.624106 -0.345759 0)
(0.698238 -0.335772 0)
(0.77976 -0.327924 0)
(0.864357 -0.30021 0)
(0.96 -0.259248 0)
(1.04544 -0.177249 0)
(1.13316 -0.0867398 0)
(1.23817 0.0501136 0)
(1.29511 0.225355 0)
(1.40916 0.416813 0)
(1.45319 0.596029 0)
(1.60913 0.868581 0)
(0.0235795 -0.360149 0)
(0.0698388 -0.361917 0)
(0.117527 -0.362715 0)
(0.164957 -0.369553 0)
(0.21435 -0.371506 0)
(0.264397 -0.378131 0)
(0.316852 -0.384356 0)
(0.370454 -0.391816 0)
(0.427867 -0.39822 0)
(0.488626 -0.405028 0)
(0.553732 -0.410458 0)
(0.622304 -0.419334 0)
(0.701499 -0.41837 0)
(0.791468 -0.416392 0)
(0.893631 -0.397627 0)
(1.01108 -0.355712 0)
(1.11906 -0.278221 0)
(1.24996 -0.20403 0)
(1.33902 -0.0723846 0)
(1.45549 0.0519451 0)
(1.49206 0.219871 0)
(1.5452 0.37335 0)
(1.61232 0.605794 0)
(0.023143 -0.406249 0)
(0.0673659 -0.408237 0)
(0.114199 -0.409665 0)
(0.160075 -0.417289 0)
(0.208587 -0.420641 0)
(0.257837 -0.429008 0)
(0.310031 -0.437291 0)
(0.363597 -0.447754 0)
(0.420662 -0.458355 0)
(0.481739 -0.469739 0)
(0.548519 -0.478839 0)
(0.620479 -0.494241 0)
(0.708319 -0.506052 0)
(0.806554 -0.521427 0)
(0.923336 -0.521851 0)
(1.04825 -0.487267 0)
(1.15418 -0.418974 0)
(1.24197 -0.30954 0)
(1.32537 -0.157523 0)
(1.38693 0.0692024 0)
(1.48926 0.323384 0)
(1.59171 0.469284 0)
(1.6459 0.648656 0)
(0.0228072 -0.451183 0)
(0.064993 -0.453495 0)
(0.111034 -0.45597 0)
(0.155121 -0.464458 0)
(0.20205 -0.469836 0)
(0.24981 -0.480063 0)
(0.299948 -0.490661 0)
(0.352083 -0.502848 0)
(0.408211 -0.516857 0)
(0.469561 -0.533379 0)
(0.541113 -0.54989 0)
(0.61324 -0.580149 0)
(0.697136 -0.605838 0)
(0.785469 -0.632497 0)
(0.863571 -0.641237 0)
(0.955655 -0.587058 0)
(1.14731 -0.480322 0)
(1.43502 -0.371858 0)
(1.49988 -0.210051 0)
(1.62499 -0.0996127 0)
(1.5566 0.04087 0)
(1.60437 0.236361 0)
(1.63595 0.45205 0)
(0.0224643 -0.494439 0)
(0.0619925 -0.496858 0)
(0.107021 -0.500187 0)
(0.14892 -0.508697 0)
(0.194538 -0.515753 0)
(0.241093 -0.527369 0)
(0.291293 -0.540132 0)
(0.343503 -0.556704 0)
(0.400443 -0.576776 0)
(0.457462 -0.603638 0)
(0.5207 -0.623648 0)
(0.584787 -0.650945 0)
(0.649322 -0.679407 0)
(0.747614 -0.683394 0)
(0.72877 -0.689867 0)
(0.984077 -0.776865 0)
(1.25113 -0.865942 0)
(1.52785 -0.681944 0)
(1.74877 -0.355558 0)
(1.80439 -0.0139316 0)
(1.83176 0.295843 0)
(1.86045 0.36546 0)
(1.85002 0.47452 0)
(0.0222852 -0.536166 0)
(0.0599986 -0.53858 0)
(0.104316 -0.543474 0)
(0.145695 -0.552538 0)
(0.190586 -0.562675 0)
(0.236168 -0.577473 0)
(0.282147 -0.593761 0)
(0.329814 -0.612527 0)
(0.380151 -0.631383 0)
(0.435835 -0.653725 0)
(0.507015 -0.677777 0)
(0.655667 -0.7093 0)
(0.724862 -0.792521 0)
(0.567218 -0.664162 0)
(0.740509 -0.930242 0)
(0.916725 -1.0924 0)
(1.05948 -1.04822 0)
(1.12567 -0.866752 0)
(1.205 -0.478899 0)
(1.23382 -0.164898 0)
(1.47092 0.00737415 0)
(1.6976 0.229128 0)
(1.98234 0.442756 0)
(0.0219305 -0.57714 0)
(0.0583389 -0.579305 0)
(0.100946 -0.586297 0)
(0.141277 -0.595355 0)
(0.183086 -0.606623 0)
(0.225816 -0.619197 0)
(0.27361 -0.634027 0)
(0.333593 -0.655349 0)
(0.483617 -0.685831 0)
(0.66656 -0.734865 0)
(0.83695 -0.861025 0)
(1.00637 -0.834643 0)
(0.985353 -0.621005 0)
(0.874581 -0.676286 0)
(0.869749 -1.03893 0)
(0.858883 -1.10402 0)
(0.887966 -1.06969 0)
(0.836565 -0.832996 0)
(0.818755 -0.464279 0)
(0.965615 -0.286574 0)
(1.2043 -0.178043 0)
(1.48776 -0.135735 0)
(1.89274 -0.0107763 0)
(0.0223988 -0.616808 0)
(0.0602431 -0.617971 0)
(0.107813 -0.626878 0)
(0.166787 -0.635311 0)
(0.26082 -0.65039 0)
(0.364478 -0.670128 0)
(0.49226 -0.703788 0)
(0.645228 -0.830975 0)
(0.818275 -0.933227 0)
(1.00753 -1.01857 0)
(1.17698 -1.01124 0)
(1.22751 -0.869859 0)
(1.2678 -0.644908 0)
(1.23592 -0.562282 0)
(1.0379 -0.914625 0)
(0.853506 -1.11029 0)
(0.835957 -1.02604 0)
(0.707728 -0.793676 0)
(0.780847 -0.603285 0)
(0.954079 -0.551665 0)
(1.21761 -0.514272 0)
(1.51485 -0.464181 0)
(1.83395 -0.327481 0)
(0.0342586 -0.660356 0)
(0.0994572 -0.665002 0)
(0.172458 -0.693072 0)
(0.25458 -0.746913 0)
(0.346411 -0.798963 0)
(0.455308 -0.852949 0)
(0.59677 -0.911421 0)
(0.733774 -0.998103 0)
(0.886807 -1.05441 0)
(1.04247 -1.10464 0)
(1.1946 -1.08015 0)
(1.28949 -0.92532 0)
(1.37829 -0.630196 0)
(1.3228 -0.445691 0)
(1.27217 -0.650024 0)
(1.01096 -0.904276 0)
(0.83777 -0.920737 0)
(0.745364 -0.781793 0)
(0.825908 -0.716589 0)
(0.954515 -0.728107 0)
(1.14954 -0.747772 0)
(1.37542 -0.753476 0)
(1.67645 -0.650037 0)
(0.0432851 -0.751107 0)
(0.10035 -0.758533 0)
(0.192718 -0.783981 0)
(0.251569 -0.814626 0)
(0.333241 -0.854478 0)
(0.386894 -0.92066 0)
(0.489897 -0.986893 0)
(0.568174 -1.10712 0)
(0.715197 -1.24018 0)
(0.897074 -1.32448 0)
(1.05129 -1.25736 0)
(1.16508 -1.05787 0)
(1.23612 -0.672003 0)
(1.22916 -0.46139 0)
(1.22398 -0.59513 0)
(1.02445 -0.675399 0)
(0.813087 -0.756791 0)
(0.754537 -0.77945 0)
(0.818103 -0.809953 0)
(0.924571 -0.87361 0)
(1.09176 -0.934795 0)
(1.28091 -0.988548 0)
(1.59689 -0.928491 0)
(0.0353518 -0.804294 0)
(0.0604296 -0.814214 0)
(0.136237 -0.842917 0)
(0.160454 -0.885765 0)
(0.244414 -0.93345 0)
(0.275399 -1.01251 0)
(0.37698 -1.09338 0)
(0.434876 -1.23359 0)
(0.573749 -1.38697 0)
(0.646901 -1.4479 0)
(0.71912 -1.34905 0)
(0.720214 -1.11582 0)
(0.747536 -0.693738 0)
(0.773551 -0.43885 0)
(0.778199 -0.444281 0)
(0.651141 -0.496231 0)
(0.627177 -0.652656 0)
(0.622869 -0.789403 0)
(0.732537 -0.891896 0)
(0.847424 -1.00571 0)
(1.0311 -1.11176 0)
(1.22344 -1.26051 0)
(1.57972 -1.24349 0)
(0.0290024 -0.847889 0)
(0.04368 -0.861334 0)
(0.106822 -0.884902 0)
(0.113594 -0.925566 0)
(0.175602 -0.970058 0)
(0.176625 -1.05339 0)
(0.241803 -1.14654 0)
(0.252803 -1.30065 0)
(0.305778 -1.45129 0)
(0.249364 -1.46823 0)
(0.23152 -1.32781 0)
(0.108048 -1.08707 0)
(0.112157 -0.715825 0)
(0.177905 -0.494685 0)
(0.226976 -0.466711 0)
(0.273543 -0.522175 0)
(0.388416 -0.723155 0)
(0.466013 -0.882853 0)
(0.605411 -1.03174 0)
(0.732505 -1.17038 0)
(0.945042 -1.3103 0)
(1.13851 -1.53378 0)
(1.50253 -1.56073 0)
(0.0232829 -0.87688 0)
(0.0253891 -0.891935 0)
(0.0715819 -0.912632 0)
(0.0675469 -0.954324 0)
(0.107576 -0.996258 0)
(0.0962688 -1.08 0)
(0.120712 -1.16952 0)
(0.0889968 -1.30125 0)
(0.0555358 -1.38375 0)
(-0.0647368 -1.37778 0)
(-0.149797 -1.2059 0)
(-0.272142 -1.00012 0)
(-0.269782 -0.761509 0)
(-0.184814 -0.560423 0)
(-0.0819978 -0.540098 0)
(0.0847011 -0.663212 0)
(0.227572 -0.850083 0)
(0.332233 -1.00971 0)
(0.467269 -1.1646 0)
(0.587433 -1.34887 0)
(0.800027 -1.52666 0)
(0.996547 -1.81989 0)
(1.3645 -1.96405 0)
(0.0185879 -0.897165 0)
(0.012775 -0.91056 0)
(0.0439603 -0.927178 0)
(0.0289906 -0.962777 0)
(0.0493103 -0.998402 0)
(0.0204788 -1.06743 0)
(0.0104713 -1.13792 0)
(-0.0582679 -1.23562 0)
(-0.13441 -1.29386 0)
(-0.262573 -1.26184 0)
(-0.355105 -1.11587 0)
(-0.425988 -0.967801 0)
(-0.420355 -0.7988 0)
(-0.332362 -0.684652 0)
(-0.170137 -0.733321 0)
(-0.0199154 -0.832889 0)
(0.089264 -0.967963 0)
(0.176144 -1.12198 0)
(0.269631 -1.28525 0)
(0.370742 -1.50132 0)
(0.509437 -1.71966 0)
(0.722211 -2.09488 0)
(1.03384 -2.35892 0)
(0.0125425 -0.908133 0)
(-0.000255683 -0.917423 0)
(0.0162153 -0.928569 0)
(-0.00248418 -0.959917 0)
(0.00140301 -0.987154 0)
(-0.0321403 -1.04166 0)
(-0.0625224 -1.08987 0)
(-0.136464 -1.15716 0)
(-0.226208 -1.17918 0)
(-0.345197 -1.15858 0)
(-0.41551 -1.04202 0)
(-0.448312 -0.937041 0)
(-0.427486 -0.855999 0)
(-0.32476 -0.815763 0)
(-0.21055 -0.854848 0)
(-0.117665 -0.927225 0)
(-0.0411226 -1.04915 0)
(0.0220094 -1.19276 0)
(0.0717412 -1.36337 0)
(0.145549 -1.59012 0)
(0.193052 -1.88624 0)
(0.38607 -2.34533 0)
(0.515213 -2.88649 0)
(0.00497086 -0.909646 0)
(-0.0118711 -0.914672 0)
(-0.00410511 -0.924694 0)
(-0.0248677 -0.94856 0)
(-0.0304006 -0.967997 0)
(-0.0647508 -1.00406 0)
(-0.099646 -1.03185 0)
(-0.168017 -1.07183 0)
(-0.248291 -1.08188 0)
(-0.34007 -1.07199 0)
(-0.397488 -1.00989 0)
(-0.403323 -0.956911 0)
(-0.380258 -0.919801 0)
(-0.316036 -0.903319 0)
(-0.257497 -0.938477 0)
(-0.194595 -1.00357 0)
(-0.161099 -1.10482 0)
(-0.131708 -1.23631 0)
(-0.130171 -1.40488 0)
(-0.124915 -1.62578 0)
(-0.174883 -1.95256 0)
(-0.200725 -2.42335 0)
(-0.396502 -3.00278 0)
(-0.000725673 -0.901103 0)
(-0.0182649 -0.908479 0)
(-0.0185539 -0.915301 0)
(-0.0404609 -0.93385 0)
(-0.0519651 -0.946708 0)
(-0.083586 -0.97269 0)
(-0.113999 -0.985785 0)
(-0.164402 -1.00893 0)
(-0.220862 -1.00636 0)
(-0.283635 -1.01001 0)
(-0.325526 -0.977866 0)
(-0.340997 -0.956064 0)
(-0.339609 -0.943337 0)
(-0.313724 -0.941557 0)
(-0.289026 -0.976435 0)
(-0.266621 -1.02646 0)
(-0.269915 -1.11254 0)
(-0.271106 -1.22582 0)
(-0.315899 -1.36955 0)
(-0.365639 -1.54723 0)
(-0.501168 -1.80466 0)
(-0.686501 -2.12781 0)
(-1.11929 -2.62564 0)
(-0.000417029 -0.89059 0)
(-0.0205515 -0.896969 0)
(-0.0263793 -0.902165 0)
(-0.0501991 -0.915429 0)
(-0.0646037 -0.924143 0)
(-0.0954432 -0.942356 0)
(-0.12262 -0.949644 0)
(-0.164181 -0.965063 0)
(-0.203721 -0.96073 0)
(-0.25018 -0.96748 0)
(-0.287679 -0.951017 0)
(-0.308822 -0.943276 0)
(-0.320419 -0.945451 0)
(-0.317382 -0.95465 0)
(-0.324554 -0.98394 0)
(-0.333883 -1.02365 0)
(-0.360968 -1.09775 0)
(-0.392276 -1.19163 0)
(-0.469473 -1.30709 0)
(-0.556492 -1.44331 0)
(-0.722347 -1.62792 0)
(-0.94024 -1.81345 0)
(-1.32926 -2.06705 0)
(-0.00331908 -0.880031 0)
(-0.024724 -0.882609 0)
(-0.0353832 -0.885352 0)
(-0.0596301 -0.895788 0)
(-0.0765343 -0.900958 0)
(-0.106165 -0.914924 0)
(-0.131877 -0.916457 0)
(-0.168868 -0.928161 0)
(-0.201801 -0.919678 0)
(-0.240007 -0.926589 0)
(-0.271989 -0.918562 0)
(-0.292906 -0.924634 0)
(-0.313186 -0.934492 0)
(-0.327413 -0.93912 0)
(-0.355476 -0.959532 0)
(-0.380218 -0.991661 0)
(-0.424497 -1.05349 0)
(-0.474749 -1.11851 0)
(-0.570955 -1.20262 0)
(-0.679401 -1.29338 0)
(-0.865331 -1.41143 0)
(-1.09491 -1.51129 0)
(-1.44237 -1.61692 0)
(-0.00651115 -0.862383 0)
(-0.0306546 -0.864903 0)
(-0.0440445 -0.866903 0)
(-0.0695377 -0.874394 0)
(-0.0878569 -0.877004 0)
(-0.117631 -0.88714 0)
(-0.142641 -0.886026 0)
(-0.176354 -0.895218 0)
(-0.204936 -0.888535 0)
(-0.234381 -0.897339 0)
(-0.26288 -0.896921 0)
(-0.288233 -0.902104 0)
(-0.321869 -0.909341 0)
(-0.350057 -0.91257 0)
(-0.387591 -0.929181 0)
(-0.423218 -0.95476 0)
(-0.480312 -1.00082 0)
(-0.54491 -1.04555 0)
(-0.643407 -1.10025 0)
(-0.757636 -1.15157 0)
(-0.929373 -1.21375 0)
(-1.13345 -1.24673 0)
(-1.41186 -1.25354 0)
(-0.00693683 -0.842748 0)
(-0.0306408 -0.845088 0)
(-0.0458298 -0.846236 0)
(-0.0711554 -0.852077 0)
(-0.0901357 -0.852533 0)
(-0.118323 -0.860342 0)
(-0.142108 -0.857358 0)
(-0.172186 -0.866152 0)
(-0.199214 -0.861234 0)
(-0.228216 -0.869046 0)
(-0.261279 -0.864279 0)
(-0.291826 -0.866469 0)
(-0.328482 -0.872367 0)
(-0.361734 -0.874497 0)
(-0.402916 -0.886029 0)
(-0.445764 -0.900221 0)
(-0.509274 -0.931024 0)
(-0.580311 -0.956196 0)
(-0.680311 -0.987184 0)
(-0.793675 -1.00545 0)
(-0.953536 -1.02745 0)
(-1.13638 -1.01921 0)
(-1.37375 -0.983889 0)
(-0.00713294 -0.824602 0)
(-0.0306722 -0.825922 0)
(-0.0464341 -0.826042 0)
(-0.0715873 -0.83004 0)
(-0.0906991 -0.829308 0)
(-0.118216 -0.835109 0)
(-0.141562 -0.831463 0)
(-0.170968 -0.838033 0)
(-0.19945 -0.831685 0)
(-0.23027 -0.835246 0)
(-0.264368 -0.832305 0)
(-0.293719 -0.834762 0)
(-0.332911 -0.83801 0)
(-0.36891 -0.837905 0)
(-0.415166 -0.843319 0)
(-0.461915 -0.847991 0)
(-0.526406 -0.864097 0)
(-0.598223 -0.874317 0)
(-0.692557 -0.885256 0)
(-0.79827 -0.879865 0)
(-0.934169 -0.872149 0)
(-1.08366 -0.832196 0)
(-1.26738 -0.763136 0)
(-0.00791029 -0.804827 0)
(-0.0316966 -0.805764 0)
(-0.0483682 -0.805137 0)
(-0.0732364 -0.807856 0)
(-0.092531 -0.805664 0)
(-0.119498 -0.809578 0)
(-0.142748 -0.804335 0)
(-0.171662 -0.808418 0)
(-0.19977 -0.80165 0)
(-0.228617 -0.804359 0)
(-0.261116 -0.800494 0)
(-0.292872 -0.798372 0)
(-0.33252 -0.79686 0)
(-0.371198 -0.792941 0)
(-0.418324 -0.79271 0)
(-0.46702 -0.789793 0)
(-0.528978 -0.794011 0)
(-0.598478 -0.790395 0)
(-0.686019 -0.785106 0)
(-0.783073 -0.762449 0)
(-0.900488 -0.737139 0)
(-1.02722 -0.681087 0)
(-1.17338 -0.602329 0)
(-0.00837672 -0.784796 0)
(-0.0318002 -0.78534 0)
(-0.0493043 -0.78421 0)
(-0.0735942 -0.785778 0)
(-0.093323 -0.782656 0)
(-0.119155 -0.784786 0)
(-0.142321 -0.778815 0)
(-0.169323 -0.780872 0)
(-0.196829 -0.774131 0)
(-0.224796 -0.773719 0)
(-0.258516 -0.767266 0)
(-0.290198 -0.763133 0)
(-0.329101 -0.758605 0)
(-0.367275 -0.751747 0)
(-0.413823 -0.746076 0)
(-0.461647 -0.736861 0)
(-0.521039 -0.730989 0)
(-0.586009 -0.71693 0)
(-0.665481 -0.699268 0)
(-0.749887 -0.665902 0)
(-0.847613 -0.627825 0)
(-0.950418 -0.561415 0)
(-1.06293 -0.476595 0)
(-0.00832106 -0.764533 0)
(-0.0311212 -0.764776 0)
(-0.0484235 -0.76318 0)
(-0.0719899 -0.763811 0)
(-0.0912915 -0.759896 0)
(-0.116151 -0.760574 0)
(-0.138623 -0.753921 0)
(-0.164732 -0.753937 0)
(-0.191726 -0.745887 0)
(-0.220025 -0.742784 0)
(-0.252012 -0.734767 0)
(-0.283616 -0.727989 0)
(-0.321202 -0.71942 0)
(-0.359313 -0.708541 0)
(-0.403995 -0.697942 0)
(-0.450483 -0.682948 0)
(-0.505589 -0.669006 0)
(-0.565472 -0.646063 0)
(-0.635827 -0.619918 0)
(-0.709231 -0.579649 0)
(-0.791573 -0.534098 0)
(-0.876532 -0.463799 0)
(-0.964629 -0.380687 0)
(-0.00823628 -0.745178 0)
(-0.0299579 -0.745109 0)
(-0.0470684 -0.743113 0)
(-0.0695473 -0.742794 0)
(-0.0885958 -0.738206 0)
(-0.112325 -0.737331 0)
(-0.13452 -0.729878 0)
(-0.159651 -0.727625 0)
(-0.18611 -0.718388 0)
(-0.213125 -0.713251 0)
(-0.243994 -0.703069 0)
(-0.274699 -0.693715 0)
(-0.310665 -0.682133 0)
(-0.346842 -0.66864 0)
(-0.389079 -0.653901 0)
(-0.432671 -0.634863 0)
(-0.483445 -0.614808 0)
(-0.537143 -0.58632 0)
(-0.598472 -0.554338 0)
(-0.661203 -0.510109 0)
(-0.729752 -0.459768 0)
(-0.798451 -0.388927 0)
(-0.866978 -0.30853 0)
(-0.00811624 -0.726227 0)
(-0.0290385 -0.725857 0)
(-0.0458007 -0.72344 0)
(-0.0673598 -0.722217 0)
(-0.0857645 -0.716933 0)
(-0.108403 -0.714595 0)
(-0.129534 -0.706374 0)
(-0.153446 -0.702313 0)
(-0.178143 -0.69215 0)
(-0.204072 -0.684904 0)
(-0.233066 -0.672896 0)
(-0.262559 -0.661367 0)
(-0.296221 -0.64692 0)
(-0.330779 -0.63021 0)
(-0.369947 -0.611705 0)
(-0.410636 -0.58869 0)
(-0.456566 -0.563998 0)
(-0.504613 -0.531051 0)
(-0.557766 -0.495049 0)
(-0.611731 -0.448128 0)
(-0.669096 -0.395603 0)
(-0.725144 -0.32591 0)
(-0.779276 -0.250454 0)
(-0.00777695 -0.707872 0)
(-0.0272878 -0.707283 0)
(-0.043305 -0.704602 0)
(-0.0633656 -0.702707 0)
(-0.0808645 -0.696939 0)
(-0.101947 -0.693434 0)
(-0.122025 -0.684558 0)
(-0.144485 -0.678872 0)
(-0.168109 -0.667405 0)
(-0.192871 -0.658153 0)
(-0.220376 -0.644117 0)
(-0.248285 -0.630337 0)
(-0.279835 -0.613344 0)
(-0.311793 -0.594656 0)
(-0.347906 -0.573336 0)
(-0.384898 -0.547928 0)
(-0.426187 -0.519984 0)
(-0.468502 -0.484794 0)
(-0.514409 -0.446319 0)
(-0.560289 -0.398558 0)
(-0.60817 -0.345575 0)
(-0.653358 -0.278797 0)
(-0.695933 -0.207537 0)
(-0.0072814 -0.691095 0)
(-0.0254604 -0.690266 0)
(-0.0404962 -0.687258 0)
(-0.0593069 -0.684603 0)
(-0.0757968 -0.678208 0)
(-0.0957032 -0.673374 0)
(-0.11455 -0.663651 0)
(-0.135825 -0.65617 0)
(-0.157714 -0.643541 0)
(-0.180849 -0.632596 0)
(-0.205951 -0.617229 0)
(-0.231831 -0.601891 0)
(-0.260605 -0.583106 0)
(-0.29025 -0.562114 0)
(-0.323048 -0.538235 0)
(-0.356646 -0.510393 0)
(-0.393309 -0.479965 0)
(-0.430652 -0.442808 0)
(-0.47012 -0.402739 0)
(-0.509307 -0.354297 0)
(-0.549206 -0.301876 0)
(-0.586262 -0.237984 0)
(-0.620388 -0.171187 0)
(-0.00679208 -0.674959 0)
(-0.023378 -0.6739 0)
(-0.0373943 -0.670563 0)
(-0.0545516 -0.667256 0)
(-0.0698571 -0.660334 0)
(-0.0879538 -0.65454 0)
(-0.105293 -0.6442 0)
(-0.124641 -0.635568 0)
(-0.144695 -0.622095 0)
(-0.166005 -0.609751 0)
(-0.189308 -0.592771 0)
(-0.21331 -0.575473 0)
(-0.239899 -0.554487 0)
(-0.266814 -0.531992 0)
(-0.296408 -0.506433 0)
(-0.326368 -0.477423 0)
(-0.35883 -0.445386 0)
(-0.391434 -0.407729 0)
(-0.425401 -0.367016 0)
(-0.458651 -0.31926 0)
(-0.491865 -0.268008 0)
(-0.522268 -0.207555 0)
(-0.549547 -0.14458 0)
(-0.00602801 -0.660927 0)
(-0.0208121 -0.659664 0)
(-0.0333511 -0.656055 0)
(-0.0488242 -0.652139 0)
(-0.0627315 -0.644736 0)
(-0.0792854 -0.637919 0)
(-0.095204 -0.626843 0)
(-0.113124 -0.616728 0)
(-0.131572 -0.602008 0)
(-0.151265 -0.587938 0)
(-0.17225 -0.569727 0)
(-0.193903 -0.551269 0)
(-0.217498 -0.529368 0)
(-0.241745 -0.505556 0)
(-0.268138 -0.478386 0)
(-0.294867 -0.44792 0)
(-0.323363 -0.414565 0)
(-0.351793 -0.376202 0)
(-0.380892 -0.335161 0)
(-0.409241 -0.287818 0)
(-0.436911 -0.237868 0)
(-0.462185 -0.180308 0)
(-0.484347 -0.121056 0)
(-0.00531529 -0.647918 0)
(-0.0182153 -0.646376 0)
(-0.0293542 -0.642336 0)
(-0.0429807 -0.637689 0)
(-0.0554472 -0.629649 0)
(-0.0701068 -0.621896 0)
(-0.0843877 -0.610128 0)
(-0.100284 -0.599041 0)
(-0.116654 -0.583702 0)
(-0.134081 -0.56891 0)
(-0.152915 -0.549836 0)
(-0.172403 -0.530031 0)
(-0.193773 -0.506293 0)
(-0.215442 -0.481157 0)
(-0.238871 -0.452932 0)
(-0.262341 -0.422002 0)
(-0.287227 -0.388039 0)
(-0.311815 -0.350011 0)
(-0.336813 -0.309115 0)
(-0.360905 -0.263084 0)
(-0.383988 -0.214627 0)
(-0.405014 -0.160059 0)
(-0.422969 -0.103883 0)
(-0.00433969 -0.637482 0)
(-0.0150072 -0.635708 0)
(-0.0242356 -0.631347 0)
(-0.0356872 -0.62612 0)
(-0.0462658 -0.617627 0)
(-0.0588857 -0.609028 0)
(-0.0714078 -0.596631 0)
(-0.0855881 -0.584479 0)
(-0.100378 -0.568123 0)
(-0.116245 -0.55167 0)
(-0.133206 -0.53128 0)
(-0.150613 -0.510405 0)
(-0.169279 -0.486178 0)
(-0.188268 -0.460434 0)
(-0.208768 -0.431282 0)
(-0.229305 -0.399526 0)
(-0.250897 -0.364852 0)
(-0.272127 -0.32659 0)
(-0.293515 -0.285824 0)
(-0.313961 -0.240653 0)
(-0.333334 -0.193516 0)
(-0.350975 -0.141379 0)
(-0.365785 -0.088047 0)
(-0.00349847 -0.628336 0)
(-0.0120519 -0.626244 0)
(-0.0194884 -0.621413 0)
(-0.0286709 -0.615437 0)
(-0.037268 -0.606203 0)
(-0.0475552 -0.596545 0)
(-0.0579899 -0.583175 0)
(-0.069864 -0.569877 0)
(-0.0825512 -0.552792 0)
(-0.0961614 -0.535895 0)
(-0.111 -0.515192 0)
(-0.126369 -0.493759 0)
(-0.143073 -0.46833 0)
(-0.15988 -0.44147 0)
(-0.177884 -0.411582 0)
(-0.195711 -0.379694 0)
(-0.214351 -0.344892 0)
(-0.232518 -0.307234 0)
(-0.250756 -0.266948 0)
(-0.268078 -0.223137 0)
(-0.284348 -0.177295 0)
(-0.299117 -0.127549 0)
(-0.311327 -0.0764929 0)
(-0.00249016 -0.622123 0)
(-0.00871937 -0.619904 0)
(-0.0140465 -0.61489 0)
(-0.0207789 -0.608509 0)
(-0.0271259 -0.598863 0)
(-0.0349137 -0.588444 0)
(-0.0430132 -0.57439 0)
(-0.0524655 -0.560014 0)
(-0.0629301 -0.541835 0)
(-0.0745384 -0.523281 0)
(-0.0875707 -0.501043 0)
(-0.101166 -0.47838 0)
(-0.116027 -0.452609 0)
(-0.130818 -0.425656 0)
(-0.146526 -0.395352 0)
(-0.161967 -0.363075 0)
(-0.178001 -0.327913 0)
(-0.193503 -0.290201 0)
(-0.208996 -0.250124 0)
(-0.223598 -0.207102 0)
(-0.237291 -0.162347 0)
(-0.249701 -0.114481 0)
(-0.259964 -0.0654876 0)
(-0.001795 -0.616832 0)
(-0.00621354 -0.6144 0)
(-0.0098913 -0.609067 0)
(-0.0145544 -0.602091 0)
(-0.0190126 -0.591789 0)
(-0.0245485 -0.580407 0)
(-0.0304632 -0.565348 0)
(-0.0373883 -0.549723 0)
(-0.0452847 -0.530444 0)
(-0.054026 -0.511024 0)
(-0.0641378 -0.488272 0)
(-0.0748976 -0.465061 0)
(-0.0872218 -0.438368 0)
(-0.0998838 -0.41074 0)
(-0.113661 -0.380129 0)
(-0.127136 -0.348013 0)
(-0.141089 -0.313065 0)
(-0.154352 -0.276065 0)
(-0.167522 -0.23657 0)
(-0.179815 -0.194705 0)
(-0.191335 -0.15093 0)
(-0.201752 -0.104788 0)
(-0.210397 -0.0573435 0)
(-0.00104279 -0.614433 0)
(-0.00374093 -0.612117 0)
(-0.00607953 -0.606832 0)
(-0.00913496 -0.599671 0)
(-0.012138 -0.589111 0)
(-0.0158366 -0.577241 0)
(-0.0198133 -0.561742 0)
(-0.0244027 -0.545398 0)
(-0.0297178 -0.525335 0)
(-0.0356443 -0.504592 0)
(-0.0428433 -0.480266 0)
(-0.0507113 -0.455438 0)
(-0.0600369 -0.427683 0)
(-0.0697867 -0.399327 0)
(-0.0808994 -0.368116 0)
(-0.0921135 -0.335732 0)
(-0.104094 -0.300677 0)
(-0.115557 -0.263842 0)
(-0.126922 -0.224628 0)
(-0.137322 -0.183371 0)
(-0.147008 -0.140373 0)
(-0.155631 -0.0955216 0)
(-0.162917 -0.0495171 0)
(-0.000672538 -0.611667 0)
(-0.00241527 -0.608994 0)
(-0.0040348 -0.603313 0)
(-0.00607212 -0.595691 0)
(-0.00811336 -0.584748 0)
(-0.0104964 -0.572417 0)
(-0.013062 -0.556461 0)
(-0.0158961 -0.539528 0)
(-0.0191618 -0.518896 0)
(-0.022649 -0.497623 0)
(-0.0268451 -0.472894 0)
(-0.0312913 -0.447584 0)
(-0.0368162 -0.418968 0)
(-0.0427991 -0.389603 0)
(-0.050081 -0.357488 0)
(-0.0577605 -0.32457 0)
(-0.0666058 -0.289332 0)
(-0.0755499 -0.253029 0)
(-0.0850609 -0.214543 0)
(-0.0940651 -0.174455 0)
(-0.102636 -0.132398 0)
(-0.110259 -0.0887688 0)
(-0.116755 -0.0436238 0)
(-0.000435103 -0.611755 0)
(-0.00151518 -0.609156 0)
(-0.00262485 -0.603555 0)
(-0.00394979 -0.595965 0)
(-0.00531671 -0.585026 0)
(-0.00685217 -0.57263 0)
(-0.00848639 -0.556638 0)
(-0.0101843 -0.539596 0)
(-0.0120154 -0.518831 0)
(-0.0138073 -0.497168 0)
(-0.0158777 -0.471836 0)
(-0.0180107 -0.445701 0)
(-0.020686 -0.416352 0)
(-0.0234985 -0.386255 0)
(-0.0270225 -0.353276 0)
(-0.030798 -0.319349 0)
(-0.0354529 -0.282951 0)
(-0.0404597 -0.245482 0)
(-0.0463776 -0.20613 0)
(-0.0524521 -0.165859 0)
(-0.0589615 -0.12416 0)
(-0.0651088 -0.081448 0)
(-0.0709833 -0.0376401 0)
(-0.000229684 -0.6093 0)
(-0.000895578 -0.606392 0)
(-0.00166232 -0.600473 0)
(-0.00263692 -0.592609 0)
(-0.00367314 -0.581467 0)
(-0.00483082 -0.568889 0)
(-0.00604339 -0.552785 0)
(-0.00728974 -0.535679 0)
(-0.00856545 -0.514966 0)
(-0.00973928 -0.493478 0)
(-0.0108513 -0.468412 0)
(-0.0117511 -0.442518 0)
(-0.0126509 -0.413221 0)
(-0.0135031 -0.38304 0)
(-0.0145283 -0.349962 0)
(-0.0154972 -0.315953 0)
(-0.016664 -0.279483 0)
(-0.0177396 -0.241966 0)
(-0.0190372 -0.202411 0)
(-0.0203719 -0.161794 0)
(-0.0221225 -0.119668 0)
(-0.0239623 -0.0767404 0)
(-0.0260777 -0.0328199 0)
(1.21583 1.00097 0)
(0.472271 0.924237 0)
(0.385035 0.966317 0)
(-0.288481 0.88434 0)
(1.48017 0.764771 0)
(1.45393 0.772226 0)
(1.45714 0.786722 0)
(1.47645 0.777563 0)
(1.70775 0.909461 0)
(1.70386 0.942578 0)
(1.71838 0.929603 0)
(1.70644 0.91105 0)
(1.71872 0.672551 0)
(1.75293 0.744173 0)
(1.8107 0.792622 0)
(1.83166 0.832133 0)
(1.72874 0.687471 0)
(1.75355 0.736057 0)
(1.79887 0.762585 0)
(1.8293 0.802512 0)
(1.7258 0.519974 0)
(1.74129 0.600302 0)
(1.79051 0.63742 0)
(1.81922 0.691022 0)
(1.8624 0.518727 0)
(1.82792 0.586715 0)
(1.84248 0.590551 0)
(1.84478 0.616085 0)
(2.12732 0.5882 0)
(2.1952 0.650892 0)
(2.22583 0.629477 0)
(2.23628 0.598725 0)
(2.15495 0.18616 0)
(2.34268 0.349804 0)
(2.46482 0.492531 0)
(2.57944 0.660628 0)
(2.06466 -0.153377 0)
(2.22154 -0.0103935 0)
(2.37929 0.157812 0)
(2.5096 0.372566 0)
(1.89403 -0.467636 0)
(2.04047 -0.321928 0)
(2.18879 -0.133621 0)
(2.318 0.0983151 0)
(1.79174 -0.751879 0)
(1.9575 -0.634848 0)
(2.08609 -0.431966 0)
(2.22785 -0.18615 0)
(1.77769 -1.07604 0)
(1.9884 -0.960105 0)
(2.07981 -0.705635 0)
(2.24643 -0.388004 0)
(1.75272 -1.44916 0)
(1.99779 -1.2934 0)
(2.08012 -0.96363 0)
(2.26768 -0.516626 0)
(1.6745 -1.91684 0)
(1.94042 -1.68733 0)
(2.03313 -1.25181 0)
(2.2217 -0.584442 0)
(1.46866 -2.40252 0)
(1.74725 -2.10387 0)
(1.94475 -1.49774 0)
(1.98848 -0.465116 0)
(0.900774 -3.10602 0)
(1.00327 -2.73621 0)
(1.10348 -1.73955 0)
(0.826262 -0.0228928 0)
(-0.428445 -3.15579 0)
(-0.57906 -2.52204 0)
(-0.408988 -1.1245 0)
(-0.504163 -0.00177177 0)
(-1.49235 -2.81598 0)
(-1.71497 -2.65229 0)
(-1.64036 -1.96631 0)
(-1.32181 -1.25745 0)
(-1.76556 -2.21201 0)
(-2.03035 -2.2205 0)
(-2.21978 -2.07517 0)
(-2.20186 -1.72653 0)
(-1.79562 -1.64732 0)
(-2.06299 -1.62611 0)
(-2.33237 -1.5316 0)
(-2.56468 -1.43996 0)
(-1.65905 -1.18962 0)
(-1.84012 -1.12443 0)
(-2.01731 -1.04455 0)
(-2.19755 -0.910116 0)
(-1.5653 -0.906207 0)
(-1.69335 -0.839736 0)
(-1.82205 -0.742954 0)
(-1.95481 -0.624994 0)
(-1.40643 -0.668441 0)
(-1.50002 -0.593496 0)
(-1.58882 -0.504805 0)
(-1.67397 -0.39965 0)
(-1.27816 -0.510379 0)
(-1.34508 -0.442354 0)
(-1.40684 -0.363088 0)
(-1.46635 -0.273293 0)
(-1.14038 -0.388461 0)
(-1.1887 -0.324427 0)
(-1.23226 -0.25317 0)
(-1.27308 -0.175131 0)
(-1.02354 -0.300033 0)
(-1.0593 -0.243087 0)
(-1.09052 -0.181012 0)
(-1.11956 -0.114356 0)
(-0.91115 -0.234432 0)
(-0.937723 -0.183009 0)
(-0.95999 -0.127631 0)
(-0.980864 -0.0690412 0)
(-0.813465 -0.183125 0)
(-0.833768 -0.137568 0)
(-0.850256 -0.0889146 0)
(-0.865601 -0.037803 0)
(-0.722365 -0.145797 0)
(-0.737796 -0.104729 0)
(-0.750054 -0.0612285 0)
(-0.761445 -0.0157615 0)
(-0.641299 -0.114621 0)
(-0.653304 -0.0778713 0)
(-0.66273 -0.0389026 0)
(-0.67144 0.001354 0)
(-0.566063 -0.0924399 0)
(-0.57536 -0.0588698 0)
(-0.582714 -0.0234546 0)
(-0.589317 0.0129988 0)
(-0.497751 -0.0727744 0)
(-0.505154 -0.0419676 0)
(-0.511113 -0.00965691 0)
(-0.516263 0.0233584 0)
(-0.433882 -0.0588738 0)
(-0.439741 -0.0301664 0)
(-0.444574 -0.000367883 0)
(-0.448582 0.0299388 0)
(-0.374862 -0.0458205 0)
(-0.379637 -0.0189404 0)
(-0.383677 0.00875241 0)
(-0.386935 0.0366784 0)
(-0.318866 -0.0366301 0)
(-0.322738 -0.0111749 0)
(-0.326094 0.0148155 0)
(-0.328747 0.0408389 0)
(-0.266345 -0.0276345 0)
(-0.269619 -0.00342484 0)
(-0.272496 0.021192 0)
(-0.274826 0.0456224 0)
(-0.215776 -0.0211127 0)
(-0.21853 0.00212831 0)
(-0.220958 0.0257161 0)
(-0.22297 0.0489345 0)
(-0.167519 -0.0147224 0)
(-0.169986 0.0076231 0)
(-0.172152 0.0303428 0)
(-0.174058 0.0525853 0)
(-0.120695 -0.0096315 0)
(-0.12285 0.0121657 0)
(-0.124706 0.0343254 0)
(-0.126373 0.055977 0)
(-0.074602 -0.00492201 0)
(-0.0767585 0.0161574 0)
(-0.0786128 0.0376595 0)
(-0.0803444 0.0587775 0)
(-0.0276044 -0.000200598 0)
(-0.0286439 0.0207111 0)
(-0.029578 0.0418685 0)
(-0.0305181 0.0627881 0)
(-0.645096 0.722937 0)
(-0.53224 0.282808 0)
(-0.789456 -0.194167 0)
(-0.556891 -0.05559 0)
(-0.413061 -0.1479 0)
(-0.42231 -0.194993 0)
(-0.331067 -0.213847 0)
(-0.245689 -0.237523 0)
(-0.156626 -0.217038 0)
(-0.0937307 -0.192588 0)
(-0.0302322 -0.155122 0)
(-0.0019523 -0.119391 0)
(0.0316839 -0.0842909 0)
(0.0346141 -0.0542411 0)
(0.0469202 -0.0292887 0)
(0.0353045 -0.0088201 0)
(0.0355091 0.00671978 0)
(0.0164047 0.0176826 0)
(0.010689 0.0226332 0)
(1.41626 0.76783 0)
(1.32182 0.774793 0)
(0.603454 0.450077 0)
(0.00503426 -0.271785 0)
(-0.546982 -0.127569 0)
(-0.345208 -0.101556 0)
(-0.297069 -0.264825 0)
(-0.190109 -0.273219 0)
(-0.0894499 -0.26888 0)
(-0.0196589 -0.224181 0)
(0.0349374 -0.181992 0)
(0.0591159 -0.127598 0)
(0.0808007 -0.0846097 0)
(0.0780911 -0.0415905 0)
(0.080019 -0.0103166 0)
(0.0625598 0.016119 0)
(0.0523303 0.0327035 0)
(0.0281101 0.044897 0)
(0.0130516 0.0500598 0)
(1.68059 0.91845 0)
(1.59815 0.946601 0)
(1.5141 0.991102 0)
(0.981196 0.985017 0)
(0.0963551 0.195877 0)
(-0.396584 -0.439532 0)
(-0.433922 -0.354891 0)
(-0.270138 -0.426925 0)
(-0.11527 -0.377496 0)
(-0.0170581 -0.304124 0)
(0.057579 -0.230626 0)
(0.0860732 -0.16065 0)
(0.106651 -0.10369 0)
(0.100415 -0.0541902 0)
(0.0963627 -0.0164693 0)
(0.0753633 0.0152183 0)
(0.061551 0.0369787 0)
(0.0333864 0.0522213 0)
(0.0151808 0.0589722 0)
(1.8782 0.877613 0)
(1.87101 0.939097 0)
(1.88345 1.00524 0)
(1.84156 1.0264 0)
(1.76618 1.05143 0)
(0.827497 0.436997 0)
(-0.00237687 -0.40435 0)
(-0.1732 -0.544652 0)
(0.0268304 -0.505802 0)
(0.104929 -0.374278 0)
(0.163209 -0.278661 0)
(0.17633 -0.169606 0)
(0.179111 -0.0993096 0)
(0.161123 -0.0313532 0)
(0.143391 0.0113514 0)
(0.110916 0.0478555 0)
(0.0843086 0.0700411 0)
(0.0478579 0.0866878 0)
(0.0186484 0.0935833 0)
(1.89279 0.863726 0)
(1.91308 0.939531 0)
(1.93244 1.02446 0)
(1.90333 1.09427 0)
(1.8407 1.12234 0)
(1.75478 1.14269 0)
(1.00676 0.545843 0)
(0.041538 -0.444725 0)
(0.0946991 -0.644223 0)
(0.196029 -0.420865 0)
(0.239582 -0.302277 0)
(0.246436 -0.172661 0)
(0.225327 -0.0931342 0)
(0.198544 -0.0218694 0)
(0.167398 0.0273537 0)
(0.130578 0.0678036 0)
(0.0966759 0.0929573 0)
(0.0556306 0.110612 0)
(0.0211418 0.118151 0)
(1.91617 0.781081 0)
(1.96551 0.90461 0)
(1.97935 1.01227 0)
(1.96104 1.11365 0)
(1.91849 1.18243 0)
(1.84006 1.19741 0)
(1.77817 1.14526 0)
(0.998449 0.286842 0)
(0.400633 -0.650474 0)
(0.447294 -0.502504 0)
(0.38578 -0.327301 0)
(0.372263 -0.154763 0)
(0.321176 -0.0579131 0)
(0.272816 0.0221819 0)
(0.22244 0.0716881 0)
(0.169512 0.112343 0)
(0.122442 0.137177 0)
(0.0709245 0.155066 0)
(0.0253716 0.162722 0)
(1.90957 0.697836 0)
(2.04149 0.882094 0)
(2.04051 1.0292 0)
(1.99381 1.14716 0)
(1.93708 1.23715 0)
(1.8683 1.27056 0)
(1.78867 1.27625 0)
(1.62589 0.846795 0)
(0.799172 -0.177348 0)
(0.690723 -0.391651 0)
(0.532332 -0.243383 0)
(0.472498 -0.110158 0)
(0.378265 -0.00638762 0)
(0.317314 0.0676149 0)
(0.249702 0.119244 0)
(0.190955 0.157354 0)
(0.134706 0.181037 0)
(0.0786313 0.197326 0)
(0.0274754 0.204186 0)
(2.16273 0.582801 0)
(2.0168 0.809998 0)
(2.08601 1.05723 0)
(2.01019 1.20757 0)
(1.92292 1.2965 0)
(1.85383 1.33913 0)
(1.77789 1.34702 0)
(1.69945 1.20037 0)
(1.19377 0.191207 0)
(0.926255 -0.260417 0)
(0.741706 -0.131699 0)
(0.598173 -0.0146808 0)
(0.483607 0.0812019 0)
(0.385272 0.139335 0)
(0.303027 0.185065 0)
(0.226514 0.216933 0)
(0.159514 0.238274 0)
(0.0928447 0.25227 0)
(0.0319102 0.258554 0)
(2.56463 0.89877 0)
(2.22805 0.940415 0)
(2.09965 1.03106 0)
(1.99244 1.29587 0)
(1.89516 1.37735 0)
(1.80483 1.40669 0)
(1.73646 1.41398 0)
(1.66124 1.36857 0)
(1.39876 0.524748 0)
(1.04447 0.0170441 0)
(0.810819 0.0537208 0)
(0.645156 0.121645 0)
(0.514883 0.185715 0)
(0.410154 0.229551 0)
(0.31769 0.261969 0)
(0.237728 0.285811 0)
(0.165309 0.300958 0)
(0.0964995 0.311484 0)
(0.0327795 0.31589 0)
(2.73769 0.920856 0)
(2.50693 1.25463 0)
(2.12975 1.23866 0)
(1.95162 1.39781 0)
(1.83495 1.46735 0)
(1.7422 1.48415 0)
(1.6656 1.48503 0)
(1.58174 1.47697 0)
(1.44616 0.767598 0)
(1.13102 0.263476 0)
(0.909768 0.231858 0)
(0.719012 0.251921 0)
(0.578048 0.293978 0)
(0.454196 0.317951 0)
(0.353953 0.340762 0)
(0.26257 0.355123 0)
(0.183095 0.365812 0)
(0.106733 0.372358 0)
(0.0360301 0.375477 0)
(2.54962 0.809744 0)
(2.488 1.49476 0)
(2.05404 1.56651 0)
(1.85734 1.55403 0)
(1.74658 1.56703 0)
(1.6574 1.56299 0)
(1.5763 1.56201 0)
(1.48166 1.55419 0)
(1.40392 0.942716 0)
(1.13273 0.498463 0)
(0.924112 0.427459 0)
(0.728836 0.418763 0)
(0.584647 0.425277 0)
(0.458143 0.430279 0)
(0.355211 0.43481 0)
(0.263229 0.438841 0)
(0.182668 0.441125 0)
(0.106527 0.44326 0)
(0.0357859 0.443981 0)
(2.36934 0.683067 0)
(2.24606 1.69349 0)
(1.90439 1.81432 0)
(1.70186 1.66836 0)
(1.62533 1.64781 0)
(1.55575 1.64212 0)
(1.50348 1.64414 0)
(1.42802 1.63061 0)
(1.36593 1.08835 0)
(1.09903 0.698678 0)
(0.90528 0.599071 0)
(0.716818 0.558359 0)
(0.580764 0.539761 0)
(0.456537 0.525104 0)
(0.35633 0.517203 0)
(0.264577 0.511065 0)
(0.183959 0.507445 0)
(0.107648 0.505161 0)
(0.0358493 0.504105 0)
(2.21595 0.74669 0)
(1.86374 1.91417 0)
(1.77702 2.08216 0)
(1.59339 1.80053 0)
(1.52655 1.70155 0)
(1.48541 1.67568 0)
(1.48435 1.67861 0)
(1.35889 1.66681 0)
(1.27084 1.24379 0)
(1.03346 0.910102 0)
(0.859443 0.773615 0)
(0.688226 0.708893 0)
(0.561346 0.661025 0)
(0.443567 0.631346 0)
(0.34702 0.608386 0)
(0.258087 0.593474 0)
(0.179675 0.582641 0)
(0.104972 0.576255 0)
(0.0352075 0.573048 0)
(2.08663 1.04845 0)
(1.64127 2.08658 0)
(1.72062 2.02708 0)
(1.56709 1.90092 0)
(1.42858 1.73998 0)
(1.33914 1.67917 0)
(1.22418 1.76691 0)
(1.0199 1.82936 0)
(1.0416 1.38653 0)
(0.888188 1.07553 0)
(0.758358 0.913921 0)
(0.621583 0.827829 0)
(0.51148 0.762369 0)
(0.408366 0.718173 0)
(0.320666 0.685175 0)
(0.239714 0.66185 0)
(0.167039 0.645717 0)
(0.0980526 0.635442 0)
(0.0326311 0.63058 0)
(1.80363 1.39074 0)
(1.47773 2.24712 0)
(1.36495 2.17427 0)
(1.25841 2.05502 0)
(1.10649 1.92929 0)
(0.837666 1.83775 0)
(0.595972 1.96616 0)
(0.656871 1.80696 0)
(0.777002 1.3607 0)
(0.729187 1.15704 0)
(0.649448 1.01389 0)
(0.549163 0.928082 0)
(0.460408 0.853965 0)
(0.372027 0.802142 0)
(0.295137 0.761006 0)
(0.221654 0.731463 0)
(0.155604 0.710581 0)
(0.0911272 0.697169 0)
(0.0308177 0.690802 0)
(1.42486 1.92346 0)
(1.22734 2.4361 0)
(1.22752 2.22389 0)
(1.13946 2.14578 0)
(1.04764 2.13978 0)
(0.863906 2.10609 0)
(0.608632 1.97554 0)
(0.705137 1.67278 0)
(0.702285 1.3342 0)
(0.645675 1.1943 0)
(0.562054 1.08153 0)
(0.477717 0.998838 0)
(0.399349 0.924237 0)
(0.325048 0.866915 0)
(0.258158 0.821412 0)
(0.194839 0.787379 0)
(0.136814 0.76349 0)
(0.0804157 0.747787 0)
(0.0270428 0.740448 0)
(0.995924 2.30475 0)
(1.11898 2.40502 0)
(1.12112 2.25647 0)
(1.07655 2.21426 0)
(1.03151 2.19977 0)
(0.984195 2.19719 0)
(0.832914 2.11393 0)
(0.740071 1.71159 0)
(0.660277 1.41012 0)
(0.562841 1.27727 0)
(0.48131 1.16476 0)
(0.40547 1.07196 0)
(0.340797 0.991909 0)
(0.277688 0.928431 0)
(0.222707 0.878734 0)
(0.167996 0.840501 0)
(0.119393 0.813887 0)
(0.0695645 0.795972 0)
(0.0241565 0.787646 0)
(0.751696 1.57163 0)
(1.02514 2.33047 0)
(1.04641 2.2629 0)
(1.04364 2.22783 0)
(1.03032 2.22894 0)
(1.01761 2.26998 0)
(0.78331 2.22568 0)
(0.69776 1.82508 0)
(0.552872 1.50564 0)
(0.45931 1.35655 0)
(0.38269 1.2279 0)
(0.322931 1.12577 0)
(0.271018 1.04101 0)
(0.222449 0.973159 0)
(0.17935 0.920662 0)
(0.13612 0.880256 0)
(0.0971464 0.852175 0)
(0.0567362 0.833443 0)
(0.0197466 0.824787 0)
(-0.464151 0.45063 0)
(0.920872 2.15757 0)
(0.998888 2.24004 0)
(1.01437 2.22775 0)
(1.00047 2.22644 0)
(0.757426 2.40729 0)
(0.485177 2.39815 0)
(0.489326 1.90279 0)
(0.374429 1.62307 0)
(0.318398 1.42444 0)
(0.271714 1.28692 0)
(0.233292 1.17037 0)
(0.201991 1.08236 0)
(0.167376 1.01035 0)
(0.13861 0.956602 0)
(0.105067 0.914364 0)
(0.0770352 0.885425 0)
(0.044131 0.865595 0)
(0.0163883 0.856481 0)
(-2.07714 -0.895468 0)
(-0.379494 1.0094 0)
(0.523762 2.15799 0)
(0.658847 2.23604 0)
(0.55484 2.47228 0)
(0.0275522 2.78269 0)
(0.161199 2.47216 0)
(0.171898 1.94555 0)
(0.17826 1.6665 0)
(0.158223 1.4531 0)
(0.154754 1.30746 0)
(0.138121 1.18941 0)
(0.12793 1.10118 0)
(0.108395 1.03025 0)
(0.0934736 0.976791 0)
(0.0714556 0.935546 0)
(0.0538094 0.906885 0)
(0.0304859 0.887901 0)
(0.011786 0.879129 0)
(-2.86645 -1.13902 0)
(-2.86085 -0.094482 0)
(-1.94927 1.31678 0)
(-1.49642 2.17822 0)
(-1.16133 2.71193 0)
(-0.866058 2.71142 0)
(-0.359307 2.24417 0)
(-0.184791 1.86976 0)
(-0.0547918 1.62666 0)
(-0.00864388 1.44081 0)
(0.0337108 1.30241 0)
(0.0452817 1.19294 0)
(0.0575138 1.10842 0)
(0.0535554 1.04092 0)
(0.0526692 0.989639 0)
(0.0407817 0.949939 0)
(0.0337456 0.922147 0)
(0.0181824 0.90329 0)
(0.00853315 0.89436 0)
(-2.51891 -0.589132 0)
(-2.85695 0.0984838 0)
(-2.67294 0.92667 0)
(-2.2169 1.55389 0)
(-1.68781 2.00128 0)
(-1.06061 2.11488 0)
(-0.616648 1.88327 0)
(-0.386975 1.68681 0)
(-0.227806 1.51633 0)
(-0.140652 1.37669 0)
(-0.0720288 1.26094 0)
(-0.0389803 1.16862 0)
(-0.00858516 1.09383 0)
(0.000737262 1.03455 0)
(0.0125273 0.987934 0)
(0.0104972 0.952378 0)
(0.0130717 0.926893 0)
(0.00570868 0.91039 0)
(0.0041706 0.90295 0)
(-2.14904 -0.392047 0)
(-2.34689 0.0917403 0)
(-2.28259 0.733125 0)
(-1.99183 1.25382 0)
(-1.60046 1.60109 0)
(-1.11387 1.7033 0)
(-0.75313 1.61072 0)
(-0.518609 1.50823 0)
(-0.348308 1.39635 0)
(-0.238457 1.29654 0)
(-0.15498 1.20831 0)
(-0.105887 1.13457 0)
(-0.0638183 1.0718 0)
(-0.0434633 1.02158 0)
(-0.022282 0.980421 0)
(-0.0160254 0.949279 0)
(-0.00560163 0.92611 0)
(-0.00575409 0.911075 0)
(0.000477993 0.902922 0)
(-1.80014 -0.184146 0)
(-1.92829 0.198451 0)
(-1.89453 0.607879 0)
(-1.6885 0.953942 0)
(-1.40026 1.23594 0)
(-1.05755 1.36318 0)
(-0.784986 1.36107 0)
(-0.580799 1.32815 0)
(-0.422153 1.26762 0)
(-0.309961 1.20433 0)
(-0.221276 1.14178 0)
(-0.161808 1.08663 0)
(-0.111509 1.03699 0)
(-0.0815351 0.996835 0)
(-0.0524281 0.962582 0)
(-0.0383326 0.937051 0)
(-0.0207587 0.917174 0)
(-0.014251 0.904625 0)
(-0.00179854 0.897879 0)
(-1.54781 -0.103692 0)
(-1.61155 0.188815 0)
(-1.56074 0.514355 0)
(-1.43173 0.794812 0)
(-1.23183 1.01525 0)
(-0.98934 1.13559 0)
(-0.778729 1.17097 0)
(-0.602656 1.17474 0)
(-0.4598 1.14814 0)
(-0.350583 1.11319 0)
(-0.26288 1.07326 0)
(-0.199508 1.03506 0)
(-0.145929 0.998796 0)
(-0.110493 0.96819 0)
(-0.0767694 0.941018 0)
(-0.0569839 0.920546 0)
(-0.0341612 0.903955 0)
(-0.0221976 0.893681 0)
(-0.00460016 0.888054 0)
(-1.32676 -0.0293713 0)
(-1.36915 0.20588 0)
(-1.33152 0.447902 0)
(-1.23474 0.662397 0)
(-1.08516 0.842872 0)
(-0.910222 0.95838 0)
(-0.746163 1.01571 0)
(-0.601279 1.0424 0)
(-0.476731 1.04073 0)
(-0.376535 1.02705 0)
(-0.292541 1.00478 0)
(-0.22812 0.980793 0)
(-0.172856 0.955757 0)
(-0.132892 0.934006 0)
(-0.0957684 0.913571 0)
(-0.0710324 0.898279 0)
(-0.0445032 0.885312 0)
(-0.0280897 0.87769 0)
(-0.0068286 0.87337 0)
(-1.15553 0.00625843 0)
(-1.17875 0.195635 0)
(-1.14263 0.39179 0)
(-1.07295 0.568906 0)
(-0.960324 0.717722 0)
(-0.830736 0.825447 0)
(-0.700079 0.889098 0)
(-0.580154 0.929302 0)
(-0.472602 0.943906 0)
(-0.382448 0.94629 0)
(-0.304631 0.938693 0)
(-0.242656 0.927031 0)
(-0.188534 0.912468 0)
(-0.147477 0.898683 0)
(-0.109237 0.884812 0)
(-0.0818414 0.874165 0)
(-0.0530081 0.864767 0)
(-0.0331625 0.859386 0)
(-0.00873831 0.85613 0)
(-1.00489 0.0352042 0)
(-1.02028 0.193132 0)
(-0.991123 0.35252 0)
(-0.938556 0.498747 0)
(-0.85166 0.624886 0)
(-0.754773 0.724282 0)
(-0.649698 0.789506 0)
(-0.552566 0.837105 0)
(-0.460162 0.861515 0)
(-0.380958 0.874989 0)
(-0.309647 0.877569 0)
(-0.251124 0.875434 0)
(-0.198607 0.868905 0)
(-0.157202 0.861939 0)
(-0.118338 0.853604 0)
(-0.0890048 0.847171 0)
(-0.0586786 0.840889 0)
(-0.0364029 0.837457 0)
(-0.00998822 0.835216 0)
(-0.881963 0.0515892 0)
(-0.891075 0.184026 0)
(-0.86554 0.317717 0)
(-0.824967 0.442301 0)
(-0.756519 0.550605 0)
(-0.681813 0.642145 0)
(-0.595955 0.70572 0)
(-0.516638 0.757721 0)
(-0.437133 0.788569 0)
(-0.368449 0.810405 0)
(-0.304079 0.821217 0)
(-0.250494 0.826925 0)
(-0.200912 0.827409 0)
(-0.160977 0.826281 0)
(-0.122745 0.82293 0)
(-0.0929782 0.820211 0)
(-0.0620349 0.816917 0)
(-0.0384515 0.815184 0)
(-0.0107751 0.813902 0)
(-0.772536 0.0633045 0)
(-0.778545 0.177845 0)
(-0.757436 0.292276 0)
(-0.726004 0.400119 0)
(-0.671725 0.49501 0)
(-0.613974 0.578974 0)
(-0.543582 0.639551 0)
(-0.479419 0.693103 0)
(-0.410903 0.726754 0)
(-0.352024 0.75419 0)
(-0.294068 0.77013 0)
(-0.245541 0.78171 0)
(-0.199035 0.78729 0)
(-0.161094 0.790916 0)
(-0.123945 0.791589 0)
(-0.0944198 0.792008 0)
(-0.0634841 0.791199 0)
(-0.0392978 0.790868 0)
(-0.0111765 0.790417 0)
(-0.679346 0.0712752 0)
(-0.682976 0.17085 0)
(-0.665059 0.270217 0)
(-0.639863 0.365008 0)
(-0.59605 0.44919 0)
(-0.550138 0.526416 0)
(-0.491941 0.584068 0)
(-0.439552 0.637957 0)
(-0.380493 0.673445 0)
(-0.330499 0.705022 0)
(-0.27864 0.724928 0)
(-0.235596 0.741199 0)
(-0.192564 0.750942 0)
(-0.157436 0.75847 0)
(-0.121961 0.76246 0)
(-0.0934844 0.765512 0)
(-0.063212 0.76686 0)
(-0.0390666 0.767763 0)
(-0.0113378 0.768065 0)
(-0.595151 0.0760893 0)
(-0.597181 0.164705 0)
(-0.582569 0.252727 0)
(-0.562389 0.337455 0)
(-0.527021 0.413245 0)
(-0.49044 0.484441 0)
(-0.442363 0.538912 0)
(-0.399616 0.591819 0)
(-0.348833 0.627516 0)
(-0.306603 0.661612 0)
(-0.260322 0.683733 0)
(-0.222461 0.703499 0)
(-0.182924 0.716118 0)
(-0.150827 0.726786 0)
(-0.117416 0.733351 0)
(-0.0904945 0.738633 0)
(-0.0614577 0.741657 0)
(-0.0379357 0.743698 0)
(-0.011198 0.744566 0)
(-0.520778 0.0804422 0)
(-0.521751 0.159789 0)
(-0.509841 0.238717 0)
(-0.493384 0.315068 0)
(-0.464633 0.384119 0)
(-0.434895 0.4501 0)
(-0.395133 0.502012 0)
(-0.35993 0.55355 0)
(-0.316484 0.589414 0)
(-0.281005 0.625107 0)
(-0.24001 0.648835 0)
(-0.207159 0.671275 0)
(-0.171155 0.68607 0)
(-0.142339 0.69923 0)
(-0.111188 0.707757 0)
(-0.0862222 0.714853 0)
(-0.0586626 0.719184 0)
(-0.0363239 0.722203 0)
(-0.0107306 0.723513 0)
(-0.4521 0.0823515 0)
(-0.452461 0.15473 0)
(-0.442908 0.226627 0)
(-0.429504 0.296396 0)
(-0.406302 0.359851 0)
(-0.3821 0.421302 0)
(-0.349331 0.470658 0)
(-0.320309 0.520318 0)
(-0.283404 0.555744 0)
(-0.253636 0.592093 0)
(-0.217671 0.616596 0)
(-0.189449 0.640943 0)
(-0.157028 0.657176 0)
(-0.131537 0.672325 0)
(-0.102986 0.682305 0)
(-0.0802969 0.690912 0)
(-0.0546993 0.69626 0)
(-0.0339871 0.700107 0)
(-0.0100214 0.70177 0)
(-0.389882 0.0850868 0)
(-0.390086 0.151649 0)
(-0.38262 0.217838 0)
(-0.371662 0.282157 0)
(-0.353065 0.341169 0)
(-0.333338 0.398727 0)
(-0.306472 0.446115 0)
(-0.282444 0.493989 0)
(-0.251403 0.529126 0)
(-0.22647 0.565654 0)
(-0.195278 0.590759 0)
(-0.171227 0.61639 0)
(-0.142351 0.633618 0)
(-0.120059 0.6503 0)
(-0.0941339 0.661316 0)
(-0.0738221 0.67112 0)
(-0.0502693 0.677208 0)
(-0.0314062 0.681715 0)
(-0.00918108 0.683639 0)
(-0.331219 0.0860752 0)
(-0.331349 0.148173 0)
(-0.325603 0.209684 0)
(-0.31667 0.269625 0)
(-0.301911 0.324875 0)
(-0.285899 0.379045 0)
(-0.264174 0.424353 0)
(-0.244354 0.470318 0)
(-0.218621 0.504904 0)
(-0.197918 0.541112 0)
(-0.171343 0.566448 0)
(-0.151136 0.592872 0)
(-0.125937 0.610708 0)
(-0.106878 0.628529 0)
(-0.0838448 0.64028 0)
(-0.0661109 0.651047 0)
(-0.0449836 0.657682 0)
(-0.0282476 0.66273 0)
(-0.00819179 0.664854 0)
(-0.277126 0.088159 0)
(-0.277537 0.146616 0)
(-0.273433 0.204381 0)
(-0.266442 0.260798 0)
(-0.255034 0.313174 0)
(-0.242189 0.364638 0)
(-0.224899 0.408422 0)
(-0.208747 0.452766 0)
(-0.18773 0.487053 0)
(-0.170599 0.522819 0)
(-0.148325 0.548387 0)
(-0.131441 0.575234 0)
(-0.109788 0.593532 0)
(-0.0936616 0.612159 0)
(-0.0735062 0.62439 0)
(-0.0582449 0.635923 0)
(-0.0395597 0.642921 0)
(-0.0249999 0.648393 0)
(-0.00715498 0.650653 0)
(-0.225057 0.089294 0)
(-0.225596 0.144922 0)
(-0.222761 0.199529 0)
(-0.217371 0.253053 0)
(-0.208802 0.302791 0)
(-0.198692 0.351814 0)
(-0.185339 0.393975 0)
(-0.172487 0.436656 0)
(-0.155887 0.470306 0)
(-0.14206 0.505372 0)
(-0.124006 0.530944 0)
(-0.110312 0.557881 0)
(-0.0923591 0.576424 0)
(-0.079176 0.595555 0)
(-0.0621575 0.608094 0)
(-0.0495293 0.620167 0)
(-0.033559 0.627432 0)
(-0.0213534 0.633224 0)
(-0.00603425 0.635582 0)
(-0.176263 0.0910959 0)
(-0.177354 0.144491 0)
(-0.175912 0.196728 0)
(-0.172262 0.248138 0)
(-0.166239 0.296068 0)
(-0.158723 0.343378 0)
(-0.148775 0.384548 0)
(-0.138896 0.426065 0)
(-0.126143 0.459413 0)
(-0.11529 0.493906 0)
(-0.101051 0.519606 0)
(-0.0901396 0.546546 0)
(-0.0756443 0.565347 0)
(-0.065062 0.584812 0)
(-0.051074 0.597584 0)
(-0.0408663 0.610061 0)
(-0.0276028 0.617466 0)
(-0.017673 0.623522 0)
(-0.00490977 0.625924 0)
(-0.128457 0.0930947 0)
(-0.129755 0.144729 0)
(-0.129303 0.194911 0)
(-0.127086 0.244421 0)
(-0.123249 0.290507 0)
(-0.118085 0.336099 0)
(-0.111256 0.37599 0)
(-0.104194 0.416202 0)
(-0.0951046 0.448894 0)
(-0.0871799 0.482617 0)
(-0.0767704 0.508111 0)
(-0.0686883 0.534773 0)
(-0.0578205 0.553612 0)
(-0.0499286 0.57315 0)
(-0.0392182 0.58603 0)
(-0.0315719 0.598719 0)
(-0.021257 0.606235 0)
(-0.0137588 0.612454 0)
(-0.00373803 0.614919 0)
(-0.082785 0.0947774 0)
(-0.0849116 0.145204 0)
(-0.0857376 0.194163 0)
(-0.0852421 0.242626 0)
(-0.0834899 0.28779 0)
(-0.0807259 0.332518 0)
(-0.0766596 0.371892 0)
(-0.0723338 0.411469 0)
(-0.0664365 0.444002 0)
(-0.0612793 0.477372 0)
(-0.0542104 0.502936 0)
(-0.048755 0.529501 0)
(-0.0411472 0.548506 0)
(-0.0356958 0.568134 0)
(-0.0280164 0.581164 0)
(-0.0226686 0.59401 0)
(-0.0151606 0.601577 0)
(-0.00989297 0.607903 0)
(-0.00260151 0.610342 0)
(-0.0319756 0.098074 0)
(-0.0336195 0.147408 0)
(-0.0346722 0.195149 0)
(-0.0352566 0.242376 0)
(-0.0351245 0.286319 0)
(-0.0346268 0.329852 0)
(-0.0333204 0.368237 0)
(-0.0319613 0.406802 0)
(-0.0296502 0.438666 0)
(-0.0277327 0.471307 0)
(-0.0247044 0.49648 0)
(-0.0224852 0.522609 0)
(-0.0190429 0.541422 0)
(-0.016696 0.560845 0)
(-0.013075 0.573799 0)
(-0.0106942 0.5866 0)
(-0.0070504 0.594176 0)
(-0.00469893 0.600563 0)
(-0.00113207 0.603084 0)
)
;

boundaryField
{
    leftWall
    {
        type            noSlip;
    }
    rightWall
    {
        type            noSlip;
    }
    lowerWall
    {
        type            noSlip;
    }
    atmosphere
    {
        type            zeroGradient;
    }
    defaultFaces
    {
        type            empty;
    }
}


// ************************************************************************* //
