/*--------------------------------*- C++ -*----------------------------------*\
| =========                 |                                                 |
| \\      /  F ield         | OpenFOAM: The Open Source CFD Toolbox           |
|  \\    /   O peration     | Version:  2012                                  |
|   \\  /    A nd           | Website:  www.openfoam.com                      |
|    \\/     M anipulation  |                                                 |
\*---------------------------------------------------------------------------*/
FoamFile
{
    version     2.0;
    format      ascii;
    class       volVectorField;
    location    "0.23";
    object      Uc;
}
// * * * * * * * * * * * * * * * * * * * * * * * * * * * * * * * * * * * * * //

dimensions      [0 1 -1 0 0 0 0];


internalField   nonuniform List<vector> 
2268
(
(0.0252237 -0.0119205 0)
(0.0755901 -0.0118822 0)
(0.126063 -0.011971 0)
(0.177056 -0.0121279 0)
(0.228027 -0.0119603 0)
(0.279081 -0.0121675 0)
(0.330711 -0.0122327 0)
(0.382453 -0.0122202 0)
(0.433627 -0.0119642 0)
(0.484071 -0.0118754 0)
(0.533082 -0.0112867 0)
(0.580473 -0.01111 0)
(0.625066 -0.00996428 0)
(0.660919 -0.00697972 0)
(0.689567 -0.00655883 0)
(0.710794 -0.00347282 0)
(0.714346 0.00179413 0)
(0.695508 0.00710873 0)
(0.651063 0.0138954 0)
(0.573227 0.0228893 0)
(0.456604 0.0322258 0)
(0.297877 0.0427876 0)
(0.103669 0.0489968 0)
(0.0251979 -0.0357494 0)
(0.0755641 -0.0356587 0)
(0.126044 -0.0359038 0)
(0.177007 -0.0363786 0)
(0.227979 -0.0358869 0)
(0.279042 -0.0365008 0)
(0.330682 -0.0367041 0)
(0.382492 -0.0366863 0)
(0.433792 -0.0359268 0)
(0.484294 -0.0356192 0)
(0.533444 -0.0339325 0)
(0.581294 -0.0334744 0)
(0.625968 -0.0297866 0)
(0.662777 -0.0214968 0)
(0.692473 -0.0196145 0)
(0.713187 -0.0102381 0)
(0.717749 0.00472433 0)
(0.700354 0.0213025 0)
(0.655505 0.0419009 0)
(0.575338 0.0695549 0)
(0.454141 0.0979521 0)
(0.291639 0.128872 0)
(0.100011 0.145262 0)
(0.0251649 -0.0595505 0)
(0.0755367 -0.0594656 0)
(0.126017 -0.0598095 0)
(0.176933 -0.0606202 0)
(0.227937 -0.0598384 0)
(0.279055 -0.0608398 0)
(0.330759 -0.0612045 0)
(0.382731 -0.0612323 0)
(0.434312 -0.0600015 0)
(0.485125 -0.0594252 0)
(0.534802 -0.0568313 0)
(0.583308 -0.0561126 0)
(0.628472 -0.0496054 0)
(0.667427 -0.037483 0)
(0.699957 -0.0330358 0)
(0.721965 -0.0170069 0)
(0.729483 0.00578415 0)
(0.717911 0.0339324 0)
(0.680679 0.0680617 0)
(0.610953 0.114232 0)
(0.500306 0.162843 0)
(0.339377 0.216833 0)
(0.122434 0.250396 0)
(0.0251237 -0.0833165 0)
(0.0754632 -0.083295 0)
(0.125877 -0.083662 0)
(0.176695 -0.0848466 0)
(0.227721 -0.0838303 0)
(0.278891 -0.0851886 0)
(0.330636 -0.085745 0)
(0.382738 -0.0858764 0)
(0.434607 -0.0842468 0)
(0.485916 -0.0834419 0)
(0.536269 -0.0800882 0)
(0.585269 -0.0789364 0)
(0.63095 -0.0697144 0)
(0.671432 -0.0549151 0)
(0.706764 -0.047675 0)
(0.731183 -0.0243087 0)
(0.739582 0.00556429 0)
(0.728254 0.0449742 0)
(0.690149 0.092624 0)
(0.617128 0.157131 0)
(0.502962 0.226189 0)
(0.33905 0.307004 0)
(0.121379 0.365628 0)
(0.0250837 -0.107044 0)
(0.0753746 -0.107124 0)
(0.125708 -0.107445 0)
(0.176446 -0.109058 0)
(0.227545 -0.107882 0)
(0.278846 -0.109564 0)
(0.33073 -0.110344 0)
(0.383072 -0.110637 0)
(0.435403 -0.108731 0)
(0.487483 -0.107819 0)
(0.538896 -0.103805 0)
(0.589048 -0.102078 0)
(0.636191 -0.0904411 0)
(0.679655 -0.0738604 0)
(0.718544 -0.0638059 0)
(0.746909 -0.0331231 0)
(0.76211 0.00322574 0)
(0.760496 0.0534289 0)
(0.734408 0.114507 0)
(0.675017 0.197825 0)
(0.571946 0.28816 0)
(0.407089 0.400407 0)
(0.152871 0.495244 0)
(0.0250096 -0.130718 0)
(0.0751798 -0.130928 0)
(0.125375 -0.13115 0)
(0.175973 -0.133244 0)
(0.22707 -0.131993 0)
(0.278435 -0.133972 0)
(0.330384 -0.135007 0)
(0.382874 -0.135517 0)
(0.435603 -0.133501 0)
(0.488331 -0.13258 0)
(0.540668 -0.128075 0)
(0.592134 -0.125832 0)
(0.640991 -0.112056 0)
(0.687138 -0.0945944 0)
(0.728843 -0.0811595 0)
(0.759887 -0.0438457 0)
(0.779354 -0.00243526 0)
(0.782065 0.0585714 0)
(0.758374 0.132889 0)
(0.698233 0.235934 0)
(0.592794 0.348592 0)
(0.419509 0.499778 0)
(0.155294 0.640883 0)
(0.0249379 -0.154323 0)
(0.0749841 -0.154685 0)
(0.125071 -0.154786 0)
(0.175591 -0.157396 0)
(0.22673 -0.156157 0)
(0.278236 -0.158424 0)
(0.33037 -0.159743 0)
(0.383171 -0.16054 0)
(0.436513 -0.158606 0)
(0.490164 -0.157749 0)
(0.543849 -0.153012 0)
(0.597297 -0.150477 0)
(0.648806 -0.134843 0)
(0.698859 -0.117271 0)
(0.745063 -0.100027 0)
(0.782312 -0.0572524 0)
(0.810889 -0.0117337 0)
(0.825133 0.0598574 0)
(0.817436 0.146436 0)
(0.777251 0.2698 0)
(0.694001 0.403899 0)
(0.532475 0.6027 0)
(0.211806 0.814372 0)
(0.0248281 -0.177842 0)
(0.0746544 -0.178365 0)
(0.124562 -0.178363 0)
(0.174929 -0.181497 0)
(0.225966 -0.180343 0)
(0.277454 -0.182912 0)
(0.329635 -0.184553 0)
(0.382619 -0.185723 0)
(0.43644 -0.184067 0)
(0.490867 -0.183365 0)
(0.54574 -0.1787 0)
(0.600735 -0.176037 0)
(0.65443 -0.159 0)
(0.707917 -0.142046 0)
(0.758281 -0.12089 0)
(0.80122 -0.074286 0)
(0.836587 -0.0249199 0)
(0.856065 0.0571067 0)
(0.856043 0.152834 0)
(0.825418 0.296866 0)
(0.74705 0.453213 0)
(0.580138 0.708604 0)
(0.232455 1.02433 0)
(-0.0478038 0.0202498 0)
(-0.141738 0.0195385 0)
(-0.212698 0.0104767 0)
(-0.24809 0.00440988 0)
(-0.254261 -0.00195301 0)
(-0.236315 -0.00584891 0)
(-0.205564 -0.00739896 0)
(-0.167573 -0.0089284 0)
(-0.126323 -0.00878444 0)
(-0.0870426 -0.00809006 0)
(-0.0524903 -0.00677263 0)
(-0.0243214 -0.00537445 0)
(-0.00338184 -0.00369682 0)
(0.0104617 -0.00235577 0)
(0.0178891 -0.000967169 0)
(0.0196863 3.93346e-05 0)
(0.0171936 0.000857931 0)
(0.0115464 0.00138126 0)
(0.00405388 0.00164296 0)
(-0.0570087 0.0646648 0)
(-0.159771 0.0584554 0)
(-0.224026 0.0287381 0)
(-0.249805 0.0118325 0)
(-0.252225 -0.00605775 0)
(-0.234003 -0.017465 0)
(-0.20379 -0.0220496 0)
(-0.166061 -0.0268211 0)
(-0.124815 -0.0263158 0)
(-0.0854611 -0.0243391 0)
(-0.0507703 -0.0203078 0)
(-0.0226315 -0.0161205 0)
(-0.00178945 -0.0110518 0)
(0.0118359 -0.00701317 0)
(0.0190428 -0.0028617 0)
(0.0206504 0.000158932 0)
(0.0179464 0.00262278 0)
(0.0120288 0.00420993 0)
(0.00421739 0.00499847 0)
(-0.0549214 0.112107 0)
(-0.162049 0.0999571 0)
(-0.239582 0.047211 0)
(-0.27139 0.0175192 0)
(-0.2708 -0.0113031 0)
(-0.248274 -0.029888 0)
(-0.213514 -0.0375985 0)
(-0.171913 -0.0453508 0)
(-0.127756 -0.0444466 0)
(-0.0862816 -0.0409218 0)
(-0.0503278 -0.0341054 0)
(-0.0213596 -0.0269441 0)
(-0.000138799 -0.0184487 0)
(0.0135865 -0.0115781 0)
(0.0205748 -0.00466158 0)
(0.0218164 0.000420438 0)
(0.0186843 0.0045179 0)
(0.0124293 0.00716709 0)
(0.00434449 0.0084777 0)
(-0.0662956 0.1635 0)
(-0.18442 0.144043 0)
(-0.249747 0.0635561 0)
(-0.267163 0.0217767 0)
(-0.264572 -0.0172504 0)
(-0.242774 -0.0431299 0)
(-0.208684 -0.0539779 0)
(-0.166774 -0.0648285 0)
(-0.121862 -0.0631888 0)
(-0.0800438 -0.0579412 0)
(-0.0439052 -0.0480818 0)
(-0.015366 -0.0377587 0)
(0.00522657 -0.0257481 0)
(0.0181044 -0.0159223 0)
(0.0243185 -0.00625968 0)
(0.0248702 0.000929701 0)
(0.0210009 0.00666133 0)
(0.0138767 0.0103895 0)
(0.00482977 0.0122176 0)
(-0.0737912 0.22292 0)
(-0.214168 0.194245 0)
(-0.303745 0.0789082 0)
(-0.32008 0.0204461 0)
(-0.29945 -0.0261334 0)
(-0.26802 -0.0572243 0)
(-0.22704 -0.0721504 0)
(-0.178032 -0.0856634 0)
(-0.127883 -0.0831218 0)
(-0.0820698 -0.075615 0)
(-0.0434879 -0.0625212 0)
(-0.0132049 -0.0486692 0)
(0.00822155 -0.0330387 0)
(0.0213498 -0.0200208 0)
(0.0271625 -0.00760287 0)
(0.0270389 0.00176535 0)
(0.0224183 0.00911203 0)
(0.0146805 0.0139359 0)
(0.00508957 0.0162747 0)
(-0.0907297 0.292733 0)
(-0.243196 0.248662 0)
(-0.308081 0.0898585 0)
(-0.310035 0.0169408 0)
(-0.29717 -0.0372118 0)
(-0.265247 -0.0734296 0)
(-0.221715 -0.0922285 0)
(-0.170421 -0.108584 0)
(-0.117421 -0.104409 0)
(-0.0705141 -0.0940989 0)
(-0.0315786 -0.0773398 0)
(-0.00227824 -0.0595237 0)
(0.017819 -0.0401738 0)
(0.0294079 -0.0237258 0)
(0.0338102 -0.00856827 0)
(0.0323857 0.00306443 0)
(0.0263752 0.0120108 0)
(0.017103 0.0179486 0)
(0.00589525 0.0207854 0)
(-0.110593 0.378201 0)
(-0.313653 0.314088 0)
(-0.42217 0.0978565 0)
(-0.407685 0.00327927 0)
(-0.351877 -0.0530978 0)
(-0.303947 -0.0918455 0)
(-0.250072 -0.115581 0)
(-0.187476 -0.134011 0)
(-0.126692 -0.127714 0)
(-0.073458 -0.113721 0)
(-0.0306318 -0.0928249 0)
(0.00124463 -0.0703889 0)
(0.0223952 -0.0471801 0)
(0.0341852 -0.0269897 0)
(0.0378865 -0.00907596 0)
(0.0354533 0.004889 0)
(0.0284437 0.0154011 0)
(0.0183205 0.0224851 0)
(0.00629427 0.0258089 0)
(-0.138069 0.483804 0)
(-0.352632 0.385793 0)
(-0.415787 0.0988409 0)
(-0.39295 -0.0139132 0)
(-0.36347 -0.0725199 0)
(-0.313076 -0.114582 0)
(-0.24946 -0.143154 0)
(-0.180232 -0.162844 0)
(-0.113364 -0.15351 0)
(-0.057486 -0.134667 0)
(-0.0138156 -0.108999 0)
(0.0169256 -0.0811769 0)
(0.0363454 -0.0539747 0)
(0.0461214 -0.0296932 0)
(0.0478327 -0.00899832 0)
(0.0433378 0.00743524 0)
(0.0340688 0.0194568 0)
(0.0216865 0.0276803 0)
(0.00741338 0.0314787 0)
(0.024676 -0.21438 0)
(0.074202 -0.215158 0)
(0.12389 -0.215103 0)
(0.174091 -0.219024 0)
(0.225062 -0.218173 0)
(0.276686 -0.221309 0)
(0.329183 -0.223587 0)
(0.382766 -0.225592 0)
(0.437666 -0.224819 0)
(0.493782 -0.224743 0)
(0.55118 -0.220951 0)
(0.609662 -0.218563 0)
(0.66858 -0.201075 0)
(0.729377 -0.186364 0)
(0.788336 -0.15964 0)
(0.844781 -0.112568 0)
(0.896385 -0.0552245 0)
(0.938448 0.0359232 0)
(0.97474 0.137547 0)
(1.0134 0.287767 0)
(1.05733 0.455186 0)
(1.12373 0.718766 0)
(1.20581 1.09597 0)
(0.0243417 -0.263653 0)
(0.0731909 -0.264773 0)
(0.12229 -0.26479 0)
(0.171951 -0.269721 0)
(0.222489 -0.269514 0)
(0.273947 -0.273589 0)
(0.326525 -0.276931 0)
(0.380549 -0.280419 0)
(0.436471 -0.281393 0)
(0.494388 -0.282799 0)
(0.55457 -0.281089 0)
(0.617024 -0.279993 0)
(0.682519 -0.264708 0)
(0.751619 -0.253307 0)
(0.822099 -0.222811 0)
(0.894612 -0.17903 0)
(0.962895 -0.109274 0)
(1.02622 -0.0159675 0)
(1.08298 0.0958976 0)
(1.12811 0.245196 0)
(1.16596 0.415547 0)
(1.22905 0.628241 0)
(1.36181 0.970529 0)
(0.0239238 -0.312171 0)
(0.0719331 -0.31362 0)
(0.120314 -0.313932 0)
(0.169383 -0.319824 0)
(0.219495 -0.320584 0)
(0.270843 -0.325861 0)
(0.323611 -0.330553 0)
(0.378185 -0.335962 0)
(0.435228 -0.339405 0)
(0.49513 -0.343221 0)
(0.55831 -0.344672 0)
(0.625943 -0.347176 0)
(0.700038 -0.337843 0)
(0.780461 -0.330477 0)
(0.867036 -0.303515 0)
(0.957347 -0.262 0)
(1.04589 -0.183951 0)
(1.1372 -0.0967318 0)
(1.22577 0.0305702 0)
(1.30862 0.18198 0)
(1.39038 0.358623 0)
(1.47977 0.531891 0)
(1.60284 0.809714 0)
(0.023352 -0.359694 0)
(0.0701885 -0.361438 0)
(0.117451 -0.362257 0)
(0.165433 -0.369057 0)
(0.214497 -0.371045 0)
(0.264978 -0.377762 0)
(0.317115 -0.384105 0)
(0.371376 -0.391813 0)
(0.428672 -0.398491 0)
(0.489678 -0.405674 0)
(0.554562 -0.410952 0)
(0.624914 -0.419601 0)
(0.70415 -0.419549 0)
(0.794471 -0.420407 0)
(0.897409 -0.404088 0)
(1.00867 -0.364052 0)
(1.12472 -0.287567 0)
(1.23943 -0.200213 0)
(1.34573 -0.0618296 0)
(1.43488 0.101578 0)
(1.49346 0.298017 0)
(1.54734 0.457926 0)
(1.63159 0.684793 0)
(0.0226243 -0.40591 0)
(0.0680092 -0.407925 0)
(0.113948 -0.409458 0)
(0.160719 -0.417102 0)
(0.208757 -0.420609 0)
(0.258556 -0.429001 0)
(0.310355 -0.437345 0)
(0.364446 -0.447489 0)
(0.421637 -0.457899 0)
(0.483137 -0.469412 0)
(0.549775 -0.479423 0)
(0.624406 -0.49687 0)
(0.710908 -0.508883 0)
(0.811167 -0.52265 0)
(0.92542 -0.520258 0)
(1.0435 -0.478715 0)
(1.14951 -0.396586 0)
(1.24077 -0.298448 0)
(1.31974 -0.14961 0)
(1.3969 0.0231018 0)
(1.48879 0.226663 0)
(1.57898 0.395103 0)
(1.65913 0.592478 0)
(0.0219458 -0.450713 0)
(0.0659456 -0.452974 0)
(0.110531 -0.455407 0)
(0.155817 -0.463691 0)
(0.202248 -0.468983 0)
(0.250395 -0.479084 0)
(0.300432 -0.489629 0)
(0.353049 -0.502471 0)
(0.409493 -0.517144 0)
(0.472091 -0.534914 0)
(0.541238 -0.550416 0)
(0.616179 -0.576241 0)
(0.698261 -0.599191 0)
(0.782819 -0.618816 0)
(0.866517 -0.623721 0)
(0.975452 -0.603044 0)
(1.15313 -0.557093 0)
(1.35384 -0.43167 0)
(1.48876 -0.231251 0)
(1.54965 -0.0331716 0)
(1.56413 0.177673 0)
(1.58732 0.332074 0)
(1.65289 0.510895 0)
(0.0211082 -0.493991 0)
(0.0633497 -0.496386 0)
(0.106216 -0.499903 0)
(0.14983 -0.508559 0)
(0.194768 -0.515961 0)
(0.242009 -0.527994 0)
(0.291788 -0.541056 0)
(0.344647 -0.557074 0)
(0.400462 -0.575393 0)
(0.459036 -0.5986 0)
(0.520824 -0.618999 0)
(0.584741 -0.64866 0)
(0.660017 -0.686153 0)
(0.701097 -0.658473 0)
(0.763414 -0.730719 0)
(0.958451 -0.799317 0)
(1.23006 -0.810311 0)
(1.49426 -0.645869 0)
(1.68375 -0.343273 0)
(1.76677 -0.0659307 0)
(1.79375 0.16891 0)
(1.80341 0.308514 0)
(1.8025 0.470732 0)
(0.0205615 -0.53588 0)
(0.0616219 -0.538238 0)
(0.103539 -0.543283 0)
(0.146541 -0.552257 0)
(0.190772 -0.561927 0)
(0.236317 -0.575423 0)
(0.282578 -0.590606 0)
(0.330348 -0.609759 0)
(0.381335 -0.632059 0)
(0.439571 -0.661601 0)
(0.526395 -0.706976 0)
(0.622362 -0.722682 0)
(0.645716 -0.712103 0)
(0.630215 -0.657924 0)
(0.723318 -0.886855 0)
(0.896354 -1.01165 0)
(1.02905 -1.00312 0)
(1.113 -0.803127 0)
(1.1684 -0.432284 0)
(1.25405 -0.14657 0)
(1.43077 0.0446733 0)
(1.6663 0.186167 0)
(1.90434 0.354658 0)
(0.0200506 -0.57771 0)
(0.0598286 -0.57975 0)
(0.100247 -0.586839 0)
(0.141524 -0.596108 0)
(0.183266 -0.607563 0)
(0.22703 -0.622607 0)
(0.276506 -0.642329 0)
(0.355988 -0.688267 0)
(0.48156 -0.733225 0)
(0.644056 -0.784336 0)
(0.817049 -0.846409 0)
(0.940048 -0.803267 0)
(0.945008 -0.659861 0)
(0.885202 -0.634565 0)
(0.857306 -0.975892 0)
(0.858608 -1.09804 0)
(0.852794 -1.04445 0)
(0.822163 -0.815517 0)
(0.831704 -0.485279 0)
(0.956732 -0.305462 0)
(1.17917 -0.1978 0)
(1.47552 -0.10613 0)
(1.83169 0.0495194 0)
(0.0206262 -0.619975 0)
(0.0625373 -0.62235 0)
(0.110061 -0.635406 0)
(0.172673 -0.654894 0)
(0.256061 -0.677707 0)
(0.360025 -0.703954 0)
(0.484718 -0.738354 0)
(0.6348 -0.824293 0)
(0.806963 -0.89674 0)
(0.986446 -0.96452 0)
(1.12992 -0.984437 0)
(1.20703 -0.866468 0)
(1.23208 -0.626915 0)
(1.17834 -0.553453 0)
(1.02533 -0.875322 0)
(0.874953 -1.04899 0)
(0.782541 -0.994916 0)
(0.729583 -0.78113 0)
(0.777097 -0.577129 0)
(0.945682 -0.50888 0)
(1.19228 -0.465996 0)
(1.48272 -0.427902 0)
(1.79103 -0.296791 0)
(0.0322713 -0.673535 0)
(0.0980927 -0.677785 0)
(0.169117 -0.69963 0)
(0.249829 -0.73501 0)
(0.342444 -0.774653 0)
(0.453167 -0.822917 0)
(0.583891 -0.876234 0)
(0.724364 -0.978576 0)
(0.872668 -1.06468 0)
(1.0264 -1.1316 0)
(1.1638 -1.09978 0)
(1.27102 -0.936495 0)
(1.32424 -0.635657 0)
(1.30473 -0.471162 0)
(1.19647 -0.695099 0)
(1.00567 -0.886425 0)
(0.830574 -0.888702 0)
(0.761443 -0.764724 0)
(0.810286 -0.690516 0)
(0.942088 -0.697572 0)
(1.12657 -0.710768 0)
(1.36109 -0.710959 0)
(1.64069 -0.604845 0)
(0.0349236 -0.741109 0)
(0.106288 -0.74817 0)
(0.179593 -0.77438 0)
(0.250908 -0.813136 0)
(0.318329 -0.857464 0)
(0.389887 -0.923407 0)
(0.472682 -0.990449 0)
(0.573051 -1.10654 0)
(0.710565 -1.22411 0)
(0.875864 -1.29295 0)
(1.0258 -1.22735 0)
(1.13823 -1.0298 0)
(1.199 -0.657025 0)
(1.21014 -0.44147 0)
(1.15388 -0.559505 0)
(0.997766 -0.673395 0)
(0.826924 -0.754092 0)
(0.760016 -0.762701 0)
(0.803177 -0.785144 0)
(0.913131 -0.84609 0)
(1.0698 -0.905321 0)
(1.2837 -0.967303 0)
(1.55532 -0.902724 0)
(0.0230436 -0.799406 0)
(0.0705511 -0.809422 0)
(0.119077 -0.835652 0)
(0.169605 -0.874404 0)
(0.223977 -0.918694 0)
(0.284352 -0.994868 0)
(0.356057 -1.07437 0)
(0.443834 -1.21183 0)
(0.544883 -1.3587 0)
(0.633411 -1.41358 0)
(0.686963 -1.31135 0)
(0.711894 -1.08397 0)
(0.730533 -0.68277 0)
(0.749832 -0.446413 0)
(0.725766 -0.47391 0)
(0.655749 -0.531777 0)
(0.610138 -0.678235 0)
(0.628555 -0.789929 0)
(0.710493 -0.88379 0)
(0.840567 -0.988854 0)
(1.00892 -1.08942 0)
(1.23924 -1.22988 0)
(1.53373 -1.20935 0)
(0.0173826 -0.840072 0)
(0.0534798 -0.852855 0)
(0.0889021 -0.876663 0)
(0.122158 -0.917674 0)
(0.153692 -0.961842 0)
(0.184732 -1.04368 0)
(0.218968 -1.13212 0)
(0.252908 -1.2765 0)
(0.266924 -1.40978 0)
(0.246671 -1.43121 0)
(0.191756 -1.29242 0)
(0.125679 -1.06161 0)
(0.111719 -0.709914 0)
(0.156514 -0.48379 0)
(0.208277 -0.46447 0)
(0.27125 -0.534237 0)
(0.35929 -0.718535 0)
(0.460845 -0.870342 0)
(0.581302 -1.00695 0)
(0.732335 -1.1484 0)
(0.918802 -1.28669 0)
(1.15922 -1.50595 0)
(1.47602 -1.54791 0)
(0.0114454 -0.869078 0)
(0.0343252 -0.883189 0)
(0.0555269 -0.903304 0)
(0.0737718 -0.942861 0)
(0.0886348 -0.983356 0)
(0.0978973 -1.06274 0)
(0.0981218 -1.14776 0)
(0.0789765 -1.27579 0)
(0.0232076 -1.36858 0)
(-0.067457 -1.36098 0)
(-0.171711 -1.20273 0)
(-0.254518 -1.00173 0)
(-0.263983 -0.74634 0)
(-0.196286 -0.560534 0)
(-0.0826702 -0.554065 0)
(0.0612047 -0.652673 0)
(0.200047 -0.828276 0)
(0.321226 -0.984615 0)
(0.444754 -1.13806 0)
(0.591368 -1.31662 0)
(0.777112 -1.49277 0)
(1.02032 -1.78618 0)
(1.36068 -1.92842 0)
(0.00718246 -0.887831 0)
(0.0201164 -0.900494 0)
(0.0292303 -0.916531 0)
(0.0334273 -0.952251 0)
(0.0314131 -0.986943 0)
(0.0184666 -1.05551 0)
(-0.0120634 -1.12459 0)
(-0.0689985 -1.22255 0)
(-0.157257 -1.27711 0)
(-0.264375 -1.25372 0)
(-0.361378 -1.10777 0)
(-0.419487 -0.955122 0)
(-0.413446 -0.789595 0)
(-0.328327 -0.670983 0)
(-0.188333 -0.698648 0)
(-0.046076 -0.79582 0)
(0.0674504 -0.938925 0)
(0.161079 -1.09001 0)
(0.254746 -1.25112 0)
(0.363098 -1.46 0)
(0.511292 -1.68522 0)
(0.730307 -2.05853 0)
(1.08829 -2.35825 0)
(0.00246404 -0.897557 0)
(0.00531865 -0.906697 0)
(0.00449345 -0.918719 0)
(-0.000861225 -0.94896 0)
(-0.0131137 -0.975955 0)
(-0.0375304 -1.02901 0)
(-0.0806485 -1.07713 0)
(-0.148581 -1.14456 0)
(-0.242612 -1.17193 0)
(-0.342985 -1.1504 0)
(-0.417017 -1.03924 0)
(-0.446589 -0.935596 0)
(-0.419552 -0.842461 0)
(-0.335161 -0.788604 0)
(-0.229729 -0.827833 0)
(-0.136104 -0.903852 0)
(-0.059216 -1.02241 0)
(0.00373239 -1.16404 0)
(0.0626174 -1.33057 0)
(0.1241 -1.5514 0)
(0.214289 -1.83359 0)
(0.355716 -2.27264 0)
(0.600862 -2.7506 0)
(-0.00228265 -0.897769 0)
(-0.00732556 -0.904345 0)
(-0.0139237 -0.91367 0)
(-0.0247585 -0.937798 0)
(-0.0423403 -0.957191 0)
(-0.0705765 -0.994907 0)
(-0.114675 -1.02363 0)
(-0.178535 -1.06566 0)
(-0.259566 -1.07494 0)
(-0.340672 -1.06504 0)
(-0.394639 -0.996009 0)
(-0.406872 -0.936889 0)
(-0.381458 -0.893981 0)
(-0.329522 -0.874213 0)
(-0.268998 -0.909144 0)
(-0.214981 -0.971055 0)
(-0.175417 -1.07238 0)
(-0.152077 -1.20093 0)
(-0.142722 -1.3624 0)
(-0.151797 -1.57238 0)
(-0.182178 -1.87287 0)
(-0.255254 -2.30222 0)
(-0.371242 -2.85101 0)
(-0.00525793 -0.890221 0)
(-0.015424 -0.896668 0)
(-0.0264297 -0.903714 0)
(-0.0412578 -0.92202 0)
(-0.0613539 -0.935158 0)
(-0.0885144 -0.96132 0)
(-0.125125 -0.976153 0)
(-0.172856 -1.00103 0)
(-0.230186 -1.00056 0)
(-0.286911 -1.00095 0)
(-0.328139 -0.964492 0)
(-0.346641 -0.937591 0)
(-0.34397 -0.921597 0)
(-0.325026 -0.917938 0)
(-0.301082 -0.950425 0)
(-0.284824 -1.00052 0)
(-0.281424 -1.08621 0)
(-0.294042 -1.19798 0)
(-0.329172 -1.33955 0)
(-0.398683 -1.51636 0)
(-0.525023 -1.77149 0)
(-0.75846 -2.09563 0)
(-1.14586 -2.55174 0)
(-0.00571138 -0.879226 0)
(-0.0183265 -0.884827 0)
(-0.0331427 -0.889664 0)
(-0.0509697 -0.90331 0)
(-0.0727139 -0.911876 0)
(-0.0993449 -0.930597 0)
(-0.131848 -0.93747 0)
(-0.170062 -0.953387 0)
(-0.212579 -0.947901 0)
(-0.255742 -0.95327 0)
(-0.292064 -0.934294 0)
(-0.31548 -0.925733 0)
(-0.326361 -0.925287 0)
(-0.329993 -0.929729 0)
(-0.335552 -0.95721 0)
(-0.349043 -0.996611 0)
(-0.37293 -1.06963 0)
(-0.414632 -1.16007 0)
(-0.482776 -1.27377 0)
(-0.586641 -1.40798 0)
(-0.745445 -1.59335 0)
(-0.992174 -1.79122 0)
(-1.38829 -2.06867 0)
(-0.00743957 -0.86604 0)
(-0.0232767 -0.869479 0)
(-0.0408599 -0.87251 0)
(-0.060662 -0.882706 0)
(-0.083389 -0.887845 0)
(-0.109606 -0.901573 0)
(-0.139868 -0.903473 0)
(-0.173721 -0.915012 0)
(-0.209663 -0.90748 0)
(-0.245619 -0.914235 0)
(-0.276996 -0.905352 0)
(-0.301042 -0.907045 0)
(-0.320485 -0.913576 0)
(-0.34007 -0.918189 0)
(-0.364185 -0.939013 0)
(-0.394848 -0.970519 0)
(-0.435887 -1.03056 0)
(-0.496095 -1.09681 0)
(-0.583794 -1.18049 0)
(-0.708207 -1.27191 0)
(-0.88528 -1.39192 0)
(-1.13272 -1.49603 0)
(-1.48274 -1.61395 0)
(-0.0096827 -0.848862 0)
(-0.0291031 -0.851283 0)
(-0.0489743 -0.853124 0)
(-0.0703758 -0.860742 0)
(-0.0940886 -0.863196 0)
(-0.120499 -0.873389 0)
(-0.149562 -0.872095 0)
(-0.180455 -0.881378 0)
(-0.211159 -0.874194 0)
(-0.240721 -0.881737 0)
(-0.269228 -0.877731 0)
(-0.297906 -0.881746 0)
(-0.328555 -0.888604 0)
(-0.360787 -0.89116 0)
(-0.395817 -0.906678 0)
(-0.437473 -0.930252 0)
(-0.491217 -0.975643 0)
(-0.562395 -1.01975 0)
(-0.656291 -1.07511 0)
(-0.780707 -1.12727 0)
(-0.94583 -1.19269 0)
(-1.15992 -1.23144 0)
(-1.43346 -1.25186 0)
(-0.00975295 -0.82936 0)
(-0.0295542 -0.831429 0)
(-0.0501088 -0.832412 0)
(-0.0719815 -0.838024 0)
(-0.0955251 -0.838481 0)
(-0.120945 -0.846073 0)
(-0.148033 -0.843039 0)
(-0.176362 -0.850974 0)
(-0.205219 -0.8448 0)
(-0.235258 -0.851295 0)
(-0.267174 -0.847512 0)
(-0.300303 -0.849914 0)
(-0.334988 -0.854844 0)
(-0.371383 -0.85602 0)
(-0.411276 -0.866592 0)
(-0.459045 -0.880537 0)
(-0.519399 -0.91076 0)
(-0.595803 -0.936382 0)
(-0.691867 -0.967628 0)
(-0.813357 -0.98767 0)
(-0.967126 -1.01184 0)
(-1.15759 -1.00572 0)
(-1.38664 -0.972483 0)
(-0.0097786 -0.809762 0)
(-0.0296836 -0.811185 0)
(-0.0503787 -0.811263 0)
(-0.0722874 -0.815235 0)
(-0.0956262 -0.814215 0)
(-0.120583 -0.819772 0)
(-0.147061 -0.815568 0)
(-0.17526 -0.821695 0)
(-0.205076 -0.815174 0)
(-0.236601 -0.819111 0)
(-0.269149 -0.814971 0)
(-0.302536 -0.815671 0)
(-0.338837 -0.817811 0)
(-0.378484 -0.816697 0)
(-0.422556 -0.821599 0)
(-0.473782 -0.826108 0)
(-0.535802 -0.842269 0)
(-0.611447 -0.852126 0)
(-0.702999 -0.86339 0)
(-0.813318 -0.858994 0)
(-0.94495 -0.853734 0)
(-1.09945 -0.817169 0)
(-1.27574 -0.753698 0)
(-0.0102004 -0.789715 0)
(-0.0307917 -0.790597 0)
(-0.0518769 -0.789925 0)
(-0.0738644 -0.79252 0)
(-0.0970327 -0.790253 0)
(-0.121687 -0.793936 0)
(-0.147807 -0.788604 0)
(-0.175595 -0.792453 0)
(-0.204564 -0.785399 0)
(-0.234571 -0.787109 0)
(-0.266386 -0.782351 0)
(-0.300654 -0.780362 0)
(-0.338421 -0.778744 0)
(-0.379717 -0.774479 0)
(-0.425362 -0.773715 0)
(-0.477143 -0.770532 0)
(-0.537805 -0.774612 0)
(-0.609986 -0.771277 0)
(-0.695428 -0.766417 0)
(-0.795166 -0.744913 0)
(-0.909774 -0.720391 0)
(-1.03899 -0.665419 0)
(-1.17928 -0.58732 0)
(-0.0103159 -0.769129 0)
(-0.0311186 -0.769647 0)
(-0.0523321 -0.768429 0)
(-0.0742995 -0.769905 0)
(-0.0972066 -0.766625 0)
(-0.121335 -0.768599 0)
(-0.146606 -0.762356 0)
(-0.173223 -0.764084 0)
(-0.201154 -0.756644 0)
(-0.230836 -0.755936 0)
(-0.262985 -0.7493 0)
(-0.297308 -0.74454 0)
(-0.33453 -0.739263 0)
(-0.375228 -0.731618 0)
(-0.420225 -0.725543 0)
(-0.470783 -0.715915 0)
(-0.528815 -0.710003 0)
(-0.59609 -0.695792 0)
(-0.673228 -0.678568 0)
(-0.759741 -0.645636 0)
(-0.855416 -0.608387 0)
(-0.959381 -0.543131 0)
(-1.06766 -0.459844 0)
(-0.0101078 -0.748635 0)
(-0.0304741 -0.74883 0)
(-0.0512022 -0.747159 0)
(-0.0726054 -0.747651 0)
(-0.0948292 -0.743586 0)
(-0.118148 -0.744017 0)
(-0.142563 -0.737068 0)
(-0.168393 -0.736725 0)
(-0.195887 -0.728363 0)
(-0.225141 -0.725047 0)
(-0.256455 -0.716471 0)
(-0.28995 -0.709272 0)
(-0.326452 -0.700498 0)
(-0.366305 -0.689489 0)
(-0.410007 -0.67859 0)
(-0.458356 -0.663527 0)
(-0.512642 -0.649571 0)
(-0.574037 -0.626969 0)
(-0.642613 -0.601006 0)
(-0.717532 -0.561016 0)
(-0.798336 -0.515704 0)
(-0.883465 -0.445831 0)
(-0.968811 -0.362611 0)
(-0.00977142 -0.728689 0)
(-0.0294652 -0.72858 0)
(-0.0495121 -0.726494 0)
(-0.0702183 -0.72606 0)
(-0.0917184 -0.721298 0)
(-0.114299 -0.720237 0)
(-0.138009 -0.712545 0)
(-0.16311 -0.710124 0)
(-0.189736 -0.700633 0)
(-0.217904 -0.695127 0)
(-0.248082 -0.68465 0)
(-0.280419 -0.67499 0)
(-0.31538 -0.663018 0)
(-0.353237 -0.648929 0)
(-0.394495 -0.633824 0)
(-0.439699 -0.614332 0)
(-0.489547 -0.594171 0)
(-0.54452 -0.565478 0)
(-0.60438 -0.533477 0)
(-0.668276 -0.489096 0)
(-0.735469 -0.438948 0)
(-0.804142 -0.368079 0)
(-0.870646 -0.287821 0)
(-0.00948903 -0.709364 0)
(-0.0285953 -0.708975 0)
(-0.0479977 -0.706517 0)
(-0.0679564 -0.705232 0)
(-0.0885921 -0.699842 0)
(-0.110163 -0.697382 0)
(-0.132726 -0.688956 0)
(-0.156477 -0.684676 0)
(-0.181613 -0.674119 0)
(-0.208299 -0.666571 0)
(-0.236937 -0.654156 0)
(-0.267601 -0.642227 0)
(-0.300682 -0.627457 0)
(-0.33637 -0.610636 0)
(-0.374952 -0.591934 0)
(-0.41672 -0.568872 0)
(-0.462006 -0.544079 0)
(-0.510902 -0.511239 0)
(-0.563077 -0.475179 0)
(-0.61776 -0.428282 0)
(-0.674017 -0.375757 0)
(-0.729978 -0.306078 0)
(-0.782736 -0.230035 0)
(-0.00894678 -0.690868 0)
(-0.0269532 -0.690236 0)
(-0.0452163 -0.687464 0)
(-0.0639757 -0.685435 0)
(-0.0833579 -0.679482 0)
(-0.103626 -0.675754 0)
(-0.124876 -0.666612 0)
(-0.147337 -0.660635 0)
(-0.17125 -0.648924 0)
(-0.196686 -0.639442 0)
(-0.223865 -0.625245 0)
(-0.252815 -0.611281 0)
(-0.283774 -0.594098 0)
(-0.316857 -0.574935 0)
(-0.352324 -0.553271 0)
(-0.390313 -0.527434 0)
(-0.430916 -0.499256 0)
(-0.473976 -0.463703 0)
(-0.519075 -0.425013 0)
(-0.565537 -0.376856 0)
(-0.612319 -0.323692 0)
(-0.657591 -0.256469 0)
(-0.699218 -0.184858 0)
(-0.00834747 -0.673518 0)
(-0.0251588 -0.672655 0)
(-0.0422489 -0.669575 0)
(-0.0598506 -0.666841 0)
(-0.0780866 -0.66033 0)
(-0.0971731 -0.655415 0)
(-0.117185 -0.645542 0)
(-0.138282 -0.637986 0)
(-0.160596 -0.625171 0)
(-0.184157 -0.614008 0)
(-0.209196 -0.598254 0)
(-0.235817 -0.582478 0)
(-0.264284 -0.563232 0)
(-0.294672 -0.542066 0)
(-0.327042 -0.518017 0)
(-0.361341 -0.490092 0)
(-0.397532 -0.459474 0)
(-0.435337 -0.422271 0)
(-0.474299 -0.382022 0)
(-0.51381 -0.333503 0)
(-0.552894 -0.280812 0)
(-0.58999 -0.216636 0)
(-0.62348 -0.14927 0)
(-0.00768717 -0.657432 0)
(-0.0231681 -0.656346 0)
(-0.0389022 -0.652955 0)
(-0.0550928 -0.649558 0)
(-0.0718378 -0.642514 0)
(-0.0893149 -0.63654 0)
(-0.107608 -0.625976 0)
(-0.126878 -0.617039 0)
(-0.147309 -0.603215 0)
(-0.169025 -0.590514 0)
(-0.192215 -0.57333 0)
(-0.21688 -0.555912 0)
(-0.243083 -0.534907 0)
(-0.270745 -0.512102 0)
(-0.299908 -0.486191 0)
(-0.330528 -0.456727 0)
(-0.362517 -0.424371 0)
(-0.395522 -0.386263 0)
(-0.429059 -0.345224 0)
(-0.462552 -0.296988 0)
(-0.495143 -0.245354 0)
(-0.525525 -0.184343 0)
(-0.552429 -0.120935 0)
(-0.00683822 -0.642862 0)
(-0.0206346 -0.641548 0)
(-0.0347256 -0.637834 0)
(-0.0493236 -0.633791 0)
(-0.0645315 -0.626222 0)
(-0.0805027 -0.61927 0)
(-0.0973136 -0.60802 0)
(-0.115086 -0.59782 0)
(-0.133926 -0.583017 0)
(-0.153828 -0.568935 0)
(-0.174845 -0.55053 0)
(-0.196989 -0.531719 0)
(-0.220424 -0.509262 0)
(-0.245188 -0.485108 0)
(-0.271262 -0.457721 0)
(-0.298464 -0.427134 0)
(-0.326609 -0.393578 0)
(-0.355312 -0.355089 0)
(-0.384141 -0.313773 0)
(-0.412576 -0.266255 0)
(-0.439882 -0.215948 0)
(-0.465029 -0.158003 0)
(-0.48703 -0.0981903 0)
(-0.00599539 -0.629991 0)
(-0.0181124 -0.628429 0)
(-0.0305397 -0.624355 0)
(-0.0434738 -0.619653 0)
(-0.0569964 -0.611538 0)
(-0.0712222 -0.603657 0)
(-0.0862068 -0.591728 0)
(-0.102012 -0.580415 0)
(-0.118715 -0.564749 0)
(-0.136404 -0.549471 0)
(-0.155218 -0.53001 0)
(-0.175166 -0.509982 0)
(-0.196284 -0.486269 0)
(-0.218446 -0.460985 0)
(-0.241566 -0.43245 0)
(-0.265484 -0.401075 0)
(-0.290038 -0.366721 0)
(-0.314886 -0.328176 0)
(-0.339632 -0.286893 0)
(-0.363761 -0.240359 0)
(-0.38664 -0.191462 0)
(-0.407459 -0.13635 0)
(-0.425442 -0.079721 0)
(-0.00493474 -0.619031 0)
(-0.0149409 -0.617204 0)
(-0.0252812 -0.612747 0)
(-0.0361495 -0.607388 0)
(-0.0476458 -0.598707 0)
(-0.0599128 -0.58991 0)
(-0.073052 -0.577257 0)
(-0.0871392 -0.56489 0)
(-0.102209 -0.548387 0)
(-0.118233 -0.531995 0)
(-0.135178 -0.511592 0)
(-0.152922 -0.490562 0)
(-0.171481 -0.465856 0)
(-0.190881 -0.439669 0)
(-0.211118 -0.410234 0)
(-0.232003 -0.378307 0)
(-0.253327 -0.343423 0)
(-0.274761 -0.305005 0)
(-0.295942 -0.263953 0)
(-0.316412 -0.218525 0)
(-0.335672 -0.170994 0)
(-0.353079 -0.118454 0)
(-0.368014 -0.0645926 0)
(-0.0039715 -0.610102 0)
(-0.0120236 -0.608029 0)
(-0.0203438 -0.603212 0)
(-0.0291065 -0.597237 0)
(-0.0384342 -0.587973 0)
(-0.0484912 -0.57825 0)
(-0.0594011 -0.564789 0)
(-0.0712633 -0.55132 0)
(-0.084118 -0.533932 0)
(-0.0979357 -0.516498 0)
(-0.112725 -0.495235 0)
(-0.12841 -0.473361 0)
(-0.144916 -0.447856 0)
(-0.162095 -0.420945 0)
(-0.179848 -0.390815 0)
(-0.198003 -0.358529 0)
(-0.216398 -0.323323 0)
(-0.234765 -0.285144 0)
(-0.252817 -0.244425 0)
(-0.270154 -0.200099 0)
(-0.286357 -0.153824 0)
(-0.300896 -0.103564 0)
(-0.313285 -0.0520731 0)
(-0.00287271 -0.603243 0)
(-0.00870408 -0.600974 0)
(-0.0147481 -0.59587 0)
(-0.0211689 -0.589358 0)
(-0.0281075 -0.579542 0)
(-0.0357433 -0.568938 0)
(-0.0442307 -0.554645 0)
(-0.0537193 -0.540043 0)
(-0.0643341 -0.521657 0)
(-0.0761223 -0.503074 0)
(-0.0890442 -0.480844 0)
(-0.102912 -0.458085 0)
(-0.117531 -0.431886 0)
(-0.132652 -0.404488 0)
(-0.148142 -0.373897 0)
(-0.163867 -0.34143 0)
(-0.179684 -0.306073 0)
(-0.195372 -0.268203 0)
(-0.210696 -0.227861 0)
(-0.225336 -0.184564 0)
(-0.238974 -0.139409 0)
(-0.251197 -0.0911247 0)
(-0.261624 -0.0416275 0)
(-0.00205881 -0.598304 0)
(-0.00619747 -0.595928 0)
(-0.01042 -0.590633 0)
(-0.0148958 -0.583678 0)
(-0.0197844 -0.573369 0)
(-0.0252515 -0.561975 0)
(-0.031428 -0.546902 0)
(-0.0384419 -0.531232 0)
(-0.0464022 -0.511831 0)
(-0.0553644 -0.492076 0)
(-0.0653811 -0.468818 0)
(-0.0764488 -0.44508 0)
(-0.0885408 -0.418075 0)
(-0.101465 -0.390141 0)
(-0.114952 -0.35915 0)
(-0.128678 -0.326606 0)
(-0.142392 -0.291246 0)
(-0.15585 -0.253767 0)
(-0.168866 -0.213845 0)
(-0.18122 -0.171483 0)
(-0.192689 -0.127291 0)
(-0.202963 -0.0806675 0)
(-0.211737 -0.0328247 0)
(-0.00123896 -0.595004 0)
(-0.0037792 -0.592543 0)
(-0.00647328 -0.587093 0)
(-0.0094225 -0.579783 0)
(-0.0126982 -0.569087 0)
(-0.0163749 -0.557095 0)
(-0.020516 -0.541439 0)
(-0.0252103 -0.524954 0)
(-0.0305707 -0.504747 0)
(-0.0367316 -0.483985 0)
(-0.0438458 -0.459715 0)
(-0.051972 -0.434915 0)
(-0.0610973 -0.406938 0)
(-0.0711343 -0.378224 0)
(-0.0819808 -0.346634 0)
(-0.0934049 -0.313868 0)
(-0.105105 -0.278466 0)
(-0.116708 -0.241384 0)
(-0.127889 -0.201934 0)
(-0.13838 -0.160461 0)
(-0.148003 -0.117141 0)
(-0.156577 -0.0719036 0)
(-0.163954 -0.025386 0)
(-0.000802429 -0.592962 0)
(-0.00247524 -0.59037 0)
(-0.00429198 -0.584752 0)
(-0.00628746 -0.577174 0)
(-0.00847433 -0.566225 0)
(-0.0108761 -0.553866 0)
(-0.0135205 -0.537867 0)
(-0.0164496 -0.520883 0)
(-0.0197154 -0.500166 0)
(-0.0233736 -0.478715 0)
(-0.0275021 -0.453703 0)
(-0.0321988 -0.428057 0)
(-0.0376094 -0.399204 0)
(-0.0438399 -0.369625 0)
(-0.0509315 -0.337221 0)
(-0.0588342 -0.303873 0)
(-0.0674418 -0.268067 0)
(-0.0765281 -0.231007 0)
(-0.0857939 -0.19178 0)
(-0.0948358 -0.151004 0)
(-0.103296 -0.108444 0)
(-0.110887 -0.0643752 0)
(-0.117391 -0.0189853 0)
(-0.000506602 -0.591651 0)
(-0.00157965 -0.588931 0)
(-0.00277364 -0.583175 0)
(-0.00409149 -0.57543 0)
(-0.00552566 -0.564338 0)
(-0.00707819 -0.551788 0)
(-0.00873738 -0.535629 0)
(-0.010485 -0.518429 0)
(-0.0123043 -0.497518 0)
(-0.014205 -0.475785 0)
(-0.0162495 -0.450438 0)
(-0.0185283 -0.42432 0)
(-0.0211271 -0.3949 0)
(-0.0241056 -0.364682 0)
(-0.0275357 -0.331597 0)
(-0.0314869 -0.297592 0)
(-0.0360274 -0.261143 0)
(-0.041189 -0.22362 0)
(-0.0469323 -0.184091 0)
(-0.0530881 -0.143429 0)
(-0.0594086 -0.101175 0)
(-0.0655866 -0.057817 0)
(-0.0712966 -0.013282 0)
(-0.000287936 -0.590829 0)
(-0.000940685 -0.587971 0)
(-0.00174719 -0.582077 0)
(-0.00269696 -0.574203 0)
(-0.00375989 -0.56301 0)
(-0.00491227 -0.550352 0)
(-0.00613081 -0.534128 0)
(-0.0073868 -0.516868 0)
(-0.00864021 -0.495949 0)
(-0.009834 -0.474204 0)
(-0.010918 -0.448837 0)
(-0.0118796 -0.422628 0)
(-0.0127757 -0.393045 0)
(-0.0136906 -0.362592 0)
(-0.0146654 -0.329231 0)
(-0.0157042 -0.294917 0)
(-0.0168045 -0.258125 0)
(-0.0179634 -0.220265 0)
(-0.0192194 -0.180395 0)
(-0.0206524 -0.139485 0)
(-0.0223247 -0.0970772 0)
(-0.0242133 -0.0538035 0)
(-0.026252 -0.009508 0)
(1.03821 0.43738 0)
(0.634161 0.422044 0)
(0.230538 0.436772 0)
(-0.163096 0.4011 0)
(1.45675 0.857375 0)
(1.46221 0.849859 0)
(1.46484 0.862304 0)
(1.46399 0.815436 0)
(1.68799 0.814604 0)
(1.70309 0.848906 0)
(1.70394 0.85598 0)
(1.7061 0.851294 0)
(1.70693 0.737741 0)
(1.75396 0.793798 0)
(1.79594 0.820348 0)
(1.82991 0.84242 0)
(1.71747 0.649082 0)
(1.74948 0.714173 0)
(1.77687 0.75243 0)
(1.81926 0.799643 0)
(1.71241 0.573529 0)
(1.7467 0.649717 0)
(1.78082 0.687029 0)
(1.81719 0.749957 0)
(1.7951 0.550192 0)
(1.78511 0.623184 0)
(1.7869 0.639318 0)
(1.80645 0.680871 0)
(2.05471 0.491822 0)
(2.11033 0.584912 0)
(2.13544 0.62112 0)
(2.12919 0.671989 0)
(2.10535 0.235394 0)
(2.26866 0.375555 0)
(2.40226 0.492782 0)
(2.48689 0.63355 0)
(2.02357 -0.108696 0)
(2.17742 0.0449011 0)
(2.32867 0.217458 0)
(2.46846 0.431405 0)
(1.86112 -0.42053 0)
(2.00619 -0.279226 0)
(2.15097 -0.0881683 0)
(2.28878 0.146412 0)
(1.77344 -0.723249 0)
(1.92004 -0.597035 0)
(2.06295 -0.382397 0)
(2.1887 -0.120113 0)
(1.77451 -1.05075 0)
(1.93509 -0.923038 0)
(2.07635 -0.660992 0)
(2.17915 -0.327777 0)
(1.75312 -1.43616 0)
(1.93732 -1.27115 0)
(2.08714 -0.932185 0)
(2.17501 -0.462249 0)
(1.67335 -1.88573 0)
(1.88146 -1.65621 0)
(2.03994 -1.20306 0)
(2.09655 -0.498825 0)
(1.45439 -2.42029 0)
(1.71515 -2.11915 0)
(1.89369 -1.45719 0)
(1.88267 -0.341858 0)
(0.85375 -2.90698 0)
(0.993932 -2.48545 0)
(1.00315 -1.49045 0)
(0.911328 -0.0900803 0)
(-0.466682 -3.02966 0)
(-0.504542 -2.58058 0)
(-0.480051 -1.46721 0)
(-0.300877 -0.29937 0)
(-1.49358 -2.72056 0)
(-1.64676 -2.48351 0)
(-1.58146 -1.75548 0)
(-1.27927 -1.03524 0)
(-1.76759 -2.19654 0)
(-2.01581 -2.15384 0)
(-2.17444 -1.88676 0)
(-2.1901 -1.51357 0)
(-1.81277 -1.65015 0)
(-2.06942 -1.62646 0)
(-2.32912 -1.52446 0)
(-2.55694 -1.35807 0)
(-1.67173 -1.2077 0)
(-1.8459 -1.15264 0)
(-2.02497 -1.0651 0)
(-2.20707 -0.945569 0)
(-1.57378 -0.894155 0)
(-1.70069 -0.825906 0)
(-1.83027 -0.735419 0)
(-1.9579 -0.616539 0)
(-1.41467 -0.663711 0)
(-1.50598 -0.59231 0)
(-1.59518 -0.503757 0)
(-1.67883 -0.398921 0)
(-1.28504 -0.495489 0)
(-1.3508 -0.426542 0)
(-1.41337 -0.346809 0)
(-1.47081 -0.255872 0)
(-1.14669 -0.372356 0)
(-1.19421 -0.308816 0)
(-1.23836 -0.237649 0)
(-1.27774 -0.159215 0)
(-1.02932 -0.281471 0)
(-1.0645 -0.223879 0)
(-1.09638 -0.160989 0)
(-1.12413 -0.093213 0)
(-0.916584 -0.213479 0)
(-0.942568 -0.161867 0)
(-0.965616 -0.106281 0)
(-0.985247 -0.04725 0)
(-0.818503 -0.162118 0)
(-0.838299 -0.115953 0)
(-0.855497 -0.066694 0)
(-0.869765 -0.0148368 0)
(-0.726989 -0.12271 0)
(-0.742041 -0.0813366 0)
(-0.754907 -0.0374651 0)
(-0.765347 0.00838917 0)
(-0.645512 -0.0922192 0)
(-0.657252 -0.0549323 0)
(-0.667167 -0.0155084 0)
(-0.675077 0.0253676 0)
(-0.569867 -0.068353 0)
(-0.579026 -0.0344325 0)
(-0.586695 0.00130376 0)
(-0.59272 0.0381048 0)
(-0.501153 -0.0494697 0)
(-0.508512 -0.0182611 0)
(-0.514642 0.0144002 0)
(-0.519391 0.0478406 0)
(-0.436877 -0.0342993 0)
(-0.44278 -0.00529532 0)
(-0.447672 0.0248037 0)
(-0.451416 0.0554255 0)
(-0.377469 -0.0219777 0)
(-0.382335 0.00522155 0)
(-0.38637 0.0332079 0)
(-0.389454 0.0614754 0)
(-0.321092 -0.0118411 0)
(-0.325086 0.01387 0)
(-0.3284 0.0401318 0)
(-0.330938 0.0664468 0)
(-0.268213 -0.00340163 0)
(-0.2716 0.0210795 0)
(-0.274444 0.0459669 0)
(-0.276673 0.070698 0)
(-0.217288 0.00372625 0)
(-0.22014 0.0271813 0)
(-0.222549 0.0509909 0)
(-0.224474 0.0744674 0)
(-0.168702 0.00983772 0)
(-0.171221 0.0324589 0)
(-0.1734 0.0554338 0)
(-0.175224 0.0779648 0)
(-0.121531 0.0151596 0)
(-0.123709 0.037099 0)
(-0.125594 0.0594109 0)
(-0.127203 0.0812639 0)
(-0.0751178 0.0199993 0)
(-0.0772435 0.0413948 0)
(-0.0791442 0.0631495 0)
(-0.0808381 0.0845324 0)
(-0.0278067 0.0234405 0)
(-0.0288055 0.0445912 0)
(-0.0297676 0.0660316 0)
(-0.0306888 0.0871999 0)
(-0.459403 0.639884 0)
(-0.612064 0.458598 0)
(-0.653529 0.0899033 0)
(-0.553487 -0.105714 0)
(-0.417298 -0.117002 0)
(-0.359299 -0.144538 0)
(-0.29478 -0.199156 0)
(-0.207988 -0.215337 0)
(-0.129551 -0.200943 0)
(-0.062892 -0.171828 0)
(-0.012092 -0.136886 0)
(0.0230466 -0.098667 0)
(0.0441067 -0.0643057 0)
(0.0538392 -0.032831 0)
(0.0545399 -0.00772542 0)
(0.0487739 0.0127888 0)
(0.0381216 0.0271825 0)
(0.0242018 0.0373147 0)
(0.00825089 0.0418469 0)
(1.40553 0.784979 0)
(1.16749 0.66774 0)
(0.65712 0.380217 0)
(0.049792 0.0622448 0)
(-0.317187 -0.0768644 0)
(-0.338471 -0.218607 0)
(-0.237555 -0.275475 0)
(-0.150823 -0.29672 0)
(-0.0605119 -0.272935 0)
(0.00898366 -0.223718 0)
(0.0552743 -0.17353 0)
(0.0826786 -0.119297 0)
(0.0949838 -0.0745468 0)
(0.0961736 -0.0331542 0)
(0.0887076 -0.00196074 0)
(0.0747958 0.0241491 0)
(0.0561896 0.0416171 0)
(0.0347909 0.0541583 0)
(0.0117504 0.0596054 0)
(1.67858 0.861509 0)
(1.59993 0.878832 0)
(1.42111 0.79529 0)
(0.936734 0.636421 0)
(0.2522 0.299635 0)
(-0.223658 -0.146038 0)
(-0.332637 -0.341458 0)
(-0.225491 -0.406857 0)
(-0.0902318 -0.367582 0)
(0.0113351 -0.284533 0)
(0.0746759 -0.21259 0)
(0.108611 -0.136416 0)
(0.120229 -0.0797491 0)
(0.117772 -0.0274802 0)
(0.105477 0.00957234 0)
(0.0874227 0.0408667 0)
(0.0651639 0.0612032 0)
(0.0401849 0.0758642 0)
(0.0135575 0.082169 0)
(1.85859 0.877833 0)
(1.88171 0.912752 0)
(1.8835 0.923549 0)
(1.86011 0.971804 0)
(1.60919 0.812951 0)
(0.928177 0.387034 0)
(0.226721 -0.141979 0)
(-0.0294802 -0.472176 0)
(0.0381412 -0.486508 0)
(0.135346 -0.346131 0)
(0.180767 -0.250072 0)
(0.198211 -0.146093 0)
(0.193863 -0.0773173 0)
(0.177677 -0.0137098 0)
(0.152703 0.0288593 0)
(0.12236 0.064706 0)
(0.0888315 0.0871777 0)
(0.0538357 0.103493 0)
(0.0180022 0.110393 0)
(1.86167 0.853725 0)
(1.8894 0.890912 0)
(1.94407 0.978521 0)
(1.96328 1.00716 0)
(1.89466 1.07239 0)
(1.64635 0.971869 0)
(1.01801 0.476062 0)
(0.351294 -0.255899 0)
(0.14911 -0.581717 0)
(0.216734 -0.400725 0)
(0.258825 -0.275321 0)
(0.263183 -0.141231 0)
(0.243218 -0.0608384 0)
(0.213297 0.0108725 0)
(0.178453 0.0577463 0)
(0.140863 0.0966321 0)
(0.101559 0.120498 0)
(0.0612628 0.137645 0)
(0.0204943 0.144899 0)
(1.8322 0.843473 0)
(1.91545 0.984232 0)
(1.98028 1.04634 0)
(1.99467 1.08443 0)
(1.98803 1.15884 0)
(1.90584 1.19161 0)
(1.66372 1.04641 0)
(1.0989 0.287471 0)
(0.600807 -0.492165 0)
(0.454281 -0.419552 0)
(0.424202 -0.268017 0)
(0.385426 -0.118043 0)
(0.339953 -0.0254659 0)
(0.287262 0.0496024 0)
(0.233529 0.0985179 0)
(0.179968 0.137693 0)
(0.127611 0.161731 0)
(0.0761618 0.178783 0)
(0.0253083 0.186022 0)
(1.88703 0.788072 0)
(1.97786 1.06767 0)
(1.98962 1.07704 0)
(1.99461 1.18568 0)
(1.97143 1.23601 0)
(1.89279 1.26736 0)
(1.807 1.27498 0)
(1.50294 0.846099 0)
(1.01271 -0.157217 0)
(0.707684 -0.346591 0)
(0.581148 -0.19992 0)
(0.484156 -0.0639346 0)
(0.403265 0.0341235 0)
(0.329303 0.103978 0)
(0.262738 0.152358 0)
(0.199866 0.188572 0)
(0.140546 0.21127 0)
(0.0833321 0.226935 0)
(0.0276563 0.233631 0)
(2.0646 0.780547 0)
(2.02073 1.03603 0)
(2.02624 1.09214 0)
(1.99717 1.2494 0)
(1.93473 1.30791 0)
(1.86073 1.33903 0)
(1.79451 1.35172 0)
(1.6212 1.20624 0)
(1.28198 0.232606 0)
(0.971054 -0.179746 0)
(0.772717 -0.0734608 0)
(0.623016 0.0321897 0)
(0.502512 0.119598 0)
(0.401465 0.176235 0)
(0.314212 0.21866 0)
(0.23635 0.248993 0)
(0.164858 0.268596 0)
(0.0974066 0.281794 0)
(0.0322283 0.287508 0)
(2.43107 0.90582 0)
(2.25388 1.1119 0)
(2.09646 1.15586 0)
(1.98698 1.30903 0)
(1.89655 1.38336 0)
(1.81269 1.40948 0)
(1.74277 1.41703 0)
(1.63498 1.40471 0)
(1.39909 0.554351 0)
(1.09328 0.0559077 0)
(0.845237 0.0941447 0)
(0.668766 0.159098 0)
(0.534058 0.223002 0)
(0.42378 0.26344 0)
(0.329368 0.295225 0)
(0.246185 0.317544 0)
(0.170861 0.332287 0)
(0.100553 0.34215 0)
(0.0332335 0.346439 0)
(2.56469 0.955166 0)
(2.45637 1.32075 0)
(2.17845 1.34233 0)
(1.96577 1.41201 0)
(1.8406 1.47094 0)
(1.74709 1.48478 0)
(1.67142 1.48806 0)
(1.58587 1.5203 0)
(1.41909 0.803273 0)
(1.16936 0.309055 0)
(0.931232 0.28029 0)
(0.743584 0.301824 0)
(0.592971 0.337854 0)
(0.46899 0.359967 0)
(0.36347 0.379018 0)
(0.271169 0.391951 0)
(0.187899 0.400796 0)
(0.110539 0.406672 0)
(0.0364974 0.409242 0)
(2.42706 0.86413 0)
(2.38344 1.54914 0)
(2.11318 1.60978 0)
(1.88018 1.54411 0)
(1.75191 1.56267 0)
(1.66001 1.56328 0)
(1.58099 1.5653 0)
(1.5005 1.60523 0)
(1.36903 0.988413 0)
(1.1599 0.538545 0)
(0.937965 0.466516 0)
(0.751143 0.453864 0)
(0.5976 0.46046 0)
(0.47127 0.463285 0)
(0.36398 0.467693 0)
(0.270764 0.470572 0)
(0.187147 0.472612 0)
(0.109895 0.474188 0)
(0.0362546 0.474787 0)
(2.26817 0.780396 0)
(2.18036 1.75165 0)
(1.94006 1.86909 0)
(1.73675 1.67312 0)
(1.62687 1.64031 0)
(1.56117 1.63098 0)
(1.50509 1.63617 0)
(1.4422 1.67563 0)
(1.32358 1.14442 0)
(1.1251 0.750834 0)
(0.914102 0.645437 0)
(0.73694 0.60375 0)
(0.590241 0.581703 0)
(0.468168 0.566263 0)
(0.36324 0.556195 0)
(0.271106 0.549237 0)
(0.18778 0.544457 0)
(0.110409 0.541703 0)
(0.0364379 0.540288 0)
(2.12027 0.85 0)
(1.91539 1.9467 0)
(1.75 2.04098 0)
(1.62465 1.79197 0)
(1.53212 1.69928 0)
(1.49845 1.67231 0)
(1.45516 1.70206 0)
(1.36831 1.75359 0)
(1.23659 1.2929 0)
(1.05349 0.947126 0)
(0.864631 0.81046 0)
(0.704051 0.743822 0)
(0.56825 0.696736 0)
(0.453008 0.665445 0)
(0.35255 0.642335 0)
(0.263586 0.626438 0)
(0.182733 0.615288 0)
(0.107484 0.608442 0)
(0.0354843 0.605101 0)
(2.01979 1.1008 0)
(1.75226 2.12316 0)
(1.65228 2.10453 0)
(1.56768 1.91897 0)
(1.43798 1.78093 0)
(1.33357 1.7314 0)
(1.19712 1.81739 0)
(1.06901 1.83569 0)
(0.996652 1.3952 0)
(0.894823 1.1022 0)
(0.758788 0.948901 0)
(0.630895 0.865926 0)
(0.5162 0.800806 0)
(0.414983 0.756743 0)
(0.3249 0.722949 0)
(0.243834 0.699171 0)
(0.169523 0.682449 0)
(0.0998797 0.671879 0)
(0.0330033 0.666818 0)
(1.84692 1.48252 0)
(1.51172 2.28664 0)
(1.36749 2.15924 0)
(1.24583 2.04554 0)
(1.06837 1.93607 0)
(0.845357 1.88194 0)
(0.67248 1.94989 0)
(0.664181 1.82664 0)
(0.732086 1.40795 0)
(0.720056 1.19207 0)
(0.644654 1.04992 0)
(0.553072 0.963053 0)
(0.462047 0.889368 0)
(0.376483 0.836723 0)
(0.297578 0.795404 0)
(0.224834 0.765413 0)
(0.15704 0.744308 0)
(0.0928021 0.730677 0)
(0.0307124 0.724227 0)
(1.56116 1.93236 0)
(1.27767 2.39767 0)
(1.21632 2.22225 0)
(1.1368 2.14084 0)
(1.01676 2.10274 0)
(0.846224 2.07638 0)
(0.699826 2.04592 0)
(0.675929 1.7595 0)
(0.685464 1.4047 0)
(0.636697 1.24997 0)
(0.560858 1.12848 0)
(0.478887 1.04111 0)
(0.400699 0.963989 0)
(0.327453 0.90536 0)
(0.259788 0.858941 0)
(0.196834 0.824208 0)
(0.137797 0.799815 0)
(0.0815285 0.783747 0)
(0.026999 0.776214 0)
(0.962619 2.06962 0)
(1.09609 2.39693 0)
(1.11273 2.24923 0)
(1.07506 2.1994 0)
(1.02934 2.19206 0)
(0.961871 2.20886 0)
(0.848252 2.15174 0)
(0.738627 1.77422 0)
(0.652257 1.45918 0)
(0.563422 1.31964 0)
(0.480634 1.20196 0)
(0.406819 1.1082 0)
(0.340505 1.02725 0)
(0.279401 0.96325 0)
(0.222786 0.913081 0)
(0.169634 0.874694 0)
(0.119257 0.847895 0)
(0.0707882 0.829997 0)
(0.0234803 0.821668 0)
(0.373805 1.50169 0)
(0.967479 2.30783 0)
(1.04025 2.25363 0)
(1.04046 2.22355 0)
(1.03264 2.22374 0)
(0.965014 2.31071 0)
(0.817279 2.28955 0)
(0.67733 1.86198 0)
(0.560785 1.55472 0)
(0.4591 1.39616 0)
(0.38374 1.2682 0)
(0.322502 1.16381 0)
(0.2703 1.0785 0)
(0.222763 1.00991 0)
(0.178704 0.957117 0)
(0.136817 0.916245 0)
(0.0966065 0.887898 0)
(0.0575031 0.868814 0)
(0.0190995 0.859985 0)
(-0.420014 0.426689 0)
(0.59841 1.92637 0)
(0.979792 2.23435 0)
(1.00565 2.23817 0)
(0.939263 2.29705 0)
(0.73813 2.49187 0)
(0.541915 2.42099 0)
(0.452053 1.93825 0)
(0.382042 1.64697 0)
(0.315361 1.45595 0)
(0.269627 1.31766 0)
(0.231924 1.20353 0)
(0.198891 1.11555 0)
(0.167192 1.04419 0)
(0.136293 0.990278 0)
(0.105685 0.948294 0)
(0.0753454 0.919292 0)
(0.0451625 0.899715 0)
(0.0150475 0.890682 0)
(-1.69255 -0.597574 0)
(-0.585414 1.0284 0)
(0.312501 1.98428 0)
(0.578651 2.24398 0)
(0.430379 2.50115 0)
(0.176055 2.70419 0)
(0.114692 2.4418 0)
(0.15942 1.95808 0)
(0.163285 1.68675 0)
(0.155958 1.48286 0)
(0.146527 1.34036 0)
(0.135955 1.22419 0)
(0.122752 1.13639 0)
(0.107426 1.06555 0)
(0.0901653 1.01214 0)
(0.071469 0.970679 0)
(0.0516804 0.941894 0)
(0.031241 0.922543 0)
(0.0104357 0.913551 0)
(-2.76463 -0.926013 0)
(-2.64218 0.244321 0)
(-2.07769 1.44564 0)
(-1.54264 2.05887 0)
(-1.18899 2.5016 0)
(-0.833164 2.61239 0)
(-0.458009 2.24968 0)
(-0.206876 1.88235 0)
(-0.0844623 1.64801 0)
(-0.0164264 1.46642 0)
(0.0206909 1.33148 0)
(0.0412546 1.22374 0)
(0.0502419 1.14034 0)
(0.0518562 1.07368 0)
(0.0480816 1.02271 0)
(0.0406746 0.983388 0)
(0.0307206 0.955745 0)
(0.0191496 0.937299 0)
(0.00650651 0.9287 0)
(-2.49687 -0.651394 0)
(-2.73544 0.0746997 0)
(-2.61777 0.998041 0)
(-2.21332 1.65651 0)
(-1.67815 2.09992 0)
(-1.12069 2.18787 0)
(-0.682975 1.93869 0)
(-0.41513 1.72362 0)
(-0.254545 1.55049 0)
(-0.152224 1.40957 0)
(-0.0864953 1.29501 0)
(-0.0440729 1.20294 0)
(-0.0173379 1.12853 0)
(-0.00135144 1.06926 0)
(0.00701856 1.02265 0)
(0.0101505 0.986986 0)
(0.00955724 0.961359 0)
(0.00656448 0.944527 0)
(0.0022629 0.936465 0)
(-2.13809 -0.366178 0)
(-2.29005 0.142749 0)
(-2.23629 0.774845 0)
(-1.97852 1.28055 0)
(-1.58957 1.63977 0)
(-1.15764 1.75279 0)
(-0.795569 1.65002 0)
(-0.544433 1.54255 0)
(-0.371539 1.42962 0)
(-0.251803 1.3293 0)
(-0.169098 1.24075 0)
(-0.112123 1.16701 0)
(-0.07284 1.10445 0)
(-0.046084 1.05438 0)
(-0.0281947 1.01347 0)
(-0.016591 0.982524 0)
(-0.00936358 0.959504 0)
(-0.00481078 0.944651 0)
(-0.00154322 0.936955 0)
(-1.79549 -0.19023 0)
(-1.89639 0.195477 0)
(-1.86126 0.641596 0)
(-1.67838 1.01504 0)
(-1.3973 1.29899 0)
(-1.08541 1.42048 0)
(-0.811684 1.40694 0)
(-0.600871 1.36751 0)
(-0.441289 1.30366 0)
(-0.322251 1.23901 0)
(-0.233939 1.17607 0)
(-0.168529 1.12071 0)
(-0.120194 1.07122 0)
(-0.0846255 1.03095 0)
(-0.0584228 0.996725 0)
(-0.039127 0.971023 0)
(-0.0246834 0.951101 0)
(-0.013434 0.938456 0)
(-0.00423932 0.931571 0)
(-1.54265 -0.080604 0)
(-1.59082 0.22062 0)
(-1.54977 0.547422 0)
(-1.42316 0.829098 0)
(-1.23049 1.05619 0)
(-1.00635 1.17817 0)
(-0.79585 1.21098 0)
(-0.618761 1.21233 0)
(-0.475086 1.18427 0)
(-0.361942 1.14812 0)
(-0.274056 1.10732 0)
(-0.206224 1.06867 0)
(-0.153991 1.03201 0)
(-0.113761 1.00132 0)
(-0.0824921 0.974094 0)
(-0.0578943 0.953665 0)
(-0.0380404 0.937147 0)
(-0.0214597 0.926946 0)
(-0.00692576 0.921326 0)
(-1.3256 -0.0134955 0)
(-1.35659 0.225009 0)
(-1.32459 0.476826 0)
(-1.22966 0.699129 0)
(-1.08697 0.88261 0)
(-0.920859 0.998533 0)
(-0.758481 1.05311 0)
(-0.613335 1.07849 0)
(-0.489073 1.07551 0)
(-0.386118 1.06117 0)
(-0.302209 1.03862 0)
(-0.234471 1.01448 0)
(-0.180071 0.989486 0)
(-0.136362 0.967656 0)
(-0.101056 0.947268 0)
(-0.0722285 0.931894 0)
(-0.048184 0.918935 0)
(-0.0275445 0.911213 0)
(-0.00895671 0.90682 0)
(-1.15534 0.0299003 0)
(-1.17074 0.223461 0)
(-1.14131 0.422679 0)
(-1.06946 0.602256 0)
(-0.963308 0.754203 0)
(-0.83751 0.862688 0)
(-0.709475 0.926039 0)
(-0.589499 0.965519 0)
(-0.482631 0.979182 0)
(-0.390602 0.980884 0)
(-0.313027 0.972593 0)
(-0.248429 0.960564 0)
(-0.195014 0.945636 0)
(-0.150819 0.931742 0)
(-0.114056 0.917738 0)
(-0.0830742 0.907066 0)
(-0.0563756 0.897603 0)
(-0.0326715 0.892172 0)
(-0.0106987 0.888909 0)
(-1.00645 0.0576947 0)
(-1.01543 0.217604 0)
(-0.991698 0.38032 0)
(-0.936468 0.529513 0)
(-0.855603 0.657605 0)
(-0.75899 0.757917 0)
(-0.657673 0.82315 0)
(-0.559357 0.870744 0)
(-0.468598 0.894979 0)
(-0.387562 0.908323 0)
(-0.31693 0.910869 0)
(-0.256169 0.908666 0)
(-0.204397 0.902154 0)
(-0.160328 0.895148 0)
(-0.122723 0.886821 0)
(-0.090278 0.880366 0)
(-0.061767 0.874117 0)
(-0.0359986 0.87066 0)
(-0.0118139 0.86842 0)
(-0.884145 0.0760217 0)
(-0.888141 0.210902 0)
(-0.867585 0.346836 0)
(-0.823828 0.473312 0)
(-0.760713 0.583409 0)
(-0.684623 0.675719 0)
(-0.60295 0.739637 0)
(-0.521622 0.791566 0)
(-0.444476 0.822078 0)
(-0.373732 0.843725 0)
(-0.310514 0.854182 0)
(-0.25476 0.859744 0)
(-0.206118 0.860027 0)
(-0.163729 0.858847 0)
(-0.126741 0.855422 0)
(-0.0941199 0.852681 0)
(-0.0648936 0.849344 0)
(-0.0380285 0.847589 0)
(-0.0125118 0.846299 0)
(-0.7753 0.0880826 0)
(-0.776972 0.203861 0)
(-0.760098 0.319899 0)
(-0.725519 0.429255 0)
(-0.676008 0.525442 0)
(-0.61581 0.610246 0)
(-0.549928 0.67147 0)
(-0.482838 0.725304 0)
(-0.417484 0.759257 0)
(-0.356058 0.786802 0)
(-0.299826 0.802861 0)
(-0.249034 0.814488 0)
(-0.203746 0.820115 0)
(-0.163443 0.823753 0)
(-0.127596 0.824421 0)
(-0.0954066 0.824843 0)
(-0.0661249 0.824042 0)
(-0.0388778 0.823726 0)
(-0.0128113 0.823283 0)
(-0.682153 0.0961972 0)
(-0.682291 0.197281 0)
(-0.66795 0.298129 0)
(-0.639887 0.394236 0)
(-0.600125 0.479571 0)
(-0.551522 0.557551 0)
(-0.497667 0.615699 0)
(-0.44191 0.669789 0)
(-0.386499 0.705362 0)
(-0.333454 0.736975 0)
(-0.283916 0.756832 0)
(-0.238312 0.773136 0)
(-0.196883 0.782837 0)
(-0.15932 0.790404 0)
(-0.125315 0.794389 0)
(-0.0942713 0.797479 0)
(-0.0656256 0.798807 0)
(-0.0386915 0.799749 0)
(-0.012776 0.800036 0)
(-0.597819 0.101728 0)
(-0.597241 0.191254 0)
(-0.58539 0.280357 0)
(-0.562761 0.366038 0)
(-0.530811 0.442776 0)
(-0.491524 0.514709 0)
(-0.447495 0.569857 0)
(-0.401188 0.623159 0)
(-0.354307 0.659307 0)
(-0.30865 0.693587 0)
(-0.265184 0.715925 0)
(-0.224486 0.735806 0)
(-0.186902 0.748521 0)
(-0.152287 0.759253 0)
(-0.120498 0.765844 0)
(-0.0910936 0.771163 0)
(-0.0636424 0.774195 0)
(-0.0376082 0.776262 0)
(-0.0124425 0.777131 0)
(-0.523193 0.105579 0)
(-0.52229 0.185974 0)
(-0.512446 0.265916 0)
(-0.494005 0.343221 0)
(-0.468007 0.41306 0)
(-0.435886 0.47971 0)
(-0.399631 0.532106 0)
(-0.361035 0.583975 0)
(-0.321432 0.620119 0)
(-0.282342 0.655969 0)
(-0.2445 0.679843 0)
(-0.208553 0.702402 0)
(-0.174848 0.71728 0)
(-0.143362 0.730539 0)
(-0.114048 0.739121 0)
(-0.0865919 0.746285 0)
(-0.0606959 0.750648 0)
(-0.0359417 0.753697 0)
(-0.0119072 0.755019 0)
(-0.454274 0.108321 0)
(-0.453299 0.181449 0)
(-0.445238 0.254156 0)
(-0.430299 0.32469 0)
(-0.409228 0.38891 0)
(-0.383023 0.45099 0)
(-0.353212 0.500948 0)
(-0.321114 0.551063 0)
(-0.287786 0.586932 0)
(-0.254476 0.623533 0)
(-0.221771 0.648329 0)
(-0.190328 0.672817 0)
(-0.160439 0.689197 0)
(-0.132198 0.70445 0)
(-0.105619 0.714503 0)
(-0.0804774 0.723174 0)
(-0.0565699 0.728556 0)
(-0.0335594 0.732429 0)
(-0.01113 0.734103 0)
(-0.391795 0.1104 0)
(-0.391058 0.177747 0)
(-0.384611 0.244654 0)
(-0.372571 0.309702 0)
(-0.355538 0.369338 0)
(-0.334211 0.427469 0)
(-0.309735 0.47526 0)
(-0.283098 0.523513 0)
(-0.255186 0.558972 0)
(-0.226981 0.595732 0)
(-0.198948 0.621068 0)
(-0.171703 0.646865 0)
(-0.145464 0.664249 0)
(-0.120399 0.681048 0)
(-0.0965607 0.692166 0)
(-0.0738093 0.702053 0)
(-0.0520123 0.708197 0)
(-0.0309053 0.712743 0)
(-0.0102591 0.714686 0)
(-0.332869 0.112105 0)
(-0.332357 0.174847 0)
(-0.327257 0.237037 0)
(-0.317624 0.297637 0)
(-0.303952 0.353546 0)
(-0.286741 0.408314 0)
(-0.266831 0.454173 0)
(-0.244932 0.500601 0)
(-0.221808 0.535619 0)
(-0.198226 0.572137 0)
(-0.17455 0.597784 0)
(-0.15133 0.624391 0)
(-0.128732 0.642435 0)
(-0.106959 0.660381 0)
(-0.0860513 0.672242 0)
(-0.0659507 0.683098 0)
(-0.0465738 0.689789 0)
(-0.0277114 0.694876 0)
(-0.00920659 0.697018 0)
(-0.278506 0.113663 0)
(-0.278485 0.172749 0)
(-0.274764 0.231094 0)
(-0.267356 0.288099 0)
(-0.256643 0.340956 0)
(-0.242976 0.392899 0)
(-0.227006 0.437054 0)
(-0.209249 0.481766 0)
(-0.190315 0.516325 0)
(-0.170799 0.552357 0)
(-0.151026 0.578171 0)
(-0.131458 0.605205 0)
(-0.112228 0.623688 0)
(-0.0935575 0.642445 0)
(-0.0754716 0.654805 0)
(-0.057969 0.666418 0)
(-0.041006 0.673494 0)
(-0.0244267 0.679008 0)
(-0.00812024 0.681292 0)
(-0.226153 0.115204 0)
(-0.226439 0.1714 0)
(-0.223788 0.226628 0)
(-0.218213 0.280766 0)
(-0.210012 0.331122 0)
(-0.19942 0.380726 0)
(-0.186941 0.423428 0)
(-0.172943 0.466599 0)
(-0.157889 0.500677 0)
(-0.142208 0.536093 0)
(-0.126195 0.561988 0)
(-0.110229 0.589166 0)
(-0.0944124 0.607945 0)
(-0.0789521 0.627233 0)
(-0.0638597 0.639921 0)
(-0.0491668 0.652094 0)
(-0.0348387 0.659428 0)
(-0.0207778 0.665272 0)
(-0.00691333 0.66765 0)
(-0.177073 0.11688 0)
(-0.178026 0.170806 0)
(-0.176648 0.223536 0)
(-0.172934 0.275411 0)
(-0.167099 0.323733 0)
(-0.159304 0.371432 0)
(-0.149933 0.412905 0)
(-0.139253 0.454745 0)
(-0.127629 0.488341 0)
(-0.115374 0.523099 0)
(-0.102733 0.549002 0)
(-0.0900034 0.576131 0)
(-0.0772896 0.595107 0)
(-0.0647802 0.614704 0)
(-0.0524881 0.627611 0)
(-0.0404696 0.640173 0)
(-0.0286991 0.647671 0)
(-0.0171224 0.653767 0)
(-0.00569723 0.656207 0)
(-0.128984 0.11874 0)
(-0.130247 0.170921 0)
(-0.129779 0.22172 0)
(-0.127582 0.271847 0)
(-0.123794 0.318556 0)
(-0.118515 0.364743 0)
(-0.112009 0.405191 0)
(-0.104453 0.44592 0)
(-0.0961155 0.479065 0)
(-0.0872214 0.513198 0)
(-0.0779583 0.539041 0)
(-0.0685331 0.566002 0)
(-0.0590403 0.585098 0)
(-0.0496302 0.604834 0)
(-0.0403192 0.617887 0)
(-0.031167 0.630693 0)
(-0.0221492 0.638292 0)
(-0.0132411 0.644561 0)
(-0.00441103 0.647036 0)
(-0.083021 0.120922 0)
(-0.0851445 0.171783 0)
(-0.085958 0.221149 0)
(-0.0854691 0.269964 0)
(-0.0837638 0.315444 0)
(-0.0809085 0.360469 0)
(-0.0770821 0.40009 0)
(-0.0724009 0.43992 0)
(-0.067054 0.472653 0)
(-0.0611995 0.506234 0)
(-0.0549781 0.531962 0)
(-0.0485422 0.558695 0)
(-0.0419725 0.577835 0)
(-0.0353831 0.597583 0)
(-0.0288009 0.61072 0)
(-0.0222865 0.623647 0)
(-0.015834 0.631302 0)
(-0.00945511 0.637681 0)
(-0.0031457 0.640179 0)
(-0.0320626 0.122993 0)
(-0.0336584 0.173056 0)
(-0.0347393 0.221563 0)
(-0.0352586 0.269546 0)
(-0.0352094 0.314239 0)
(-0.0345948 0.358494 0)
(-0.0334702 0.39754 0)
(-0.0318773 0.436743 0)
(-0.0298933 0.469143 0)
(-0.0275883 0.502303 0)
(-0.0250287 0.527887 0)
(-0.0222883 0.554404 0)
(-0.0194127 0.573514 0)
(-0.0164592 0.593202 0)
(-0.0134526 0.606355 0)
(-0.0104312 0.619312 0)
(-0.00741136 0.626993 0)
(-0.00441746 0.633435 0)
(-0.00146496 0.63597 0)
)
;

boundaryField
{
    leftWall
    {
        type            extrapolatedCalculated;
        value           nonuniform List<vector> 
50
(
(0.0252237 -0.0119205 0)
(0.0251979 -0.0357494 0)
(0.0251649 -0.0595505 0)
(0.0251237 -0.0833165 0)
(0.0250837 -0.107044 0)
(0.0250096 -0.130718 0)
(0.0249379 -0.154323 0)
(0.0248281 -0.177842 0)
(0.024676 -0.21438 0)
(0.0243417 -0.263653 0)
(0.0239238 -0.312171 0)
(0.023352 -0.359694 0)
(0.0226243 -0.40591 0)
(0.0219458 -0.450713 0)
(0.0211082 -0.493991 0)
(0.0205615 -0.53588 0)
(0.0200506 -0.57771 0)
(0.0206262 -0.619975 0)
(0.0322713 -0.673535 0)
(0.0349236 -0.741109 0)
(0.0230436 -0.799406 0)
(0.0173826 -0.840072 0)
(0.0114454 -0.869078 0)
(0.00718246 -0.887831 0)
(0.00246404 -0.897557 0)
(-0.00228265 -0.897769 0)
(-0.00525793 -0.890221 0)
(-0.00571138 -0.879226 0)
(-0.00743957 -0.86604 0)
(-0.0096827 -0.848862 0)
(-0.00975295 -0.82936 0)
(-0.0097786 -0.809762 0)
(-0.0102004 -0.789715 0)
(-0.0103159 -0.769129 0)
(-0.0101078 -0.748635 0)
(-0.00977142 -0.728689 0)
(-0.00948903 -0.709364 0)
(-0.00894678 -0.690868 0)
(-0.00834747 -0.673518 0)
(-0.00768717 -0.657432 0)
(-0.00683822 -0.642862 0)
(-0.00599539 -0.629991 0)
(-0.00493474 -0.619031 0)
(-0.0039715 -0.610102 0)
(-0.00287271 -0.603243 0)
(-0.00205881 -0.598304 0)
(-0.00123896 -0.595004 0)
(-0.000802429 -0.592962 0)
(-0.000506602 -0.591651 0)
(-0.000287936 -0.590829 0)
)
;
    }
    rightWall
    {
        type            extrapolatedCalculated;
        value           nonuniform List<vector> 
50
(
(0.00405388 0.00164296 0)
(0.00421739 0.00499847 0)
(0.00434449 0.0084777 0)
(0.00482977 0.0122176 0)
(0.00508957 0.0162747 0)
(0.00589525 0.0207854 0)
(0.00629427 0.0258089 0)
(0.00741338 0.0314787 0)
(0.00825089 0.0418469 0)
(0.0117504 0.0596054 0)
(0.0135575 0.082169 0)
(0.0180022 0.110393 0)
(0.0204943 0.144899 0)
(0.0253083 0.186022 0)
(0.0276563 0.233631 0)
(0.0322283 0.287508 0)
(0.0332335 0.346439 0)
(0.0364974 0.409242 0)
(0.0362546 0.474787 0)
(0.0364379 0.540288 0)
(0.0354843 0.605101 0)
(0.0330033 0.666818 0)
(0.0307124 0.724227 0)
(0.026999 0.776214 0)
(0.0234803 0.821668 0)
(0.0190995 0.859985 0)
(0.0150475 0.890682 0)
(0.0104357 0.913551 0)
(0.00650651 0.9287 0)
(0.0022629 0.936465 0)
(-0.00154322 0.936955 0)
(-0.00423932 0.931571 0)
(-0.00692576 0.921326 0)
(-0.00895671 0.90682 0)
(-0.0106987 0.888909 0)
(-0.0118139 0.86842 0)
(-0.0125118 0.846299 0)
(-0.0128113 0.823283 0)
(-0.012776 0.800036 0)
(-0.0124425 0.777131 0)
(-0.0119072 0.755019 0)
(-0.01113 0.734103 0)
(-0.0102591 0.714686 0)
(-0.00920659 0.697018 0)
(-0.00812024 0.681292 0)
(-0.00691333 0.66765 0)
(-0.00569723 0.656207 0)
(-0.00441103 0.647036 0)
(-0.0031457 0.640179 0)
(-0.00146496 0.63597 0)
)
;
    }
    lowerWall
    {
        type            extrapolatedCalculated;
        value           nonuniform List<vector> 
62
(
(0.0252237 -0.0119205 0)
(0.0755901 -0.0118822 0)
(0.126063 -0.011971 0)
(0.177056 -0.0121279 0)
(0.228027 -0.0119603 0)
(0.279081 -0.0121675 0)
(0.330711 -0.0122327 0)
(0.382453 -0.0122202 0)
(0.433627 -0.0119642 0)
(0.484071 -0.0118754 0)
(0.533082 -0.0112867 0)
(0.580473 -0.01111 0)
(0.625066 -0.00996428 0)
(0.660919 -0.00697972 0)
(0.689567 -0.00655883 0)
(0.710794 -0.00347282 0)
(0.714346 0.00179413 0)
(0.695508 0.00710873 0)
(0.651063 0.0138954 0)
(0.573227 0.0228893 0)
(0.456604 0.0322258 0)
(0.297877 0.0427876 0)
(0.103669 0.0489968 0)
(0.103669 0.0489968 0)
(0.100011 0.145262 0)
(0.122434 0.250396 0)
(0.121379 0.365628 0)
(0.152871 0.495244 0)
(0.155294 0.640883 0)
(0.211806 0.814372 0)
(0.232455 1.02433 0)
(1.03821 0.43738 0)
(0.634161 0.422044 0)
(0.230538 0.436772 0)
(-0.163096 0.4011 0)
(-0.0478038 0.0202498 0)
(-0.0570087 0.0646648 0)
(-0.0549214 0.112107 0)
(-0.0662956 0.1635 0)
(-0.0737912 0.22292 0)
(-0.0907297 0.292733 0)
(-0.110593 0.378201 0)
(-0.138069 0.483804 0)
(-0.0478038 0.0202498 0)
(-0.141738 0.0195385 0)
(-0.212698 0.0104767 0)
(-0.24809 0.00440988 0)
(-0.254261 -0.00195301 0)
(-0.236315 -0.00584891 0)
(-0.205564 -0.00739896 0)
(-0.167573 -0.0089284 0)
(-0.126323 -0.00878444 0)
(-0.0870426 -0.00809006 0)
(-0.0524903 -0.00677263 0)
(-0.0243214 -0.00537445 0)
(-0.00338184 -0.00369682 0)
(0.0104617 -0.00235577 0)
(0.0178891 -0.000967169 0)
(0.0196863 3.93346e-05 0)
(0.0171936 0.000857931 0)
(0.0115464 0.00138126 0)
(0.00405388 0.00164296 0)
)
;
    }
    atmosphere
    {
        type            extrapolatedCalculated;
        value           nonuniform List<vector> 
46
(
(-0.000287936 -0.590829 0)
(-0.000940685 -0.587971 0)
(-0.00174719 -0.582077 0)
(-0.00269696 -0.574203 0)
(-0.00375989 -0.56301 0)
(-0.00491227 -0.550352 0)
(-0.00613081 -0.534128 0)
(-0.0073868 -0.516868 0)
(-0.00864021 -0.495949 0)
(-0.009834 -0.474204 0)
(-0.010918 -0.448837 0)
(-0.0118796 -0.422628 0)
(-0.0127757 -0.393045 0)
(-0.0136906 -0.362592 0)
(-0.0146654 -0.329231 0)
(-0.0157042 -0.294917 0)
(-0.0168045 -0.258125 0)
(-0.0179634 -0.220265 0)
(-0.0192194 -0.180395 0)
(-0.0206524 -0.139485 0)
(-0.0223247 -0.0970772 0)
(-0.0242133 -0.0538035 0)
(-0.026252 -0.009508 0)
(-0.0278067 0.0234405 0)
(-0.0288055 0.0445912 0)
(-0.0297676 0.0660316 0)
(-0.0306888 0.0871999 0)
(-0.0320626 0.122993 0)
(-0.0336584 0.173056 0)
(-0.0347393 0.221563 0)
(-0.0352586 0.269546 0)
(-0.0352094 0.314239 0)
(-0.0345948 0.358494 0)
(-0.0334702 0.39754 0)
(-0.0318773 0.436743 0)
(-0.0298933 0.469143 0)
(-0.0275883 0.502303 0)
(-0.0250287 0.527887 0)
(-0.0222883 0.554404 0)
(-0.0194127 0.573514 0)
(-0.0164592 0.593202 0)
(-0.0134526 0.606355 0)
(-0.0104312 0.619312 0)
(-0.00741136 0.626993 0)
(-0.00441746 0.633435 0)
(-0.00146496 0.63597 0)
)
;
    }
    defaultFaces
    {
        type            empty;
    }
}


// ************************************************************************* //
