/*--------------------------------*- C++ -*----------------------------------*\
| =========                 |                                                 |
| \\      /  F ield         | OpenFOAM: The Open Source CFD Toolbox           |
|  \\    /   O peration     | Version:  2012                                  |
|   \\  /    A nd           | Website:  www.openfoam.com                      |
|    \\/     M anipulation  |                                                 |
\*---------------------------------------------------------------------------*/
FoamFile
{
    version     2.0;
    format      ascii;
    class       volVectorField;
    location    "0.96";
    object      Uc;
}
// * * * * * * * * * * * * * * * * * * * * * * * * * * * * * * * * * * * * * //

dimensions      [0 1 -1 0 0 0 0];


internalField   nonuniform List<vector> 
2268
(
(2.57135e-05 -1.21539e-05 0)
(-0.000713601 0.000361545 0)
(-0.00356461 0.000985815 0)
(-0.00935221 0.00174936 0)
(-0.0179573 0.00231734 0)
(-0.0290876 0.00294276 0)
(-0.0413881 0.00287033 0)
(-0.0528901 0.00256542 0)
(-0.0610546 0.00129305 0)
(-0.0634012 -0.000184064 0)
(-0.0592889 -0.00175941 0)
(-0.0493565 -0.00293457 0)
(-0.0347705 -0.00395871 0)
(-0.0170613 -0.00441055 0)
(0.00251638 -0.00484174 0)
(0.0236144 -0.00512908 0)
(0.0449213 -0.0049404 0)
(0.0638943 -0.00402616 0)
(0.0774236 -0.0023677 0)
(0.0832411 -0.000381652 0)
(0.0743716 0.00457327 0)
(0.0519106 0.00604156 0)
(0.0195634 0.00924546 0)
(0.000184088 -0.000111309 0)
(-0.000454391 0.00111183 0)
(-0.00329225 0.00292404 0)
(-0.00883 0.0051634 0)
(-0.0171423 0.00689832 0)
(-0.0283385 0.00891311 0)
(-0.0411868 0.00878507 0)
(-0.0533658 0.00784209 0)
(-0.0621012 0.00400308 0)
(-0.0647395 -0.000538266 0)
(-0.0605494 -0.00532893 0)
(-0.0504872 -0.00881438 0)
(-0.0357159 -0.011953 0)
(-0.0175454 -0.0133728 0)
(0.00272408 -0.0147111 0)
(0.0243923 -0.0154709 0)
(0.0461514 -0.0149513 0)
(0.0658631 -0.0122974 0)
(0.0799045 -0.00712625 0)
(0.0853 -0.000922354 0)
(0.0764053 0.0135091 0)
(0.0530098 0.018777 0)
(0.0194228 0.0276699 0)
(0.000269745 -0.000325791 0)
(0.000260417 0.00163245 0)
(-0.00184355 0.00473887 0)
(-0.00748376 0.00863117 0)
(-0.0167071 0.0117177 0)
(-0.0291561 0.0152683 0)
(-0.0431 0.0150917 0)
(-0.05602 0.0133971 0)
(-0.0649468 0.00679511 0)
(-0.0674724 -0.000889884 0)
(-0.0631272 -0.00901111 0)
(-0.0525186 -0.0149011 0)
(-0.0367244 -0.0203114 0)
(-0.0176133 -0.0226335 0)
(0.00351073 -0.0250126 0)
(0.0259962 -0.0260361 0)
(0.0484505 -0.0252812 0)
(0.0691214 -0.0210521 0)
(0.0842994 -0.0121804 0)
(0.0917311 -0.00193031 0)
(0.0848731 0.0219617 0)
(0.0596282 0.0333114 0)
(0.0215189 0.0470184 0)
(0.00101249 -0.000931769 0)
(0.00210369 0.00172713 0)
(0.000735236 0.00628521 0)
(-0.00436693 0.0121616 0)
(-0.0135877 0.0169038 0)
(-0.0268129 0.0222156 0)
(-0.0424144 0.0221072 0)
(-0.057414 0.0195761 0)
(-0.0681888 0.00992684 0)
(-0.071827 -0.00110867 0)
(-0.0676389 -0.0128252 0)
(-0.0565336 -0.0213489 0)
(-0.0399865 -0.0291479 0)
(-0.0200136 -0.032268 0)
(0.00220516 -0.0358617 0)
(0.0259231 -0.0370224 0)
(0.0499701 -0.0362711 0)
(0.0728961 -0.0306659 0)
(0.0910462 -0.0183174 0)
(0.10132 -0.00416097 0)
(0.0951595 0.0303448 0)
(0.0657308 0.0507665 0)
(0.0226932 0.0679126 0)
(0.00115527 -0.00195624 0)
(0.0031458 0.00129519 0)
(0.00265999 0.00759346 0)
(-0.00265812 0.0157779 0)
(-0.0130755 0.0225683 0)
(-0.0282014 0.0299496 0)
(-0.04564 0.0299877 0)
(-0.0621924 0.0266068 0)
(-0.0738882 0.0135155 0)
(-0.077631 -0.00120917 0)
(-0.0730073 -0.0168891 0)
(-0.0606538 -0.0283715 0)
(-0.0421928 -0.03867 0)
(-0.0203471 -0.0425091 0)
(0.00388526 -0.0475731 0)
(0.0296175 -0.0486809 0)
(0.054796 -0.0478763 0)
(0.0779125 -0.0408201 0)
(0.0985308 -0.0264849 0)
(0.115767 -0.00899451 0)
(0.11474 0.038575 0)
(0.0847605 0.0706121 0)
(0.0315559 0.0935501 0)
(0.00251555 -0.00369105 0)
(0.00624557 0.000326507 0)
(0.00684565 0.00850814 0)
(0.00230839 0.0195208 0)
(-0.00837171 0.0287959 0)
(-0.0246613 0.0385687 0)
(-0.0447255 0.0390921 0)
(-0.0650791 0.0349439 0)
(-0.0803293 0.0179128 0)
(-0.086013 -0.00115168 0)
(-0.0812845 -0.0213664 0)
(-0.0677535 -0.036127 0)
(-0.0480415 -0.0489549 0)
(-0.0246855 -0.0535863 0)
(0.00124955 -0.0602046 0)
(0.028181 -0.0609379 0)
(0.054401 -0.0599098 0)
(0.0790761 -0.0513726 0)
(0.102084 -0.0365499 0)
(0.121025 -0.0160266 0)
(0.11891 0.0470917 0)
(0.0843522 0.0925952 0)
(0.0297425 0.122519 0)
(0.00372782 -0.00664162 0)
(0.0104126 -0.0016449 0)
(0.012892 0.00902422 0)
(0.00816778 0.0233816 0)
(-0.00441269 0.0359279 0)
(-0.0245885 0.04867 0)
(-0.0484319 0.0497411 0)
(-0.0716768 0.0448992 0)
(-0.0890027 0.0233527 0)
(-0.0952805 -0.000938715 0)
(-0.0899772 -0.0263204 0)
(-0.0747506 -0.0447637 0)
(-0.0519474 -0.0604106 0)
(-0.025053 -0.0658787 0)
(0.00354279 -0.0736831 0)
(0.0308358 -0.0730855 0)
(0.0538705 -0.0710396 0)
(0.0703246 -0.0596803 0)
(0.0848623 -0.0459866 0)
(0.106689 -0.0258569 0)
(0.116428 0.0533183 0)
(0.0922424 0.11413 0)
(0.0357709 0.15348 0)
(0.00357211 -0.0100915 0)
(0.0105212 -0.00463829 0)
(0.0156317 0.00843067 0)
(0.0134731 0.0272279 0)
(0.00105759 0.0438945 0)
(-0.0198744 0.0601307 0)
(-0.0472179 0.062471 0)
(-0.077013 0.0572357 0)
(-0.100205 0.0301648 0)
(-0.108723 -0.000758762 0)
(-0.102193 -0.0320924 0)
(-0.0842371 -0.0546735 0)
(-0.0590753 -0.0731686 0)
(-0.0324329 -0.0784218 0)
(-0.00747381 -0.0864497 0)
(0.0157347 -0.0841863 0)
(0.0374018 -0.0810691 0)
(0.0503388 -0.0635763 0)
(0.0499531 -0.0488828 0)
(0.0559884 -0.0362467 0)
(0.070046 0.0524154 0)
(0.0665962 0.128093 0)
(0.0288756 0.184031 0)
(-0.598218 0.253908 0)
(-1.34321 0.0624019 0)
(-1.50411 0.00600228 0)
(-1.45279 -0.027792 0)
(-1.293 -0.0400986 0)
(-1.05073 -0.0628777 0)
(-0.695955 -0.0879852 0)
(-0.309563 -0.076365 0)
(-0.0149879 -0.0489318 0)
(0.166691 -0.0283423 0)
(0.242039 -0.00368674 0)
(0.117373 0.0567322 0)
(-0.209855 0.082454 0)
(-0.508474 0.0445646 0)
(-0.647305 0.0144894 0)
(-0.672747 -0.00366414 0)
(-0.601296 -0.0267224 0)
(-0.411526 -0.053992 0)
(-0.142294 -0.060526 0)
(-0.419591 0.686541 0)
(-1.07734 0.226248 0)
(-1.37361 0.0367443 0)
(-1.31746 -0.104042 0)
(-1.06457 -0.13905 0)
(-0.78494 -0.185597 0)
(-0.497642 -0.238205 0)
(-0.230692 -0.204041 0)
(-0.0271826 -0.133115 0)
(0.0983799 -0.0748392 0)
(0.177538 -0.0228865 0)
(0.164004 0.134739 0)
(-0.0474162 0.233568 0)
(-0.329116 0.140297 0)
(-0.48321 0.0433759 0)
(-0.505964 -0.0120088 0)
(-0.423717 -0.0836886 0)
(-0.256273 -0.148916 0)
(-0.0800125 -0.155086 0)
(-0.0294982 0.878203 0)
(-0.318155 0.43813 0)
(-0.674747 0.102945 0)
(-0.664241 -0.198292 0)
(-0.506319 -0.219044 0)
(-0.419168 -0.261094 0)
(-0.311382 -0.330472 0)
(-0.165881 -0.287203 0)
(-0.0295291 -0.194511 0)
(0.0763148 -0.111868 0)
(0.160098 -0.0551612 0)
(0.237205 0.139979 0)
(0.235667 0.318921 0)
(0.103624 0.230955 0)
(-0.0763351 0.0948552 0)
(-0.215996 0.0056784 0)
(-0.211504 -0.138121 0)
(-0.0812468 -0.220976 0)
(-0.00399645 -0.190819 0)
(0.143105 0.830063 0)
(0.195132 0.587558 0)
(-0.08309 0.224048 0)
(-0.288271 -0.236298 0)
(-0.308074 -0.23944 0)
(-0.292242 -0.28423 0)
(-0.231975 -0.378654 0)
(-0.138651 -0.340601 0)
(-0.0395181 -0.241276 0)
(0.0448982 -0.146029 0)
(0.101889 -0.0808754 0)
(0.189971 0.0954336 0)
(0.333227 0.303192 0)
(0.425586 0.263585 0)
(0.415834 0.142948 0)
(0.319841 0.0579047 0)
(0.193503 -0.138326 0)
(0.117941 -0.243879 0)
(0.049304 -0.171545 0)
(0.137493 0.710575 0)
(0.38518 0.579795 0)
(0.455217 0.320838 0)
(0.20264 -0.138096 0)
(-0.13816 -0.184077 0)
(-0.255705 -0.296345 0)
(-0.209583 -0.411812 0)
(-0.138697 -0.377288 0)
(-0.0642026 -0.278441 0)
(0.00877818 -0.175889 0)
(0.0703844 -0.101557 0)
(0.162907 0.0393053 0)
(0.311289 0.235333 0)
(0.425573 0.243577 0)
(0.43895 0.161412 0)
(0.397107 0.0981429 0)
(0.321796 -0.0926089 0)
(0.207249 -0.20862 0)
(0.0718468 -0.120011 0)
(0.105823 0.607145 0)
(0.37082 0.465492 0)
(0.693442 0.268525 0)
(0.598255 0.0624083 0)
(0.0320904 0.0013906 0)
(-0.256518 -0.308908 0)
(-0.212396 -0.437542 0)
(-0.170046 -0.399726 0)
(-0.162122 -0.291196 0)
(-0.172287 -0.190117 0)
(-0.105809 -0.141909 0)
(0.0978036 -0.0462334 0)
(0.326669 0.160626 0)
(0.428097 0.226718 0)
(0.403228 0.183166 0)
(0.344658 0.119154 0)
(0.27899 -0.0535485 0)
(0.179478 -0.156578 0)
(0.0603464 -0.0637806 0)
(0.0543593 0.538932 0)
(0.276205 0.326872 0)
(0.443022 0.199385 0)
(0.26097 0.249652 0)
(-0.0467144 0.186021 0)
(-0.192944 -0.308245 0)
(-0.206697 -0.450884 0)
(-0.208502 -0.403654 0)
(-0.348448 -0.231277 0)
(-0.550971 -0.159857 0)
(-0.574491 -0.190358 0)
(-0.370563 -0.170738 0)
(0.00633714 0.0278114 0)
(0.280078 0.200305 0)
(0.289522 0.21627 0)
(0.226851 0.1376 0)
(0.171203 -0.0203683 0)
(0.0905914 -0.113133 0)
(0.0236216 -0.0280627 0)
(-0.0140926 0.521716 0)
(0.00913752 0.239843 0)
(0.0474778 0.19923 0)
(0.0825678 0.312316 0)
(0.0748075 0.257642 0)
(-0.0397987 -0.268615 0)
(-0.155004 -0.435417 0)
(-0.258856 -0.374241 0)
(-0.464409 -0.11384 0)
(-0.665013 -0.105711 0)
(-0.701206 -0.218683 0)
(-0.649929 -0.250516 0)
(-0.458467 -0.133955 0)
(-0.146024 0.113027 0)
(0.0296379 0.225078 0)
(0.0563684 0.144123 0)
(0.0417989 0.00298505 0)
(-0.000479078 -0.084202 0)
(-0.012569 -0.0233582 0)
(0.00798381 -0.0198052 0)
(0.0227828 -0.013085 0)
(0.0307854 0.00641777 0)
(0.0272775 0.0337871 0)
(0.0100498 0.0605205 0)
(-0.0200892 0.0836933 0)
(-0.0547751 0.0866976 0)
(-0.089048 0.0815418 0)
(-0.115436 0.0433448 0)
(-0.124302 -0.00100097 0)
(-0.116452 -0.042828 0)
(-0.097066 -0.0719108 0)
(-0.0730938 -0.0919209 0)
(-0.0517988 -0.0936727 0)
(-0.0287777 -0.106187 0)
(0.0013792 -0.105995 0)
(0.017769 -0.0866539 0)
(-0.0264174 -0.0207842 0)
(-0.0747956 -0.0444563 0)
(-0.0373587 -0.0827037 0)
(0.035091 0.0184281 0)
(0.0900263 0.108013 0)
(0.126151 0.185531 0)
(0.0106522 -0.0385384 0)
(0.0357365 -0.0344433 0)
(0.0589103 -0.00356298 0)
(0.0614804 0.0447104 0)
(0.0431811 0.0853097 0)
(0.0131259 0.119412 0)
(-0.0335279 0.132743 0)
(-0.0961226 0.13287 0)
(-0.151093 0.0737995 0)
(-0.176077 0.00256369 0)
(-0.172803 -0.057614 0)
(-0.149956 -0.0996588 0)
(-0.116026 -0.122613 0)
(-0.0810129 -0.120131 0)
(-0.0412802 -0.1439 0)
(-0.192178 0.0512708 0)
(-0.499567 0.0463869 0)
(-0.555156 -0.0559194 0)
(-0.313983 -0.205986 0)
(-0.0564669 -0.220196 0)
(0.0704516 -0.0465124 0)
(0.0908047 0.0956049 0)
(0.0745679 0.177337 0)
(0.0119423 -0.0612508 0)
(0.0405646 -0.0657178 0)
(0.066335 -0.021488 0)
(0.069679 0.0566904 0)
(0.057862 0.103604 0)
(0.0512607 0.138007 0)
(0.0282946 0.184293 0)
(-0.0534166 0.226516 0)
(-0.17174 0.154348 0)
(-0.259474 0.0352071 0)
(-0.280275 -0.0729069 0)
(-0.216976 -0.171906 0)
(6.3712e-05 -0.304096 0)
(0.303726 -0.280879 0)
(0.34926 -0.071247 0)
(-0.212659 0.692468 0)
(-0.61391 0.114801 0)
(-0.367243 -0.318906 0)
(-0.109092 -0.446466 0)
(0.0239369 -0.372999 0)
(0.113927 -0.113024 0)
(0.117349 0.136575 0)
(0.0360319 0.233552 0)
(0.00679874 -0.0800897 0)
(0.0110539 -0.0799279 0)
(-0.00236892 -0.0196852 0)
(0.0049744 0.0442538 0)
(0.0610661 0.0720164 0)
(0.143985 0.0936552 0)
(0.1821 0.214352 0)
(0.0779733 0.384213 0)
(-0.1114 0.306651 0)
(-0.260187 0.120687 0)
(-0.377168 -0.0213169 0)
(-0.383284 -0.283963 0)
(-0.261239 -0.535852 0)
(-0.0634486 -0.555242 0)
(0.0808679 0.0101654 0)
(-0.230328 1.48641 0)
(-0.381133 -0.126493 0)
(-0.192851 -0.515827 0)
(-0.172467 -0.529029 0)
(-0.146855 -0.449547 0)
(-0.114141 -0.160041 0)
(-0.122741 0.188142 0)
(-0.227775 0.368658 0)
(-0.0350833 -0.0516575 0)
(-0.116172 -0.0311233 0)
(-0.206822 0.0358602 0)
(-0.259419 0.03436 0)
(-0.220285 -0.0127572 0)
(-0.0826057 -0.0422367 0)
(0.0701259 0.159586 0)
(-0.0405244 0.65636 0)
(-0.476819 0.665228 0)
(-0.899102 0.336805 0)
(-1.02275 0.0029446 0)
(-0.91076 -0.41667 0)
(-0.826288 -0.612531 0)
(-0.828867 -0.676616 0)
(-0.701801 -0.143695 0)
(-0.506131 1.75391 0)
(-0.42765 -0.322478 0)
(-0.419397 -0.516635 0)
(-0.432104 -0.53502 0)
(-0.443322 -0.458099 0)
(-0.476819 -0.150806 0)
(-0.524314 0.234954 0)
(-0.583802 0.486923 0)
(-0.0896144 0.073692 0)
(-0.282964 0.119131 0)
(-0.517114 0.211644 0)
(-0.721869 0.117588 0)
(-0.804534 -0.0513704 0)
(-0.779424 -0.167025 0)
(-0.640907 -0.00828751 0)
(-0.690793 0.986314 0)
(-1.16018 1.24749 0)
(-1.4304 0.452461 0)
(-1.21534 -0.20338 0)
(-0.986093 -0.552781 0)
(-0.897243 -0.651421 0)
(-0.863777 -0.671031 0)
(-0.81688 -0.32772 0)
(-0.696154 1.61793 0)
(-0.617107 -0.343106 0)
(-0.624537 -0.494764 0)
(-0.647827 -0.520435 0)
(-0.690979 -0.418057 0)
(-0.750189 -0.0977202 0)
(-0.78271 0.262111 0)
(-0.766876 0.50351 0)
(-0.111064 0.275417 0)
(-0.356536 0.357593 0)
(-0.719162 0.572591 0)
(-1.08724 0.333172 0)
(-1.25626 -0.0141014 0)
(-1.34126 -0.144803 0)
(-1.57346 0.0632623 0)
(-1.85406 1.24704 0)
(-1.81564 1.42073 0)
(-1.41323 0.148105 0)
(-1.07776 -0.449459 0)
(-0.965615 -0.649141 0)
(-0.895793 -0.716949 0)
(-0.855685 -0.683167 0)
(-0.931506 -0.290094 0)
(-0.915501 1.44228 0)
(-0.784699 -0.374893 0)
(-0.75144 -0.485403 0)
(-0.756071 -0.501099 0)
(-0.77887 -0.371142 0)
(-0.803396 -0.0604853 0)
(-0.80117 0.255259 0)
(-0.776802 0.469789 0)
(-0.0987214 0.486287 0)
(-0.29284 0.587275 0)
(-0.694648 1.11082 0)
(-1.13905 0.612699 0)
(-1.36629 0.104478 0)
(-1.67813 0.134993 0)
(-2.1039 0.444766 0)
(-2.12312 1.16695 0)
(-1.55644 0.892607 0)
(-1.09023 -0.196356 0)
(-1.00113 -0.530252 0)
(-0.968674 -0.713585 0)
(-0.912869 -0.78096 0)
(-1.04546 -0.528991 0)
(-1.29825 -0.115551 0)
(-1.1319 1.08472 0)
(-0.865009 -0.414826 0)
(-0.830775 -0.509883 0)
(-0.770914 -0.530982 0)
(-0.729194 -0.360784 0)
(-0.728111 -0.0474115 0)
(-0.728471 0.240319 0)
(-0.709703 0.4412 0)
(-0.0789885 0.664902 0)
(-0.194744 0.718845 0)
(-0.502259 1.69146 0)
(-0.924131 0.903556 0)
(-1.18303 0.302618 0)
(-1.45542 0.524223 0)
(-1.60169 0.630571 0)
(-1.41164 0.809502 0)
(-1.11023 0.377518 0)
(-1.01236 -0.24819 0)
(-1.036 -0.54415 0)
(-1.02875 -0.739732 0)
(-1.0543 -0.785708 0)
(-1.12738 -0.3178 0)
(-1.13785 -0.0619567 0)
(-0.911416 0.636583 0)
(-0.73033 -0.4164 0)
(-0.719744 -0.552002 0)
(-0.657728 -0.610448 0)
(-0.591189 -0.388882 0)
(-0.565415 -0.0448663 0)
(-0.553251 0.225873 0)
(-0.530569 0.41376 0)
(-0.0556741 0.800245 0)
(-0.109676 0.753223 0)
(-0.271957 2.12848 0)
(-0.635747 1.25647 0)
(-0.887667 0.463356 0)
(-0.941839 0.691813 0)
(-0.886564 0.554489 0)
(-0.788935 0.596519 0)
(-0.772799 0.271401 0)
(-0.849866 -0.162974 0)
(-0.868564 -0.586816 0)
(-0.856921 -0.716034 0)
(-0.931358 -0.708853 0)
(-0.945237 -0.307179 0)
(-0.849957 -0.157711 0)
(-0.671687 0.325657 0)
(-0.528298 -0.431597 0)
(-0.504502 -0.571352 0)
(-0.489955 -0.667644 0)
(-0.474392 -0.412325 0)
(-0.446031 -0.0729354 0)
(-0.382344 0.179233 0)
(-0.30582 0.360592 0)
(-0.0237792 0.880479 0)
(-0.0188901 0.723771 0)
(-0.10748 2.41136 0)
(-0.405818 1.63942 0)
(-0.601031 0.529962 0)
(-0.589469 0.668116 0)
(-0.505552 0.438331 0)
(-0.395092 0.503585 0)
(-0.313681 0.266356 0)
(-0.291455 -0.102764 0)
(-0.327033 -0.592431 0)
(-0.424299 -0.624306 0)
(-0.556486 -0.592835 0)
(-0.639866 -0.32537 0)
(-0.621293 -0.253891 0)
(-0.460854 0.0814539 0)
(-0.33998 -0.45296 0)
(-0.378085 -0.535553 0)
(-0.451997 -0.643704 0)
(-0.474604 -0.428975 0)
(-0.419311 -0.13887 0)
(-0.331388 0.0954184 0)
(-0.218625 0.255112 0)
(-0.00126794 0.91047 0)
(-0.0197077 0.714204 0)
(-0.0365714 2.52912 0)
(-0.134809 1.92054 0)
(-0.268006 0.579043 0)
(-0.269543 0.609036 0)
(-0.198847 0.342068 0)
(-0.0997463 0.389268 0)
(0.00859063 0.190004 0)
(0.0386468 -0.0789084 0)
(-0.0664114 -0.474865 0)
(-0.248848 -0.460658 0)
(-0.406268 -0.465312 0)
(-0.48412 -0.290762 0)
(-0.49361 -0.29757 0)
(-0.425641 -0.104401 0)
(-0.390364 -0.424004 0)
(-0.466797 -0.449315 0)
(-0.565227 -0.556643 0)
(-0.620553 -0.437635 0)
(-0.57516 -0.23122 0)
(-0.45284 -0.0223124 0)
(-0.306618 0.114409 0)
(0.0305321 0.886106 0)
(-0.063449 0.857369 0)
(-0.116313 2.45682 0)
(-0.0614975 2.03655 0)
(-0.135937 0.671818 0)
(-0.180614 0.562783 0)
(-0.139518 0.276011 0)
(-0.0626729 0.278525 0)
(0.0267138 0.102054 0)
(0.0516347 -0.046164 0)
(-0.0479962 -0.301799 0)
(-0.194973 -0.302539 0)
(-0.311898 -0.347601 0)
(-0.386086 -0.255584 0)
(-0.419774 -0.289288 0)
(-0.417723 -0.18301 0)
(-0.430274 -0.368179 0)
(-0.489751 -0.368461 0)
(-0.568937 -0.458895 0)
(-0.638159 -0.410127 0)
(-0.632885 -0.309587 0)
(-0.539686 -0.160348 0)
(-0.400388 -0.0335363 0)
(-0.0331305 0.889374 0)
(-0.232638 1.14987 0)
(-0.284793 2.27001 0)
(-0.134179 2.01692 0)
(-0.118468 0.750549 0)
(-0.116372 0.526919 0)
(-0.0780265 0.232081 0)
(-0.0334717 0.20048 0)
(-0.00345217 0.0601263 0)
(-0.0184994 -0.014105 0)
(-0.0891359 -0.162647 0)
(-0.18792 -0.194592 0)
(-0.279999 -0.245398 0)
(-0.353255 -0.209519 0)
(-0.405605 -0.248809 0)
(-0.434755 -0.196192 0)
(-0.467664 -0.309241 0)
(-0.53015 -0.304742 0)
(-0.60306 -0.369666 0)
(-0.672623 -0.359787 0)
(-0.712 -0.325588 0)
(-0.70183 -0.248192 0)
(-0.629069 -0.158727 0)
(-0.121793 1.04429 0)
(-0.342345 1.41642 0)
(-0.363119 2.07683 0)
(-0.220624 1.91551 0)
(-0.138067 0.753231 0)
(-0.0976603 0.481573 0)
(-0.0720333 0.213179 0)
(-0.0593931 0.161946 0)
(-0.0643048 0.0734766 0)
(-0.0928418 0.0164111 0)
(-0.147459 -0.0672025 0)
(-0.220861 -0.116899 0)
(-0.293431 -0.15753 0)
(-0.357539 -0.159252 0)
(-0.40958 -0.194083 0)
(-0.452971 -0.177944 0)
(-0.502802 -0.24426 0)
(-0.567129 -0.24219 0)
(-0.639953 -0.285667 0)
(-0.717037 -0.296315 0)
(-0.775807 -0.290346 0)
(-0.801521 -0.267755 0)
(-0.779185 -0.234697 0)
(-0.0211834 1.18584 0)
(-0.141143 1.61501 0)
(-0.247135 2.00573 0)
(-0.186814 1.78281 0)
(-0.101078 0.716825 0)
(-0.0639721 0.440118 0)
(-0.0627554 0.227705 0)
(-0.0836815 0.155803 0)
(-0.113039 0.114121 0)
(-0.15512 0.0468064 0)
(-0.201284 0.00376297 0)
(-0.258271 -0.056742 0)
(-0.317041 -0.0856077 0)
(-0.374049 -0.109373 0)
(-0.428527 -0.136832 0)
(-0.478576 -0.141211 0)
(-0.530777 -0.178372 0)
(-0.590163 -0.183662 0)
(-0.654259 -0.206504 0)
(-0.728223 -0.223582 0)
(-0.805033 -0.226735 0)
(-0.877834 -0.232281 0)
(-0.937032 -0.233056 0)
(-0.0184707 1.22427 0)
(-0.131211 1.80909 0)
(-0.239488 2.02711 0)
(-0.177213 1.63827 0)
(-0.0969562 0.694566 0)
(-0.0843571 0.412469 0)
(-0.102752 0.272676 0)
(-0.141567 0.170938 0)
(-0.177452 0.164621 0)
(-0.216261 0.0776707 0)
(-0.255121 0.0584181 0)
(-0.300533 -0.00841162 0)
(-0.347847 -0.0272486 0)
(-0.395447 -0.0625252 0)
(-0.442731 -0.0813341 0)
(-0.489207 -0.0996262 0)
(-0.537664 -0.118719 0)
(-0.589651 -0.131308 0)
(-0.644238 -0.139501 0)
(-0.707909 -0.152175 0)
(-0.782016 -0.146382 0)
(-0.868917 -0.152043 0)
(-0.966432 -0.155704 0)
(-0.00873546 1.25145 0)
(-0.096798 1.98363 0)
(-0.197767 2.06298 0)
(-0.150849 1.4927 0)
(-0.0986058 0.706999 0)
(-0.118849 0.407771 0)
(-0.153574 0.330822 0)
(-0.19938 0.197906 0)
(-0.236148 0.210736 0)
(-0.272498 0.107158 0)
(-0.307249 0.102977 0)
(-0.346357 0.0320421 0)
(-0.387449 0.0212161 0)
(-0.429743 -0.0205739 0)
(-0.472898 -0.0323216 0)
(-0.515775 -0.0587668 0)
(-0.559506 -0.0668542 0)
(-0.604792 -0.0853389 0)
(-0.650591 -0.0845062 0)
(-0.698948 -0.0945017 0)
(-0.748124 -0.0800739 0)
(-0.800579 -0.0782133 0)
(-0.860655 -0.0710634 0)
(0.00540529 1.2552 0)
(-0.0607243 2.13568 0)
(-0.184458 2.13723 0)
(-0.182582 1.36945 0)
(-0.154733 0.74979 0)
(-0.19357 0.424418 0)
(-0.229246 0.384991 0)
(-0.264248 0.225015 0)
(-0.291562 0.248094 0)
(-0.319883 0.134858 0)
(-0.349515 0.140045 0)
(-0.382787 0.0677809 0)
(-0.418722 0.0629553 0)
(-0.456917 0.0186472 0)
(-0.496841 0.0120214 0)
(-0.537132 -0.0194566 0)
(-0.577863 -0.0212091 0)
(-0.619829 -0.043224 0)
(-0.663509 -0.0366236 0)
(-0.709714 -0.0472749 0)
(-0.755949 -0.0313401 0)
(-0.800495 -0.0293853 0)
(-0.842367 -0.0173546 0)
(-0.051305 1.30375 0)
(-0.175507 2.28127 0)
(-0.288832 2.23036 0)
(-0.288853 1.2745 0)
(-0.265173 0.792994 0)
(-0.293273 0.448548 0)
(-0.315344 0.418954 0)
(-0.333034 0.244064 0)
(-0.348845 0.272442 0)
(-0.367137 0.157412 0)
(-0.388345 0.168645 0)
(-0.413306 0.0977662 0)
(-0.441519 0.0975013 0)
(-0.471874 0.0530582 0)
(-0.504509 0.0505984 0)
(-0.538962 0.0171517 0)
(-0.57528 0.0196846 0)
(-0.614868 -0.00208541 0)
(-0.659341 0.0109011 0)
(-0.709016 0.00163315 0)
(-0.761024 0.0185579 0)
(-0.813302 0.0180988 0)
(-0.864602 0.0288734 0)
(-0.165669 1.52391 0)
(-0.414825 2.43851 0)
(-0.49215 2.26482 0)
(-0.458325 1.20611 0)
(-0.423652 0.802782 0)
(-0.415619 0.458975 0)
(-0.409068 0.42417 0)
(-0.403212 0.250788 0)
(-0.404182 0.282632 0)
(-0.412014 0.173528 0)
(-0.426934 0.188893 0)
(-0.447241 0.123069 0)
(-0.473136 0.126637 0)
(-0.502098 0.0835968 0)
(-0.533527 0.0845069 0)
(-0.566783 0.0513558 0)
(-0.602879 0.0583224 0)
(-0.643769 0.040225 0)
(-0.690302 0.0601212 0)
(-0.742764 0.0551336 0)
(-0.799448 0.0743673 0)
(-0.860604 0.0763675 0)
(-0.927059 0.0890265 0)
(-0.238432 1.93023 0)
(-0.572138 2.61825 0)
(-0.648981 2.24013 0)
(-0.620447 1.16817 0)
(-0.582896 0.76816 0)
(-0.535194 0.437611 0)
(-0.493952 0.397533 0)
(-0.463824 0.241296 0)
(-0.447472 0.276703 0)
(-0.442618 0.182494 0)
(-0.450265 0.202656 0)
(-0.46601 0.145591 0)
(-0.488969 0.153269 0)
(-0.515897 0.113193 0)
(-0.54684 0.117656 0)
(-0.582841 0.0878743 0)
(-0.627453 0.102981 0)
(-0.682261 0.0918114 0)
(-0.743149 0.116565 0)
(-0.805875 0.114528 0)
(-0.869839 0.1363 0)
(-0.937618 0.144094 0)
(-1.00902 0.159927 0)
(-0.244322 2.41551 0)
(-0.601039 2.82705 0)
(-0.72516 2.23342 0)
(-0.746254 1.16746 0)
(-0.718753 0.703525 0)
(-0.64146 0.376635 0)
(-0.565792 0.341027 0)
(-0.515046 0.216546 0)
(-0.48719 0.257054 0)
(-0.474501 0.184551 0)
(-0.476708 0.210549 0)
(-0.487944 0.164864 0)
(-0.508138 0.177419 0)
(-0.534528 0.142685 0)
(-0.568577 0.153542 0)
(-0.612023 0.131897 0)
(-0.666559 0.15867 0)
(-0.730797 0.155836 0)
(-0.797838 0.181187 0)
(-0.863214 0.178726 0)
(-0.928076 0.201649 0)
(-0.993395 0.212589 0)
(-1.05482 0.224998 0)
(-0.223099 2.88538 0)
(-0.573678 3.06823 0)
(-0.752273 2.29663 0)
(-0.827628 1.20126 0)
(-0.809542 0.623931 0)
(-0.710843 0.279352 0)
(-0.605913 0.256808 0)
(-0.53404 0.177544 0)
(-0.495368 0.229219 0)
(-0.478831 0.183048 0)
(-0.480884 0.216377 0)
(-0.493539 0.183094 0)
(-0.516187 0.202298 0)
(-0.546802 0.175152 0)
(-0.588164 0.196925 0)
(-0.642955 0.187307 0)
(-0.706569 0.222072 0)
(-0.770682 0.2215 0)
(-0.829315 0.241899 0)
(-0.884074 0.238821 0)
(-0.938736 0.261748 0)
(-0.99101 0.270743 0)
(-1.03563 0.273486 0)
(-0.205524 3.31625 0)
(-0.532198 3.3182 0)
(-0.729982 2.42508 0)
(-0.841731 1.26094 0)
(-0.834756 0.539082 0)
(-0.727984 0.157689 0)
(-0.609703 0.154133 0)
(-0.530288 0.128179 0)
(-0.490389 0.19964 0)
(-0.475854 0.181431 0)
(-0.481075 0.225346 0)
(-0.498395 0.204298 0)
(-0.52637 0.232025 0)
(-0.564932 0.215006 0)
(-0.615706 0.249732 0)
(-0.677593 0.251831 0)
(-0.741459 0.285739 0)
(-0.798508 0.279672 0)
(-0.846519 0.290973 0)
(-0.888437 0.286973 0)
(-0.926278 0.306627 0)
(-0.95783 0.310173 0)
(-0.980251 0.301491 0)
(-0.143185 3.6668 0)
(-0.389854 3.54405 0)
(-0.586165 2.59546 0)
(-0.729726 1.34726 0)
(-0.746672 0.462813 0)
(-0.651478 0.0309665 0)
(-0.542905 0.0528544 0)
(-0.474933 0.0813363 0)
(-0.44693 0.178264 0)
(-0.444245 0.185537 0)
(-0.459195 0.241557 0)
(-0.48592 0.232402 0)
(-0.523299 0.269658 0)
(-0.573173 0.266313 0)
(-0.634034 0.310684 0)
(-0.697473 0.316901 0)
(-0.752565 0.340292 0)
(-0.795397 0.325566 0)
(-0.829258 0.32742 0)
(-0.857573 0.32117 0)
(-0.880115 0.333171 0)
(-0.892641 0.327982 0)
(-0.891542 0.305158 0)
(-0.0362085 3.84716 0)
(-0.124989 3.70096 0)
(-0.26023 2.7719 0)
(-0.414428 1.47017 0)
(-0.486148 0.429048 0)
(-0.457069 -0.0601643 0)
(-0.407606 -0.0148394 0)
(-0.383629 0.0566377 0)
(-0.385226 0.176455 0)
(-0.404796 0.204356 0)
(-0.436706 0.269883 0)
(-0.47771 0.272199 0)
(-0.528077 0.318106 0)
(-0.58883 0.32911 0)
(-0.654598 0.375217 0)
(-0.713635 0.375526 0)
(-0.757643 0.381325 0)
(-0.786234 0.356371 0)
(-0.805368 0.349927 0)
(-0.818411 0.340279 0)
(-0.823146 0.341521 0)
(-0.81332 0.322389 0)
(-0.7847 0.280918 0)
(0.0481253 3.83521 0)
(0.142396 3.70746 0)
(0.165703 2.87799 0)
(0.0669165 1.61843 0)
(-0.0616348 0.482131 0)
(-0.145046 -0.0586012 0)
(-0.196575 -0.0142898 0)
(-0.240444 0.0761229 0)
(-0.287174 0.205586 0)
(-0.337565 0.245589 0)
(-0.391219 0.3147 0)
(-0.448885 0.326606 0)
(-0.512991 0.378808 0)
(-0.58261 0.399498 0)
(-0.649404 0.438123 0)
(-0.702746 0.425626 0)
(-0.737825 0.410763 0)
(-0.758114 0.376107 0)
(-0.771172 0.36259 0)
(-0.775009 0.344624 0)
(-0.763111 0.330014 0)
(-0.731317 0.292098 0)
(-0.680553 0.23145 0)
(0.0906069 3.69577 0)
(0.283723 3.55805 0)
(0.431034 2.85594 0)
(0.429652 1.74123 0)
(0.307266 0.611627 0)
(0.150653 0.053218 0)
(0.00841014 0.0687126 0)
(-0.105707 0.151971 0)
(-0.200373 0.27191 0)
(-0.282944 0.312959 0)
(-0.359789 0.378549 0)
(-0.435015 0.396383 0)
(-0.512099 0.450995 0)
(-0.587082 0.472702 0)
(-0.650683 0.496033 0)
(-0.694951 0.465872 0)
(-0.719474 0.430467 0)
(-0.732302 0.389729 0)
(-0.737212 0.367067 0)
(-0.727095 0.333871 0)
(-0.697296 0.29889 0)
(-0.648125 0.241871 0)
(-0.586592 0.168831 0)
(0.114394 3.48971 0)
(0.349534 3.33364 0)
(0.539442 2.7414 0)
(0.599315 1.79701 0)
(0.525536 0.753068 0)
(0.362159 0.233474 0)
(0.176325 0.218287 0)
(0.0168978 0.277408 0)
(-0.112275 0.371518 0)
(-0.21975 0.404426 0)
(-0.315204 0.460316 0)
(-0.404849 0.480383 0)
(-0.49195 0.532071 0)
(-0.570677 0.546174 0)
(-0.632135 0.54831 0)
(-0.670032 0.496222 0)
(-0.689575 0.444448 0)
(-0.699618 0.398773 0)
(-0.696946 0.360309 0)
(-0.675212 0.308644 0)
(-0.634479 0.253252 0)
(-0.579019 0.182366 0)
(-0.517608 0.104783 0)
(0.115423 3.2587 0)
(0.353859 3.08862 0)
(0.557398 2.59096 0)
(0.659936 1.78423 0)
(0.63029 0.869837 0)
(0.471773 0.440317 0)
(0.265081 0.406062 0)
(0.0812661 0.434706 0)
(-0.0688492 0.495002 0)
(-0.193518 0.514332 0)
(-0.302553 0.556003 0)
(-0.402187 0.574997 0)
(-0.494674 0.618016 0)
(-0.57199 0.617121 0)
(-0.623809 0.591267 0)
(-0.649877 0.517597 0)
(-0.662387 0.455326 0)
(-0.663822 0.399465 0)
(-0.647892 0.340951 0)
(-0.614296 0.272415 0)
(-0.567104 0.20113 0)
(-0.511889 0.123268 0)
(-0.454067 0.0440579 0)
(0.106537 3.03559 0)
(0.332484 2.84494 0)
(0.546071 2.41536 0)
(0.678782 1.72338 0)
(0.668999 0.970352 0)
(0.514184 0.65481 0)
(0.307813 0.60683 0)
(0.122309 0.605222 0)
(-0.0325287 0.631066 0)
(-0.163383 0.635158 0)
(-0.279131 0.661168 0)
(-0.384888 0.676327 0)
(-0.479769 0.705065 0)
(-0.553857 0.682298 0)
(-0.597383 0.621965 0)
(-0.61711 0.532964 0)
(-0.626906 0.462411 0)
(-0.622121 0.389043 0)
(-0.599018 0.312166 0)
(-0.562213 0.230463 0)
(-0.516318 0.14954 0)
(-0.464784 0.0675821 0)
(-0.409999 -0.0134223 0)
(0.112809 2.81511 0)
(0.339672 2.61026 0)
(0.547448 2.22648 0)
(0.669583 1.65609 0)
(0.63804 1.07921 0)
(0.473757 0.866759 0)
(0.276286 0.80087 0)
(0.101317 0.77357 0)
(-0.0487446 0.769241 0)
(-0.17856 0.759045 0)
(-0.294639 0.77035 0)
(-0.399671 0.779065 0)
(-0.489528 0.78806 0)
(-0.550618 0.735216 0)
(-0.579774 0.642137 0)
(-0.591337 0.544274 0)
(-0.591675 0.461316 0)
(-0.575284 0.368879 0)
(-0.544719 0.27841 0)
(-0.504743 0.187065 0)
(-0.458461 0.100308 0)
(-0.408291 0.0146073 0)
(-0.356443 -0.0676099 0)
(0.129123 2.57192 0)
(0.35996 2.39338 0)
(0.535475 2.05809 0)
(0.617501 1.61928 0)
(0.55931 1.20626 0)
(0.40335 1.06166 0)
(0.233484 0.975257 0)
(0.0792947 0.93009 0)
(-0.0583986 0.902007 0)
(-0.181917 0.880964 0)
(-0.296247 0.880071 0)
(-0.399882 0.879129 0)
(-0.482982 0.861885 0)
(-0.531378 0.771474 0)
(-0.551431 0.655371 0)
(-0.559252 0.550552 0)
(-0.553686 0.449808 0)
(-0.532827 0.342968 0)
(-0.50183 0.242464 0)
(-0.463272 0.144091 0)
(-0.419059 0.05234 0)
(-0.370905 -0.0362377 0)
(-0.321549 -0.118473 0)
(0.120015 2.3215 0)
(0.321784 2.20897 0)
(0.452475 1.93473 0)
(0.490627 1.62187 0)
(0.415088 1.33813 0)
(0.279634 1.22275 0)
(0.141248 1.12405 0)
(0.00907764 1.06917 0)
(-0.113937 1.02502 0)
(-0.228283 0.997085 0)
(-0.334929 0.986106 0)
(-0.428814 0.971671 0)
(-0.494099 0.918528 0)
(-0.522585 0.792138 0)
(-0.531553 0.663904 0)
(-0.529927 0.548269 0)
(-0.513525 0.430031 0)
(-0.485469 0.313597 0)
(-0.449726 0.20477 0)
(-0.408242 0.101347 0)
(-0.363803 0.00599184 0)
(-0.318773 -0.083539 0)
(-0.274356 -0.165413 0)
(0.0836231 2.11681 0)
(0.229769 2.06395 0)
(0.323191 1.85449 0)
(0.340785 1.6461 0)
(0.280836 1.45013 0)
(0.181533 1.34677 0)
(0.0729945 1.24828 0)
(-0.0380863 1.18949 0)
(-0.146207 1.13707 0)
(-0.251533 1.10588 0)
(-0.352489 1.08602 0)
(-0.43733 1.05144 0)
(-0.486631 0.953967 0)
(-0.503229 0.80204 0)
(-0.507205 0.667034 0)
(-0.499524 0.535804 0)
(-0.478693 0.405089 0)
(-0.449835 0.281349 0)
(-0.415106 0.166198 0)
(-0.375955 0.0588824 0)
(-0.33364 -0.0387304 0)
(-0.29069 -0.127238 0)
(-0.249116 -0.208135 0)
(0.0468842 1.98564 0)
(0.13399 1.96069 0)
(0.18699 1.81061 0)
(0.185896 1.67344 0)
(0.137557 1.53168 0)
(0.060661 1.44237 0)
(-0.0289048 1.35184 0)
(-0.124332 1.29354 0)
(-0.220796 1.2387 0)
(-0.315608 1.20545 0)
(-0.40297 1.17577 0)
(-0.465222 1.10957 0)
(-0.489528 0.969848 0)
(-0.492286 0.805636 0)
(-0.486242 0.661378 0)
(-0.46766 0.51508 0)
(-0.439332 0.376415 0)
(-0.405005 0.246527 0)
(-0.366331 0.12725 0)
(-0.326051 0.0180011 0)
(-0.286689 -0.0799353 0)
(-0.248841 -0.167237 0)
(-0.212074 -0.246871 0)
(0.0243743 1.91403 0)
(0.0718871 1.89702 0)
(0.0987982 1.79398 0)
(0.0892697 1.70076 0)
(0.0479415 1.59451 0)
(-0.0149226 1.52005 0)
(-0.0898451 1.43953 0)
(-0.172349 1.38473 0)
(-0.258793 1.33139 0)
(-0.346426 1.29618 0)
(-0.42395 1.25081 0)
(-0.469685 1.1431 0)
(-0.481242 0.972385 0)
(-0.478104 0.802733 0)
(-0.465358 0.645407 0)
(-0.441952 0.48886 0)
(-0.412302 0.34437 0)
(-0.378694 0.210296 0)
(-0.342884 0.0886219 0)
(-0.305752 -0.0211724 0)
(-0.26872 -0.117541 0)
(-0.23316 -0.203409 0)
(-0.198787 -0.282198 0)
(0.00459194 1.88492 0)
(0.0134339 1.8695 0)
(0.0105648 1.79736 0)
(-0.0137064 1.73138 0)
(-0.0575827 1.64955 0)
(-0.116311 1.58724 0)
(-0.185218 1.51693 0)
(-0.261538 1.467 0)
(-0.340645 1.41555 0)
(-0.416564 1.37644 0)
(-0.47265 1.30487 0)
(-0.491716 1.15419 0)
(-0.484747 0.96592 0)
(-0.468801 0.790028 0)
(-0.443973 0.620355 0)
(-0.41223 0.458489 0)
(-0.376905 0.309441 0)
(-0.339219 0.173571 0)
(-0.301613 0.0515601 0)
(-0.26655 -0.0566717 0)
(-0.23407 -0.151905 0)
(-0.202382 -0.236633 0)
(-0.171227 -0.314833 0)
(-0.00309028 1.88342 0)
(-0.0100117 1.86909 0)
(-0.0257944 1.81654 0)
(-0.0564623 1.76745 0)
(-0.101116 1.7025 0)
(-0.157218 1.64975 0)
(-0.22213 1.58896 0)
(-0.293991 1.54394 0)
(-0.369375 1.49392 0)
(-0.44038 1.44577 0)
(-0.483529 1.33531 0)
(-0.488993 1.14843 0)
(-0.476666 0.9523 0)
(-0.457664 0.768528 0)
(-0.430437 0.589541 0)
(-0.397315 0.424111 0)
(-0.361432 0.272249 0)
(-0.325415 0.136684 0)
(-0.290458 0.0155138 0)
(-0.256496 -0.0900015 0)
(-0.224181 -0.1837 0)
(-0.193627 -0.267399 0)
(-0.164276 -0.344881 0)
(-0.0116106 1.89821 0)
(-0.0366267 1.88642 0)
(-0.0694221 1.84805 0)
(-0.11288 1.81047 0)
(-0.16679 1.75858 0)
(-0.230087 1.71371 0)
(-0.301012 1.66157 0)
(-0.376724 1.6197 0)
(-0.450626 1.56824 0)
(-0.506096 1.4986 0)
(-0.522547 1.34241 0)
(-0.508494 1.13271 0)
(-0.483519 0.930532 0)
(-0.450665 0.738177 0)
(-0.412358 0.554024 0)
(-0.372435 0.386209 0)
(-0.332976 0.234423 0)
(-0.295662 0.100803 0)
(-0.261915 -0.017663 0)
(-0.231884 -0.121146 0)
(-0.203059 -0.21401 0)
(-0.174861 -0.296143 0)
(-0.1477 -0.372939 0)
(-0.0186547 1.92857 0)
(-0.0579087 1.92054 0)
(-0.103579 1.89268 0)
(-0.157207 1.8633 0)
(-0.217857 1.82077 0)
(-0.284033 1.78154 0)
(-0.353341 1.73458 0)
(-0.422163 1.69186 0)
(-0.482845 1.63126 0)
(-0.519141 1.52772 0)
(-0.52209 1.33269 0)
(-0.505642 1.11168 0)
(-0.481451 0.902069 0)
(-0.450248 0.702199 0)
(-0.41483 0.515856 0)
(-0.37767 0.346867 0)
(-0.338774 0.194987 0)
(-0.297742 0.06148 0)
(-0.257125 -0.0530869 0)
(-0.222 -0.151207 0)
(-0.192338 -0.242723 0)
(-0.165194 -0.323037 0)
(-0.139635 -0.399011 0)
(0.114167 0.0511811 0)
(0.0956373 -0.0117721 0)
(0.0794009 0.0462418 0)
(-0.0234091 0.172315 0)
(0.0660893 0.111978 0)
(0.0251961 0.0537566 0)
(-0.0835846 0.246428 0)
(-0.211728 0.463083 0)
(-0.0710877 0.238471 0)
(-0.212243 0.314349 0)
(-0.352195 0.514716 0)
(-0.426155 0.624381 0)
(-0.366001 0.473919 0)
(-0.460991 0.581175 0)
(-0.515748 0.661923 0)
(-0.537145 0.679717 0)
(-0.629191 0.614192 0)
(-0.639561 0.664992 0)
(-0.635346 0.685484 0)
(-0.620967 0.670545 0)
(-0.735352 0.608514 0)
(-0.709091 0.636744 0)
(-0.680265 0.643023 0)
(-0.64501 0.605983 0)
(-0.751394 0.558313 0)
(-0.72312 0.569537 0)
(-0.681517 0.559755 0)
(-0.638982 0.524377 0)
(-0.685514 0.510575 0)
(-0.657441 0.494885 0)
(-0.619596 0.466357 0)
(-0.577845 0.440649 0)
(-0.50266 0.455459 0)
(-0.460334 0.398359 0)
(-0.402585 0.36022 0)
(-0.333047 0.310444 0)
(-0.253815 0.396922 0)
(-0.232961 0.321575 0)
(-0.218315 0.28251 0)
(-0.204907 0.211596 0)
(-0.130826 0.321216 0)
(-0.0983721 0.282786 0)
(-0.0685611 0.226406 0)
(-0.0433988 0.185577 0)
(-0.195491 0.196985 0)
(-0.123994 0.184777 0)
(-0.0543797 0.112349 0)
(0.0161087 0.0961147 0)
(-0.294121 0.0496375 0)
(-0.235218 0.0549719 0)
(-0.184528 -0.0137411 0)
(-0.138089 -0.0264382 0)
(-0.542113 -0.0959318 0)
(-0.469092 -0.0795699 0)
(-0.398485 -0.136968 0)
(-0.338806 -0.128834 0)
(-0.730472 -0.223641 0)
(-0.678477 -0.217697 0)
(-0.634506 -0.242489 0)
(-0.602524 -0.218219 0)
(-0.971241 -0.257856 0)
(-0.987688 -0.25904 0)
(-1.00532 -0.257131 0)
(-1.02345 -0.232994 0)
(-1.04199 -0.187952 0)
(-1.08939 -0.193094 0)
(-1.13431 -0.189986 0)
(-1.17447 -0.176107 0)
(-0.913443 -0.0939627 0)
(-0.953694 -0.100592 0)
(-0.991899 -0.105627 0)
(-1.02619 -0.102053 0)
(-0.87408 -0.0277905 0)
(-0.89665 -0.0330871 0)
(-0.919343 -0.0435453 0)
(-0.940313 -0.0465309 0)
(-0.902377 0.0222793 0)
(-0.927683 0.0187307 0)
(-0.9538 0.00851095 0)
(-0.979977 0.00175129 0)
(-0.978094 0.0839799 0)
(-1.01095 0.0808003 0)
(-1.04252 0.0691909 0)
(-1.07114 0.0576757 0)
(-1.06102 0.153193 0)
(-1.09103 0.145359 0)
(-1.11684 0.126735 0)
(-1.13714 0.104225 0)
(-1.09365 0.208776 0)
(-1.11068 0.189889 0)
(-1.12182 0.160845 0)
(-1.12776 0.125984 0)
(-1.06068 0.242119 0)
(-1.06875 0.210002 0)
(-1.07223 0.171866 0)
(-1.07147 0.126048 0)
(-0.988865 0.254529 0)
(-0.987492 0.21189 0)
(-0.982362 0.166512 0)
(-0.973405 0.110784 0)
(-0.881488 0.243772 0)
(-0.869504 0.19428 0)
(-0.855357 0.143161 0)
(-0.839669 0.0817569 0)
(-0.754509 0.209522 0)
(-0.733174 0.157702 0)
(-0.712145 0.10496 0)
(-0.692331 0.044486 0)
(-0.637347 0.158137 0)
(-0.611187 0.108103 0)
(-0.586912 0.0582328 0)
(-0.565096 0.00270441 0)
(-0.53993 0.0995466 0)
(-0.512573 0.0528976 0)
(-0.486974 0.00739106 0)
(-0.46339 -0.0429846 0)
(-0.472292 0.0394847 0)
(-0.444485 -0.00434261 0)
(-0.417651 -0.0468606 0)
(-0.392198 -0.0930027 0)
(-0.411292 -0.0193429 0)
(-0.384759 -0.0610663 0)
(-0.359041 -0.101883 0)
(-0.334437 -0.144423 0)
(-0.369116 -0.0756132 0)
(-0.343586 -0.115508 0)
(-0.318784 -0.154868 0)
(-0.294932 -0.194475 0)
(-0.318494 -0.12859 0)
(-0.294943 -0.166905 0)
(-0.27213 -0.204725 0)
(-0.250176 -0.242022 0)
(-0.285652 -0.178 0)
(-0.263445 -0.2148 0)
(-0.242004 -0.250935 0)
(-0.221375 -0.286366 0)
(-0.242233 -0.223325 0)
(-0.222429 -0.258813 0)
(-0.203261 -0.293276 0)
(-0.184763 -0.327232 0)
(-0.219446 -0.264335 0)
(-0.201187 -0.298748 0)
(-0.183472 -0.331772 0)
(-0.166311 -0.364569 0)
(-0.185736 -0.301478 0)
(-0.169446 -0.335077 0)
(-0.153536 -0.366948 0)
(-0.138028 -0.398866 0)
(-0.174071 -0.3353 0)
(-0.158818 -0.368335 0)
(-0.14387 -0.399314 0)
(-0.129245 -0.430581 0)
(-0.148691 -0.366736 0)
(-0.134632 -0.399234 0)
(-0.120816 -0.429588 0)
(-0.107249 -0.460263 0)
(-0.143162 -0.395988 0)
(-0.129971 -0.427937 0)
(-0.116989 -0.457878 0)
(-0.104197 -0.488032 0)
(-0.127953 -0.423524 0)
(-0.115444 -0.455065 0)
(-0.103035 -0.484754 0)
(-0.090714 -0.514567 0)
(-0.121294 -0.449319 0)
(-0.109654 -0.480599 0)
(-0.0980924 -0.510166 0)
(-0.0865945 -0.539778 0)
(-0.1454 0.564526 0)
(-0.172045 0.210938 0)
(-0.0718474 0.121 0)
(0.106369 0.214436 0)
(0.196843 0.277273 0)
(0.106071 -0.156995 0)
(-0.0756099 -0.333373 0)
(-0.26352 -0.262449 0)
(-0.481418 0.0586754 0)
(-0.646367 -0.0426289 0)
(-0.693789 -0.22242 0)
(-0.704408 -0.258878 0)
(-0.684892 -0.224805 0)
(-0.56722 -0.0353901 0)
(-0.36975 0.120464 0)
(-0.193445 0.0780678 0)
(-0.0784296 -0.0288014 0)
(-0.0294644 -0.0787469 0)
(-0.0119618 -0.0395378 0)
(-0.278786 0.611499 0)
(-0.274651 0.183738 0)
(-0.229089 0.0160695 0)
(-0.129789 0.0684812 0)
(0.027143 0.199801 0)
(0.0819314 -0.0465332 0)
(-0.0172988 -0.189472 0)
(-0.192134 -0.078647 0)
(-0.391644 0.252249 0)
(-0.490306 0.00386419 0)
(-0.509815 -0.20697 0)
(-0.525667 -0.250553 0)
(-0.515445 -0.260524 0)
(-0.451663 -0.164183 0)
(-0.319816 -0.0487326 0)
(-0.15032 -0.0656749 0)
(0.00632122 -0.131079 0)
(0.0848278 -0.0919655 0)
(0.0469297 -0.00789079 0)
(-0.442346 0.617768 0)
(-0.435981 0.167616 0)
(-0.439687 -0.00554807 0)
(-0.42214 -0.0154841 0)
(-0.333504 0.061684 0)
(-0.231698 -0.0499514 0)
(-0.192833 -0.131483 0)
(-0.192632 0.0211435 0)
(-0.198585 0.338441 0)
(-0.223307 0.030221 0)
(-0.23097 -0.208171 0)
(-0.174008 -0.286979 0)
(-0.0856592 -0.313755 0)
(-0.033053 -0.216597 0)
(0.00493216 -0.150185 0)
(0.132697 -0.23335 0)
(0.26736 -0.2272 0)
(0.233242 -0.0361275 0)
(0.0812491 0.108127 0)
(-0.524963 0.597393 0)
(-0.485955 0.147133 0)
(-0.448591 -0.0148943 0)
(-0.399504 -0.0664326 0)
(-0.311665 -0.0471613 0)
(-0.209372 -0.125873 0)
(-0.142827 -0.151118 0)
(-0.0457704 -0.0472299 0)
(0.169124 0.218228 0)
(0.340086 0.018639 0)
(0.353253 -0.20141 0)
(0.324855 -0.319477 0)
(0.358738 -0.391669 0)
(0.459431 -0.277318 0)
(0.533136 -0.190429 0)
(0.491354 -0.270816 0)
(0.270928 -0.112075 0)
(0.0206492 0.106121 0)
(-0.0328966 0.151917 0)
(-0.577144 0.550122 0)
(-0.532889 0.119245 0)
(-0.544578 -0.0101242 0)
(-0.526628 -0.132332 0)
(-0.377077 -0.196216 0)
(-0.198102 -0.231674 0)
(-0.0955204 -0.198992 0)
(-0.015618 -0.159895 0)
(0.11039 0.0224141 0)
(0.283035 -0.09639 0)
(0.444509 -0.244266 0)
(0.525687 -0.323455 0)
(0.537804 -0.428311 0)
(0.587107 -0.376093 0)
(0.667326 -0.230795 0)
(0.509776 -0.0500047 0)
(0.11177 0.226746 0)
(-0.118673 0.202318 0)
(-0.069257 0.0595264 0)
(-0.609449 0.50512 0)
(-0.736261 0.239188 0)
(-0.925425 0.0518372 0)
(-0.831901 -0.295445 0)
(-0.465247 -0.500175 0)
(-0.130071 -0.393137 0)
(-0.0513582 -0.202042 0)
(0.00235684 -0.278358 0)
(0.153667 -0.110613 0)
(0.261708 -0.217603 0)
(0.336281 -0.336708 0)
(0.366715 -0.331597 0)
(0.355045 -0.419958 0)
(0.345268 -0.419837 0)
(0.362054 -0.274559 0)
(0.360289 0.138074 0)
(0.247481 0.500948 0)
(0.0944047 0.275197 0)
(0.0168672 0.0121602 0)
(-0.613993 0.485352 0)
(-0.633007 0.391426 0)
(-0.624523 0.0634938 0)
(-0.520102 -0.485918 0)
(-0.332759 -0.810687 0)
(-0.0145352 -0.673625 0)
(0.254659 -0.236223 0)
(0.189034 -0.233529 0)
(-0.00684339 -0.115348 0)
(-0.0399871 -0.280582 0)
(0.00792255 -0.384469 0)
(0.0708033 -0.368402 0)
(0.179155 -0.470808 0)
(0.259602 -0.432879 0)
(0.285496 -0.299928 0)
(0.354315 0.102998 0)
(0.337603 0.653375 0)
(0.159321 0.422661 0)
(0.0285225 0.0532622 0)
(-0.49317 0.422448 0)
(-0.238675 0.241609 0)
(0.0253299 -0.0330792 0)
(0.0325994 -0.489993 0)
(-0.140892 -0.818788 0)
(-0.259667 -0.845878 0)
(-0.198225 -0.363063 0)
(-0.2009 -0.0448358 0)
(-0.321918 -0.0172719 0)
(-0.343704 -0.328902 0)
(-0.247115 -0.46683 0)
(-0.0559213 -0.515877 0)
(0.154419 -0.611748 0)
(0.290186 -0.487744 0)
(0.300603 -0.27803 0)
(0.181563 0.126659 0)
(0.0648298 0.750632 0)
(0.0302398 0.518082 0)
(0.013546 0.0913595 0)
(-0.165909 0.249963 0)
(0.0680197 -0.0278727 0)
(0.219935 -0.139776 0)
(0.237144 -0.405146 0)
(0.0799639 -0.604179 0)
(-0.264161 -0.641556 0)
(-0.593917 -0.324566 0)
(-0.672552 -0.00971138 0)
(-0.567876 -0.0375549 0)
(-0.502671 -0.347845 0)
(-0.522274 -0.517479 0)
(-0.555019 -0.608525 0)
(-0.604878 -0.664249 0)
(-0.658581 -0.509555 0)
(-0.671726 -0.253854 0)
(-0.648576 0.189308 0)
(-0.502774 0.661816 0)
(-0.236502 0.397366 0)
(-0.0499433 0.0584637 0)
(-0.108272 0.0532755 0)
(0.0922994 -0.224601 0)
(0.263361 -0.235585 0)
(0.360431 -0.413183 0)
(0.32314 -0.420228 0)
(-0.0537381 -0.172817 0)
(-0.580907 -0.0179086 0)
(-0.837346 -0.0131478 0)
(-0.837882 -0.128282 0)
(-0.770266 -0.377231 0)
(-0.729689 -0.507013 0)
(-0.749004 -0.571832 0)
(-0.830707 -0.581854 0)
(-0.932242 -0.451439 0)
(-0.939896 -0.293087 0)
(-0.77593 0.0593234 0)
(-0.468123 0.381482 0)
(-0.183513 0.179367 0)
(-0.0395699 -0.0224902 0)
(0.00820082 -0.0697029 0)
(0.114062 -0.378977 0)
(0.178159 -0.294404 0)
(0.0529052 -0.329384 0)
(-0.322352 -0.130824 0)
(-0.77035 0.284396 0)
(-1.03372 0.240229 0)
(-1.02242 -0.0494317 0)
(-0.838497 -0.257863 0)
(-0.658978 -0.471191 0)
(-0.553082 -0.545517 0)
(-0.503895 -0.560291 0)
(-0.494538 -0.527869 0)
(-0.503204 -0.405644 0)
(-0.511247 -0.324605 0)
(-0.457567 -0.106004 0)
(-0.287117 0.114172 0)
(-0.111525 0.030374 0)
(-0.0255921 -0.081413 0)
(0.110992 -0.164181 0)
(0.106731 -0.376282 0)
(-0.0531809 -0.210351 0)
(-0.305904 -0.0714708 0)
(-0.68302 0.292085 0)
(-0.955691 0.513639 0)
(-0.942351 0.237288 0)
(-0.773327 -0.209585 0)
(-0.552152 -0.464172 0)
(-0.366824 -0.594927 0)
(-0.257635 -0.616326 0)
(-0.209275 -0.57768 0)
(-0.21208 -0.516348 0)
(-0.23174 -0.391475 0)
(-0.246945 -0.317676 0)
(-0.229384 -0.177324 0)
(-0.14837 -0.0419577 0)
(-0.0594478 -0.0527542 0)
(-0.0139371 -0.117145 0)
(-0.11974 -0.214508 0)
(-0.165808 -0.280346 0)
(-0.243237 -0.0914288 0)
(-0.364527 0.148008 0)
(-0.572281 0.601816 0)
(-0.756075 0.617008 0)
(-0.757869 0.123543 0)
(-0.576346 -0.412952 0)
(-0.359883 -0.656708 0)
(-0.195991 -0.718295 0)
(-0.0920606 -0.685724 0)
(-0.0409407 -0.59823 0)
(-0.0251347 -0.507504 0)
(-0.0253948 -0.382237 0)
(-0.03824 -0.301475 0)
(-0.0485711 -0.200006 0)
(-0.0278715 -0.111239 0)
(-0.00182877 -0.0874258 0)
(0.00247685 -0.127482 0)
(-0.29233 -0.22956 0)
(-0.261422 -0.251545 0)
(-0.285326 -0.0285605 0)
(-0.461708 0.354444 0)
(-0.690456 0.790356 0)
(-0.765687 0.662908 0)
(-0.630119 -0.043329 0)
(-0.375256 -0.640854 0)
(-0.183637 -0.797965 0)
(-0.0753028 -0.823277 0)
(0.00354113 -0.746047 0)
(0.060077 -0.635248 0)
(0.0951803 -0.516486 0)
(0.104467 -0.381361 0)
(0.0917321 -0.279147 0)
(0.0705505 -0.193762 0)
(0.0596755 -0.126311 0)
(0.0441925 -0.0818463 0)
(0.0156388 -0.111061 0)
(-0.581916 -0.252181 0)
(-0.635607 -0.208255 0)
(-0.769583 0.0710192 0)
(-0.884054 0.518055 0)
(-0.870646 0.821647 0)
(-0.69269 0.538746 0)
(-0.428105 -0.281153 0)
(-0.202534 -0.837651 0)
(-0.0858201 -0.880074 0)
(-0.017744 -0.900716 0)
(0.0481799 -0.799527 0)
(0.105468 -0.684689 0)
(0.149421 -0.538509 0)
(0.172518 -0.388575 0)
(0.172147 -0.260015 0)
(0.148946 -0.172678 0)
(0.11582 -0.107524 0)
(0.0728241 -0.0476623 0)
(0.0239952 -0.0751711 0)
(-1.06566 -0.226307 0)
(-1.14616 -0.112657 0)
(-1.18578 0.132556 0)
(-1.11378 0.495016 0)
(-0.895963 0.635556 0)
(-0.530395 0.233139 0)
(-0.215458 -0.499817 0)
(-0.103727 -0.924103 0)
(-0.0768388 -0.923485 0)
(-0.0317104 -0.959673 0)
(0.0350091 -0.86053 0)
(0.110321 -0.743606 0)
(0.167822 -0.571331 0)
(0.198573 -0.404417 0)
(0.202731 -0.247541 0)
(0.179118 -0.142736 0)
(0.133382 -0.066055 0)
(0.0775177 0.000374172 0)
(0.0246459 -0.0311324 0)
(-1.22896 -0.162978 0)
(-1.26287 -0.0724129 0)
(-1.21752 0.0871892 0)
(-1.05076 0.324423 0)
(-0.722197 0.311867 0)
(-0.341309 -0.118476 0)
(-0.139125 -0.616004 0)
(-0.150676 -0.898491 0)
(-0.179697 -0.947116 0)
(-0.146048 -1.00727 0)
(-0.0675374 -0.944285 0)
(0.0399158 -0.825162 0)
(0.131124 -0.624271 0)
(0.188871 -0.431492 0)
(0.208415 -0.241856 0)
(0.187599 -0.108166 0)
(0.137637 -0.0139833 0)
(0.0796165 0.0514007 0)
(0.0257388 0.0144835 0)
(-1.07496 -0.101027 0)
(-1.11578 -0.0666893 0)
(-1.07754 0.00589216 0)
(-0.909594 0.102957 0)
(-0.654837 0.0056272 0)
(-0.457895 -0.334969 0)
(-0.394465 -0.639765 0)
(-0.398462 -0.860614 0)
(-0.378681 -0.97659 0)
(-0.314607 -1.06617 0)
(-0.210539 -1.05053 0)
(-0.0788095 -0.935269 0)
(0.0407887 -0.704842 0)
(0.123259 -0.477732 0)
(0.163475 -0.249631 0)
(0.158074 -0.0766144 0)
(0.119686 0.0344576 0)
(0.0721812 0.0984937 0)
(0.024151 0.059651 0)
(-0.966788 -0.0565321 0)
(-0.98861 -0.0544476 0)
(-0.972514 -0.0554546 0)
(-0.891941 -0.0604803 0)
(-0.776893 -0.165458 0)
(-0.690145 -0.420497 0)
(-0.636979 -0.659683 0)
(-0.586148 -0.88303 0)
(-0.516954 -1.03463 0)
(-0.427867 -1.14665 0)
(-0.315586 -1.16574 0)
(-0.176866 -1.0647 0)
(-0.0404478 -0.806989 0)
(0.0584502 -0.539626 0)
(0.116767 -0.276831 0)
(0.129956 -0.0564065 0)
(0.103089 0.073346 0)
(0.063177 0.138754 0)
(0.0212948 0.100797 0)
(-1.02066 -0.0162701 0)
(-1.06256 -0.0369998 0)
(-1.06742 -0.0830069 0)
(-1.02341 -0.145594 0)
(-0.940535 -0.25936 0)
(-0.848706 -0.488119 0)
(-0.769271 -0.71199 0)
(-0.698924 -0.940314 0)
(-0.621797 -1.10968 0)
(-0.530565 -1.2347 0)
(-0.421605 -1.27782 0)
(-0.282131 -1.20428 0)
(-0.126717 -0.931405 0)
(-0.00161745 -0.617823 0)
(0.0758486 -0.321433 0)
(0.10645 -0.0513721 0)
(0.0936799 0.104229 0)
(0.0600177 0.174494 0)
(0.0205671 0.1387 0)
(-1.10636 0.0286553 0)
(-1.12956 -0.0229706 0)
(-1.11354 -0.107085 0)
(-1.06391 -0.206186 0)
(-0.992908 -0.337943 0)
(-0.917805 -0.560521 0)
(-0.846904 -0.775559 0)
(-0.776115 -1.00439 0)
(-0.697772 -1.18622 0)
(-0.609298 -1.32071 0)
(-0.507487 -1.38246 0)
(-0.381527 -1.33974 0)
(-0.221904 -1.08093 0)
(-0.0644752 -0.72387 0)
(0.0375461 -0.377726 0)
(0.0823079 -0.063213 0)
(0.0845597 0.12564 0)
(0.0585184 0.207155 0)
(0.0206667 0.176034 0)
(-1.15248 0.0546456 0)
(-1.14642 -0.0334039 0)
(-1.11344 -0.140939 0)
(-1.06818 -0.258128 0)
(-1.0076 -0.405009 0)
(-0.937653 -0.62464 0)
(-0.870165 -0.836602 0)
(-0.805418 -1.06593 0)
(-0.737974 -1.25654 0)
(-0.662003 -1.39913 0)
(-0.573207 -1.47645 0)
(-0.463298 -1.45911 0)
(-0.307723 -1.24669 0)
(-0.129384 -0.861849 0)
(-0.00502657 -0.444515 0)
(0.0519444 -0.0884166 0)
(0.0653592 0.136721 0)
(0.0485566 0.23489 0)
(0.017558 0.210645 0)
(-1.1242 0.056082 0)
(-1.10367 -0.0588496 0)
(-1.07081 -0.175012 0)
(-1.02679 -0.304786 0)
(-0.968777 -0.465601 0)
(-0.910321 -0.680174 0)
(-0.858165 -0.889269 0)
(-0.808338 -1.11688 0)
(-0.754819 -1.31499 0)
(-0.690995 -1.46711 0)
(-0.61307 -1.55927 0)
(-0.515018 -1.56441 0)
(-0.374674 -1.40909 0)
(-0.196842 -1.02166 0)
(-0.0472618 -0.532505 0)
(0.030751 -0.122505 0)
(0.0507402 0.140637 0)
(0.0388461 0.256989 0)
(0.013945 0.239173 0)
(-1.05947 0.042005 0)
(-1.03187 -0.0882729 0)
(-0.991482 -0.211815 0)
(-0.93865 -0.355565 0)
(-0.880637 -0.519746 0)
(-0.832607 -0.722326 0)
(-0.797958 -0.925608 0)
(-0.769258 -1.15154 0)
(-0.73573 -1.35904 0)
(-0.687154 -1.52471 0)
(-0.621946 -1.63113 0)
(-0.539295 -1.65601 0)
(-0.424628 -1.54818 0)
(-0.262009 -1.19056 0)
(-0.0915959 -0.653081 0)
(0.012315 -0.166479 0)
(0.0407842 0.140815 0)
(0.0318781 0.275679 0)
(0.0111019 0.26186 0)
(-0.950481 0.0169336 0)
(-0.910178 -0.124597 0)
(-0.860572 -0.25687 0)
(-0.805226 -0.40834 0)
(-0.752909 -0.566747 0)
(-0.71338 -0.754499 0)
(-0.690304 -0.945618 0)
(-0.682139 -1.16484 0)
(-0.677066 -1.38063 0)
(-0.656126 -1.56599 0)
(-0.611826 -1.6889 0)
(-0.547564 -1.73112 0)
(-0.456983 -1.65873 0)
(-0.314943 -1.35562 0)
(-0.135995 -0.804066 0)
(-0.00483812 -0.228127 0)
(0.0397672 0.136396 0)
(0.0345012 0.292969 0)
(0.0125463 0.283279 0)
(-0.811777 -0.0166641 0)
(-0.771136 -0.164192 0)
(-0.728805 -0.300412 0)
(-0.685929 -0.453622 0)
(-0.645173 -0.605631 0)
(-0.610943 -0.782308 0)
(-0.587956 -0.959444 0)
(-0.58096 -1.16469 0)
(-0.588722 -1.3783 0)
(-0.593308 -1.58307 0)
(-0.57417 -1.72917 0)
(-0.528342 -1.79042 0)
(-0.456929 -1.74596 0)
(-0.338792 -1.50374 0)
(-0.165244 -0.974826 0)
(-0.0119744 -0.314662 0)
(0.048657 0.127761 0)
(0.0439626 0.310661 0)
(0.016921 0.309963 0)
(-0.664406 -0.0512815 0)
(-0.630574 -0.196915 0)
(-0.600434 -0.333217 0)
(-0.571046 -0.48616 0)
(-0.542645 -0.635623 0)
(-0.517114 -0.806346 0)
(-0.497837 -0.973607 0)
(-0.489636 -1.16424 0)
(-0.49673 -1.36527 0)
(-0.5122 -1.57791 0)
(-0.514249 -1.74975 0)
(-0.488304 -1.83474 0)
(-0.435427 -1.81406 0)
(-0.343428 -1.62574 0)
(-0.187253 -1.15112 0)
(-0.0214471 -0.427017 0)
(0.0555736 0.115616 0)
(0.0522925 0.330066 0)
(0.0204949 0.343838 0)
(-0.535424 -0.0855931 0)
(-0.503031 -0.222483 0)
(-0.478956 -0.356662 0)
(-0.459335 -0.507018 0)
(-0.44284 -0.655348 0)
(-0.426768 -0.824223 0)
(-0.413194 -0.985416 0)
(-0.407128 -1.16531 0)
(-0.412498 -1.3529 0)
(-0.430047 -1.56038 0)
(-0.444144 -1.75264 0)
(-0.433302 -1.8651 0)
(-0.396074 -1.86519 0)
(-0.326732 -1.72055 0)
(-0.195121 -1.31665 0)
(-0.0316352 -0.559377 0)
(0.0608761 0.0946298 0)
(0.0616393 0.353372 0)
(0.0236033 0.383757 0)
(-0.429562 -0.123585 0)
(-0.392245 -0.247525 0)
(-0.367573 -0.375688 0)
(-0.353042 -0.518856 0)
(-0.345866 -0.664892 0)
(-0.339256 -0.835167 0)
(-0.332094 -0.993199 0)
(-0.329186 -1.16561 0)
(-0.333879 -1.34346 0)
(-0.350417 -1.53895 0)
(-0.371049 -1.74262 0)
(-0.372476 -1.88361 0)
(-0.348755 -1.9018 0)
(-0.29923 -1.79146 0)
(-0.198521 -1.45591 0)
(-0.0494976 -0.702833 0)
(0.0579875 0.0571749 0)
(0.067894 0.381213 0)
(0.025789 0.428466 0)
(-0.354597 -0.166912 0)
(-0.311201 -0.277191 0)
(-0.281417 -0.395259 0)
(-0.265433 -0.526862 0)
(-0.261205 -0.667171 0)
(-0.260246 -0.839701 0)
(-0.257963 -0.997178 0)
(-0.257902 -1.16429 0)
(-0.262532 -1.33631 0)
(-0.275726 -1.51916 0)
(-0.298102 -1.72346 0)
(-0.309221 -1.89138 0)
(-0.297021 -1.9265 0)
(-0.264587 -1.84089 0)
(-0.193612 -1.56179 0)
(-0.0630153 -0.849912 0)
(0.058019 -0.0024684 0)
(0.078957 0.412986 0)
(0.0300889 0.479041 0)
(-0.297066 -0.212849 0)
(-0.251395 -0.311807 0)
(-0.217101 -0.418589 0)
(-0.196798 -0.536332 0)
(-0.190497 -0.667198 0)
(-0.19097 -0.840084 0)
(-0.19124 -0.998587 0)
(-0.192469 -1.16179 0)
(-0.197012 -1.33048 0)
(-0.207283 -1.50374 0)
(-0.227701 -1.70014 0)
(-0.243473 -1.89034 0)
(-0.239035 -1.94256 0)
(-0.218035 -1.87314 0)
(-0.16906 -1.63804 0)
(-0.0589773 -0.991394 0)
(0.0622641 -0.0801582 0)
(0.0887962 0.44776 0)
(0.0345812 0.537571 0)
(-0.25811 -0.258665 0)
(-0.2113 -0.349634 0)
(-0.173187 -0.446245 0)
(-0.147301 -0.550438 0)
(-0.135664 -0.669295 0)
(-0.133996 -0.839041 0)
(-0.134433 -0.998965 0)
(-0.134998 -1.15976 0)
(-0.138304 -1.32538 0)
(-0.145896 -1.49265 0)
(-0.16271 -1.67752 0)
(-0.180048 -1.88298 0)
(-0.181715 -1.9524 0)
(-0.169354 -1.89346 0)
(-0.137447 -1.69088 0)
(-0.0505678 -1.11674 0)
(0.0644279 -0.168531 0)
(0.0981862 0.481615 0)
(0.040211 0.605258 0)
(-0.216042 -0.30262 0)
(-0.172135 -0.38773 0)
(-0.135458 -0.475791 0)
(-0.108155 -0.568989 0)
(-0.0922294 -0.675657 0)
(-0.086907 -0.838979 0)
(-0.0858327 -0.99958 0)
(-0.0847646 -1.15958 0)
(-0.0859332 -1.32149 0)
(-0.090711 -1.48532 0)
(-0.102899 -1.65858 0)
(-0.118697 -1.87192 0)
(-0.123402 -1.95768 0)
(-0.115842 -1.90618 0)
(-0.0946649 -1.72617 0)
(-0.0278523 -1.22048 0)
(0.0765015 -0.263222 0)
(0.111233 0.514366 0)
(0.0464089 0.683646 0)
(-0.189212 -0.343723 0)
(-0.146971 -0.424548 0)
(-0.110205 -0.505399 0)
(-0.0807208 -0.590737 0)
(-0.0600354 -0.687011 0)
(-0.049747 -0.841727 0)
(-0.0456464 -1.00149 0)
(-0.0419962 -1.16192 0)
(-0.040195 -1.31971 0)
(-0.0419205 -1.4812 0)
(-0.0493988 -1.64489 0)
(-0.0620566 -1.85984 0)
(-0.0679384 -1.96016 0)
(-0.0641488 -1.91396 0)
(-0.0507477 -1.74966 0)
(-0.00211622 -1.30142 0)
(0.0859988 -0.356402 0)
(0.120066 0.545325 0)
(0.0521411 0.772828 0)
(-0.155805 -0.381624 0)
(-0.117683 -0.459337 0)
(-0.0836906 -0.534609 0)
(-0.0548346 -0.61429 0)
(-0.0325285 -0.702335 0)
(-0.018845 -0.848072 0)
(-0.0114264 -1.00555 0)
(-0.00523208 -1.16675 0)
(-0.000569004 -1.32071 0)
(0.000993411 -1.48004 0)
(-0.0016388 -1.63689 0)
(-0.00982356 -1.84897 0)
(-0.0144996 -1.96147 0)
(-0.0119816 -1.91834 0)
(-0.00213305 -1.76629 0)
(0.0337686 -1.36125 0)
(0.105185 -0.440892 0)
(0.132254 0.574521 0)
(0.057891 0.872398 0)
(-0.1392 -0.416458 0)
(-0.103173 -0.491573 0)
(-0.0702757 -0.562875 0)
(-0.0406837 -0.638889 0)
(-0.0151873 -0.72097 0)
(0.00333272 -0.858557 0)
(0.0151908 -1.01249 0)
(0.0247008 -1.174 0)
(0.0327816 -1.32497 0)
(0.0379192 -1.48182 0)
(0.0395768 -1.63421 0)
(0.0359592 -1.84096 0)
(0.0336524 -1.96315 0)
(0.0360102 -1.92106 0)
(0.0432216 -1.779 0)
(0.0683192 -1.40373 0)
(0.122705 -0.512227 0)
(0.142182 0.60376 0)
(0.0631744 0.981951 0)
(-0.113284 -0.448775 0)
(-0.0802673 -0.521709 0)
(-0.0496478 -0.590192 0)
(-0.0213892 -0.663899 0)
(0.0038663 -0.741864 0)
(0.0239992 -0.872621 0)
(0.0388343 -1.02256 0)
(0.0509581 -1.18349 0)
(0.0615758 -1.33239 0)
(0.0697306 -1.48642 0)
(0.0751206 -1.63598 0)
(0.0761387 -1.83683 0)
(0.0774649 -1.96638 0)
(0.0818798 -1.92394 0)
(0.0893693 -1.7894 0)
(0.108938 -1.43372 0)
(0.148977 -0.567655 0)
(0.155796 0.635409 0)
(0.0683286 1.10095 0)
(-0.105549 -0.479103 0)
(-0.0737275 -0.550033 0)
(-0.0437843 -0.616652 0)
(-0.0153105 -0.688757 0)
(0.0111545 -0.76379 0)
(0.0341799 -0.889733 0)
(0.0531517 -1.03603 0)
(0.068889 -1.19522 0)
(0.0827766 -1.34282 0)
(0.0943265 -1.49381 0)
(0.103337 -1.64161 0)
(0.108618 -1.83689 0)
(0.11335 -1.9718 0)
(0.120071 -1.9286 0)
(0.128752 -1.79937 0)
(0.145937 -1.457 0)
(0.176042 -0.607836 0)
(0.171272 0.673744 0)
(0.0740234 1.22976 0)
(-0.085081 -0.507966 0)
(-0.054977 -0.577188 0)
(-0.0262435 -0.642576 0)
(0.00145219 -0.713644 0)
(0.0274592 -0.786369 0)
(0.0504556 -0.908785 0)
(0.07026 -1.05205 0)
(0.087184 -1.20874 0)
(0.102381 -1.35561 0)
(0.115645 -1.50347 0)
(0.126891 -1.65028 0)
(0.135518 -1.8408 0)
(0.143663 -1.97953 0)
(0.153385 -1.93574 0)
(0.165656 -1.81119 0)
(0.187213 -1.48024 0)
(0.214722 -0.636724 0)
(0.197121 0.722876 0)
(0.0830229 1.37187 0)
(-0.0831665 -0.535234 0)
(-0.0543159 -0.603254 0)
(-0.0264091 -0.66775 0)
(0.000917319 -0.738246 0)
(0.0272195 -0.809089 0)
(0.0514337 -0.928774 0)
(0.0735557 -1.06999 0)
(0.0930885 -1.22378 0)
(0.11074 -1.37029 0)
(0.126508 -1.51506 0)
(0.140325 -1.66136 0)
(0.15189 -1.84799 0)
(0.162432 -1.98925 0)
(0.173797 -1.9451 0)
(0.186266 -1.82421 0)
(0.207667 -1.50608 0)
(0.229158 -0.655221 0)
(0.199705 0.783946 0)
(0.0816413 1.52088 0)
(-0.0702463 -0.56149 0)
(-0.0418072 -0.628827 0)
(-0.013946 -0.69263 0)
(0.0134055 -0.762834 0)
(0.0399774 -0.832337 0)
(0.0644527 -0.949577 0)
(0.0865303 -1.08918 0)
(0.105951 -1.23984 0)
(0.123521 -1.3861 0)
(0.13926 -1.52775 0)
(0.153306 -1.67388 0)
(0.165731 -1.85718 0)
(0.177563 -2.00031 0)
(0.190503 -1.95604 0)
(0.206257 -1.83881 0)
(0.231891 -1.53404 0)
(0.261966 -0.673922 0)
(0.234995 0.853697 0)
(0.0971631 1.68268 0)
(-0.0674562 -0.58657 0)
(-0.0408088 -0.653541 0)
(-0.014567 -0.716815 0)
(0.0111511 -0.786608 0)
(0.0362312 -0.855235 0)
(0.0598039 -0.970084 0)
(0.0817397 -1.10842 0)
(0.101821 -1.25626 0)
(0.120257 -1.40216 0)
(0.136906 -1.54089 0)
(0.151874 -1.68689 0)
(0.165052 -1.86722 0)
(0.176779 -2.01146 0)
(0.187582 -1.96624 0)
(0.198676 -1.85277 0)
(0.211724 -1.55496 0)
(0.220656 -0.68822 0)
(0.184377 0.925209 0)
(0.0729833 1.83658 0)
)
;

boundaryField
{
    leftWall
    {
        type            extrapolatedCalculated;
        value           nonuniform List<vector> 
50
(
(2.57135e-05 -1.21539e-05 0)
(0.000184088 -0.000111309 0)
(0.000269745 -0.000325791 0)
(0.00101249 -0.000931769 0)
(0.00115527 -0.00195624 0)
(0.00251555 -0.00369105 0)
(0.00372782 -0.00664162 0)
(0.00357211 -0.0100915 0)
(0.00798381 -0.0198052 0)
(0.0106522 -0.0385384 0)
(0.0119423 -0.0612508 0)
(0.00679874 -0.0800897 0)
(-0.0350833 -0.0516575 0)
(-0.0896144 0.073692 0)
(-0.111064 0.275417 0)
(-0.0987214 0.486287 0)
(-0.0789885 0.664902 0)
(-0.0556741 0.800245 0)
(-0.0237792 0.880479 0)
(-0.00126794 0.91047 0)
(0.0305321 0.886106 0)
(-0.0331305 0.889374 0)
(-0.121793 1.04429 0)
(-0.0211834 1.18584 0)
(-0.0184707 1.22427 0)
(-0.00873546 1.25145 0)
(0.00540529 1.2552 0)
(-0.051305 1.30375 0)
(-0.165669 1.52391 0)
(-0.238432 1.93023 0)
(-0.244322 2.41551 0)
(-0.223099 2.88538 0)
(-0.205524 3.31625 0)
(-0.143185 3.6668 0)
(-0.0362085 3.84716 0)
(0.0481253 3.83521 0)
(0.0906069 3.69577 0)
(0.114394 3.48971 0)
(0.115423 3.2587 0)
(0.106537 3.03559 0)
(0.112809 2.81511 0)
(0.129123 2.57192 0)
(0.120015 2.3215 0)
(0.0836231 2.11681 0)
(0.0468842 1.98564 0)
(0.0243743 1.91403 0)
(0.00459194 1.88492 0)
(-0.00309028 1.88342 0)
(-0.0116106 1.89821 0)
(-0.0186547 1.92857 0)
)
;
    }
    rightWall
    {
        type            extrapolatedCalculated;
        value           nonuniform List<vector> 
50
(
(-0.142294 -0.060526 0)
(-0.0800125 -0.155086 0)
(-0.00399645 -0.190819 0)
(0.049304 -0.171545 0)
(0.0718468 -0.120011 0)
(0.0603464 -0.0637806 0)
(0.0236216 -0.0280627 0)
(-0.012569 -0.0233582 0)
(-0.0119618 -0.0395378 0)
(0.0469297 -0.00789079 0)
(0.0812491 0.108127 0)
(-0.0328966 0.151917 0)
(-0.069257 0.0595264 0)
(0.0168672 0.0121602 0)
(0.0285225 0.0532622 0)
(0.013546 0.0913595 0)
(-0.0499433 0.0584637 0)
(-0.0395699 -0.0224902 0)
(-0.0255921 -0.081413 0)
(-0.0139371 -0.117145 0)
(0.00247685 -0.127482 0)
(0.0156388 -0.111061 0)
(0.0239952 -0.0751711 0)
(0.0246459 -0.0311324 0)
(0.0257388 0.0144835 0)
(0.024151 0.059651 0)
(0.0212948 0.100797 0)
(0.0205671 0.1387 0)
(0.0206667 0.176034 0)
(0.017558 0.210645 0)
(0.013945 0.239173 0)
(0.0111019 0.26186 0)
(0.0125463 0.283279 0)
(0.016921 0.309963 0)
(0.0204949 0.343838 0)
(0.0236033 0.383757 0)
(0.025789 0.428466 0)
(0.0300889 0.479041 0)
(0.0345812 0.537571 0)
(0.040211 0.605258 0)
(0.0464089 0.683646 0)
(0.0521411 0.772828 0)
(0.057891 0.872398 0)
(0.0631744 0.981951 0)
(0.0683286 1.10095 0)
(0.0740234 1.22976 0)
(0.0830229 1.37187 0)
(0.0816413 1.52088 0)
(0.0971631 1.68268 0)
(0.0729833 1.83658 0)
)
;
    }
    lowerWall
    {
        type            extrapolatedCalculated;
        value           nonuniform List<vector> 
62
(
(2.57135e-05 -1.21539e-05 0)
(-0.000713601 0.000361545 0)
(-0.00356461 0.000985815 0)
(-0.00935221 0.00174936 0)
(-0.0179573 0.00231734 0)
(-0.0290876 0.00294276 0)
(-0.0413881 0.00287033 0)
(-0.0528901 0.00256542 0)
(-0.0610546 0.00129305 0)
(-0.0634012 -0.000184064 0)
(-0.0592889 -0.00175941 0)
(-0.0493565 -0.00293457 0)
(-0.0347705 -0.00395871 0)
(-0.0170613 -0.00441055 0)
(0.00251638 -0.00484174 0)
(0.0236144 -0.00512908 0)
(0.0449213 -0.0049404 0)
(0.0638943 -0.00402616 0)
(0.0774236 -0.0023677 0)
(0.0832411 -0.000381652 0)
(0.0743716 0.00457327 0)
(0.0519106 0.00604156 0)
(0.0195634 0.00924546 0)
(0.0195634 0.00924546 0)
(0.0194228 0.0276699 0)
(0.0215189 0.0470184 0)
(0.0226932 0.0679126 0)
(0.0315559 0.0935501 0)
(0.0297425 0.122519 0)
(0.0357709 0.15348 0)
(0.0288756 0.184031 0)
(0.114167 0.0511811 0)
(0.0956373 -0.0117721 0)
(0.0794009 0.0462418 0)
(-0.0234091 0.172315 0)
(-0.598218 0.253908 0)
(-0.419591 0.686541 0)
(-0.0294982 0.878203 0)
(0.143105 0.830063 0)
(0.137493 0.710575 0)
(0.105823 0.607145 0)
(0.0543593 0.538932 0)
(-0.0140926 0.521716 0)
(-0.598218 0.253908 0)
(-1.34321 0.0624019 0)
(-1.50411 0.00600228 0)
(-1.45279 -0.027792 0)
(-1.293 -0.0400986 0)
(-1.05073 -0.0628777 0)
(-0.695955 -0.0879852 0)
(-0.309563 -0.076365 0)
(-0.0149879 -0.0489318 0)
(0.166691 -0.0283423 0)
(0.242039 -0.00368674 0)
(0.117373 0.0567322 0)
(-0.209855 0.082454 0)
(-0.508474 0.0445646 0)
(-0.647305 0.0144894 0)
(-0.672747 -0.00366414 0)
(-0.601296 -0.0267224 0)
(-0.411526 -0.053992 0)
(-0.142294 -0.060526 0)
)
;
    }
    atmosphere
    {
        type            extrapolatedCalculated;
        value           nonuniform List<vector> 
46
(
(-0.0186547 1.92857 0)
(-0.0579087 1.92054 0)
(-0.103579 1.89268 0)
(-0.157207 1.8633 0)
(-0.217857 1.82077 0)
(-0.284033 1.78154 0)
(-0.353341 1.73458 0)
(-0.422163 1.69186 0)
(-0.482845 1.63126 0)
(-0.519141 1.52772 0)
(-0.52209 1.33269 0)
(-0.505642 1.11168 0)
(-0.481451 0.902069 0)
(-0.450248 0.702199 0)
(-0.41483 0.515856 0)
(-0.37767 0.346867 0)
(-0.338774 0.194987 0)
(-0.297742 0.06148 0)
(-0.257125 -0.0530869 0)
(-0.222 -0.151207 0)
(-0.192338 -0.242723 0)
(-0.165194 -0.323037 0)
(-0.139635 -0.399011 0)
(-0.121294 -0.449319 0)
(-0.109654 -0.480599 0)
(-0.0980924 -0.510166 0)
(-0.0865945 -0.539778 0)
(-0.0674562 -0.58657 0)
(-0.0408088 -0.653541 0)
(-0.014567 -0.716815 0)
(0.0111511 -0.786608 0)
(0.0362312 -0.855235 0)
(0.0598039 -0.970084 0)
(0.0817397 -1.10842 0)
(0.101821 -1.25626 0)
(0.120257 -1.40216 0)
(0.136906 -1.54089 0)
(0.151874 -1.68689 0)
(0.165052 -1.86722 0)
(0.176779 -2.01146 0)
(0.187582 -1.96624 0)
(0.198676 -1.85277 0)
(0.211724 -1.55496 0)
(0.220656 -0.68822 0)
(0.184377 0.925209 0)
(0.0729833 1.83658 0)
)
;
    }
    defaultFaces
    {
        type            empty;
    }
}


// ************************************************************************* //
