/*--------------------------------*- C++ -*----------------------------------*\
| =========                 |                                                 |
| \\      /  F ield         | OpenFOAM: The Open Source CFD Toolbox           |
|  \\    /   O peration     | Version:  3.0.1                                 |
|   \\  /    A nd           | Web:      www.OpenFOAM.org                      |
|    \\/     M anipulation  |                                                 |
\*---------------------------------------------------------------------------*/
FoamFile
{
    version     2.0;
    format      ascii;
    class       volScalarField;
    location    "0.0001";
    object      rho;
}
// * * * * * * * * * * * * * * * * * * * * * * * * * * * * * * * * * * * * * //

dimensions      [1 -3 0 0 0 0 0];

internalField   nonuniform List<scalar> 
1000
(
0.83124
0.83124
0.83124
0.83124
0.83124
0.83124
0.83124
0.83124
0.83124
0.83124
0.83124
0.83124
0.83124
0.83124
0.83124
0.83124
0.83124
0.83124
0.83124
0.83124
0.831239
0.831239
0.831237
0.831235
0.83123
0.83122
0.831202
0.831168
0.831106
0.830996
0.830805
0.830479
0.82994
0.829076
0.827736
0.825741
0.822899
0.819051
0.814143
0.808305
0.801931
0.795696
0.790444
0.786922
0.78539
0.785338
0.785672
0.785754
0.785488
0.786781
0.767924
0.753119
0.751454
0.751307
0.75165
0.752319
0.752504
0.751143
0.747673
0.742377
0.736134
0.729927
0.724476
0.720118
0.716882
0.714617
0.713108
0.712142
0.711545
0.711188
0.71098
0.710861
0.710795
0.710758
0.710739
0.710729
0.710723
0.710721
0.710719
0.710719
0.710718
0.710718
0.710718
0.710718
0.710718
0.710718
0.710718
0.710718
0.710718
0.710718
0.710718
0.710718
0.710718
0.710718
0.710718
0.710718
0.710718
0.710718
0.710718
0.710718
0.83124
0.83124
0.83124
0.83124
0.83124
0.83124
0.83124
0.83124
0.83124
0.83124
0.83124
0.83124
0.83124
0.83124
0.83124
0.83124
0.83124
0.83124
0.83124
0.83124
0.831239
0.831239
0.831237
0.831235
0.83123
0.83122
0.831202
0.831168
0.831106
0.830996
0.830805
0.830479
0.82994
0.829076
0.827736
0.825741
0.822899
0.819052
0.814143
0.808305
0.801931
0.795694
0.790441
0.786919
0.785387
0.785336
0.785675
0.785748
0.785584
0.785948
0.768345
0.753355
0.751449
0.751296
0.751649
0.752321
0.752507
0.751145
0.747675
0.742378
0.736134
0.729927
0.724476
0.720118
0.716882
0.714617
0.713108
0.712142
0.711545
0.711188
0.71098
0.710861
0.710795
0.710758
0.710739
0.710729
0.710723
0.710721
0.710719
0.710719
0.710718
0.710718
0.710718
0.710718
0.710718
0.710718
0.710718
0.710718
0.710718
0.710718
0.710718
0.710718
0.710718
0.710718
0.710718
0.710718
0.710718
0.710718
0.710718
0.710718
0.83124
0.83124
0.83124
0.83124
0.83124
0.83124
0.83124
0.83124
0.83124
0.83124
0.83124
0.83124
0.83124
0.83124
0.83124
0.83124
0.83124
0.83124
0.83124
0.83124
0.831239
0.831239
0.831237
0.831235
0.83123
0.83122
0.831202
0.831168
0.831106
0.830996
0.830805
0.830479
0.82994
0.829076
0.827737
0.825742
0.8229
0.819052
0.814144
0.808305
0.80193
0.795693
0.790438
0.786915
0.785384
0.785337
0.785675
0.785753
0.785487
0.786774
0.768036
0.753047
0.751413
0.751296
0.751648
0.752322
0.752509
0.751147
0.747677
0.742379
0.736134
0.729927
0.724476
0.720118
0.716881
0.714617
0.713107
0.712142
0.711545
0.711188
0.71098
0.710861
0.710795
0.710758
0.710739
0.710729
0.710723
0.710721
0.710719
0.710719
0.710718
0.710718
0.710718
0.710718
0.710718
0.710718
0.710718
0.710718
0.710718
0.710718
0.710718
0.710718
0.710718
0.710718
0.710718
0.710718
0.710718
0.710718
0.710718
0.710718
0.83124
0.83124
0.83124
0.83124
0.83124
0.83124
0.83124
0.83124
0.83124
0.83124
0.83124
0.83124
0.83124
0.83124
0.83124
0.83124
0.83124
0.83124
0.83124
0.83124
0.831239
0.831239
0.831237
0.831235
0.83123
0.83122
0.831202
0.831168
0.831106
0.830996
0.830805
0.830479
0.82994
0.829076
0.827737
0.825742
0.8229
0.819053
0.814145
0.808306
0.80193
0.79569
0.790434
0.786909
0.785379
0.785335
0.785676
0.785765
0.785577
0.785941
0.768343
0.753353
0.751443
0.75129
0.751646
0.752323
0.752512
0.751151
0.74768
0.74238
0.736135
0.729927
0.724476
0.720117
0.716881
0.714617
0.713107
0.712142
0.711545
0.711188
0.710979
0.710861
0.710795
0.710758
0.710739
0.710729
0.710723
0.710721
0.710719
0.710719
0.710718
0.710718
0.710718
0.710718
0.710718
0.710718
0.710718
0.710718
0.710718
0.710718
0.710718
0.710718
0.710718
0.710718
0.710718
0.710718
0.710718
0.710718
0.710718
0.710718
0.83124
0.83124
0.83124
0.83124
0.83124
0.83124
0.83124
0.83124
0.83124
0.83124
0.83124
0.83124
0.83124
0.83124
0.83124
0.83124
0.83124
0.83124
0.83124
0.83124
0.831239
0.831239
0.831237
0.831235
0.83123
0.83122
0.831202
0.831168
0.831106
0.830996
0.830805
0.830479
0.829941
0.829076
0.827737
0.825742
0.822901
0.819054
0.814145
0.808306
0.801929
0.795689
0.790431
0.786905
0.785375
0.785334
0.785681
0.785767
0.785578
0.785942
0.768343
0.753343
0.751447
0.751287
0.751643
0.752323
0.752515
0.751154
0.747682
0.742381
0.736135
0.729927
0.724475
0.720117
0.716881
0.714616
0.713107
0.712142
0.711545
0.711188
0.710979
0.710861
0.710795
0.710758
0.710739
0.710729
0.710723
0.710721
0.710719
0.710719
0.710718
0.710718
0.710718
0.710718
0.710718
0.710718
0.710718
0.710718
0.710718
0.710718
0.710718
0.710718
0.710718
0.710718
0.710718
0.710718
0.710718
0.710718
0.710718
0.710718
0.83124
0.83124
0.83124
0.83124
0.83124
0.83124
0.83124
0.83124
0.83124
0.83124
0.83124
0.83124
0.83124
0.83124
0.83124
0.83124
0.83124
0.83124
0.83124
0.83124
0.831239
0.831239
0.831237
0.831235
0.83123
0.83122
0.831202
0.831168
0.831106
0.830996
0.830805
0.830479
0.829941
0.829076
0.827737
0.825743
0.822901
0.819054
0.814146
0.808306
0.80193
0.79569
0.790432
0.786906
0.785375
0.785333
0.78568
0.785766
0.785577
0.785942
0.768342
0.753353
0.751443
0.751285
0.751644
0.752324
0.752515
0.751154
0.747682
0.742381
0.736135
0.729927
0.724475
0.720117
0.716881
0.714616
0.713107
0.712142
0.711545
0.711188
0.710979
0.710861
0.710795
0.710758
0.710739
0.710729
0.710723
0.710721
0.710719
0.710719
0.710718
0.710718
0.710718
0.710718
0.710718
0.710718
0.710718
0.710718
0.710718
0.710718
0.710718
0.710718
0.710718
0.710718
0.710718
0.710718
0.710718
0.710718
0.710718
0.710718
0.83124
0.83124
0.83124
0.83124
0.83124
0.83124
0.83124
0.83124
0.83124
0.83124
0.83124
0.83124
0.83124
0.83124
0.83124
0.83124
0.83124
0.83124
0.83124
0.83124
0.831239
0.831239
0.831237
0.831235
0.83123
0.83122
0.831202
0.831168
0.831106
0.830996
0.830805
0.830479
0.829941
0.829076
0.827737
0.825743
0.822901
0.819054
0.814146
0.808307
0.801932
0.795693
0.790436
0.78691
0.785377
0.785331
0.785678
0.785739
0.785686
0.785894
0.768304
0.753327
0.751456
0.751296
0.751648
0.752325
0.752514
0.751152
0.74768
0.74238
0.736134
0.729927
0.724475
0.720117
0.716881
0.714616
0.713107
0.712142
0.711545
0.711188
0.710979
0.710861
0.710795
0.710758
0.710739
0.710729
0.710723
0.710721
0.710719
0.710719
0.710718
0.710718
0.710718
0.710718
0.710718
0.710718
0.710718
0.710718
0.710718
0.710718
0.710718
0.710718
0.710718
0.710718
0.710718
0.710718
0.710718
0.710718
0.710718
0.710718
0.83124
0.83124
0.83124
0.83124
0.83124
0.83124
0.83124
0.83124
0.83124
0.83124
0.83124
0.83124
0.83124
0.83124
0.83124
0.83124
0.83124
0.83124
0.83124
0.83124
0.831239
0.831239
0.831237
0.831235
0.83123
0.83122
0.831202
0.831168
0.831106
0.830996
0.830805
0.830479
0.829941
0.829076
0.827737
0.825742
0.822901
0.819054
0.814146
0.808308
0.801933
0.795695
0.790439
0.786914
0.785381
0.785332
0.78567
0.785749
0.785484
0.786772
0.768036
0.753047
0.751413
0.751298
0.751651
0.752325
0.752512
0.75115
0.747678
0.742379
0.736134
0.729926
0.724475
0.720117
0.716881
0.714616
0.713107
0.712142
0.711545
0.711188
0.710979
0.710861
0.710795
0.710758
0.710739
0.710729
0.710723
0.710721
0.710719
0.710719
0.710718
0.710718
0.710718
0.710718
0.710718
0.710718
0.710718
0.710718
0.710718
0.710718
0.710718
0.710718
0.710718
0.710718
0.710718
0.710718
0.710718
0.710718
0.710718
0.710718
0.83124
0.83124
0.83124
0.83124
0.83124
0.83124
0.83124
0.83124
0.83124
0.83124
0.83124
0.83124
0.83124
0.83124
0.83124
0.83124
0.83124
0.83124
0.83124
0.83124
0.831239
0.831239
0.831237
0.831235
0.83123
0.83122
0.831202
0.831168
0.831106
0.830996
0.830805
0.830479
0.829941
0.829076
0.827737
0.825742
0.822901
0.819054
0.814146
0.808307
0.801933
0.795695
0.790439
0.786915
0.785382
0.785334
0.785675
0.785745
0.785581
0.785946
0.768345
0.753354
0.751446
0.751294
0.75165
0.752325
0.752512
0.75115
0.747678
0.742379
0.736134
0.729927
0.724475
0.720117
0.716881
0.714616
0.713107
0.712142
0.711545
0.711188
0.710979
0.710861
0.710795
0.710758
0.710739
0.710729
0.710723
0.710721
0.710719
0.710719
0.710718
0.710718
0.710718
0.710718
0.710718
0.710718
0.710718
0.710718
0.710718
0.710718
0.710718
0.710718
0.710718
0.710718
0.710718
0.710718
0.710718
0.710718
0.710718
0.710718
0.83124
0.83124
0.83124
0.83124
0.83124
0.83124
0.83124
0.83124
0.83124
0.83124
0.83124
0.83124
0.83124
0.83124
0.83124
0.83124
0.83124
0.83124
0.83124
0.83124
0.831239
0.831239
0.831237
0.831235
0.83123
0.83122
0.831202
0.831168
0.831106
0.830996
0.830805
0.830479
0.82994
0.829076
0.827737
0.825742
0.8229
0.819054
0.814145
0.808307
0.801932
0.795694
0.790439
0.786916
0.785385
0.785338
0.785679
0.785751
0.785536
0.786345
0.768102
0.753269
0.751467
0.751297
0.751646
0.752322
0.75251
0.751149
0.747678
0.742379
0.736134
0.729927
0.724475
0.720117
0.716881
0.714616
0.713107
0.712142
0.711545
0.711188
0.710979
0.710861
0.710795
0.710758
0.710739
0.710729
0.710723
0.710721
0.710719
0.710719
0.710718
0.710718
0.710718
0.710718
0.710718
0.710718
0.710718
0.710718
0.710718
0.710718
0.710718
0.710718
0.710718
0.710718
0.710718
0.710718
0.710718
0.710718
0.710718
0.710718
)
;

boundaryField
{
    sides1
    {
        type            calculated;
        value           nonuniform List<scalar> 
20
(
0.710718
0.710718
0.710718
0.710718
0.710718
0.710718
0.710718
0.710718
0.710718
0.710718
0.83124
0.83124
0.83124
0.83124
0.83124
0.83124
0.83124
0.83124
0.83124
0.83124
)
;
    }
    sides2
    {
        type            calculated;
        value           nonuniform List<scalar> 
200
(
0.83124
0.83124
0.83124
0.83124
0.83124
0.83124
0.83124
0.83124
0.83124
0.83124
0.83124
0.83124
0.83124
0.83124
0.83124
0.83124
0.83124
0.83124
0.83124
0.83124
0.831239
0.831239
0.831237
0.831235
0.83123
0.83122
0.831202
0.831168
0.831106
0.830996
0.830805
0.830479
0.82994
0.829076
0.827736
0.825741
0.822899
0.819051
0.814143
0.808305
0.801931
0.795696
0.790444
0.786922
0.78539
0.785338
0.785672
0.785754
0.785488
0.786781
0.767924
0.753119
0.751454
0.751307
0.75165
0.752319
0.752504
0.751143
0.747673
0.742377
0.736134
0.729927
0.724476
0.720118
0.716882
0.714617
0.713108
0.712142
0.711545
0.711188
0.71098
0.710861
0.710795
0.710758
0.710739
0.710729
0.710723
0.710721
0.710719
0.710719
0.710718
0.710718
0.710718
0.710718
0.710718
0.710718
0.710718
0.710718
0.710718
0.710718
0.710718
0.710718
0.710718
0.710718
0.710718
0.710718
0.710718
0.710718
0.710718
0.710718
0.83124
0.83124
0.83124
0.83124
0.83124
0.83124
0.83124
0.83124
0.83124
0.83124
0.83124
0.83124
0.83124
0.83124
0.83124
0.83124
0.83124
0.83124
0.83124
0.83124
0.831239
0.831239
0.831237
0.831235
0.83123
0.83122
0.831202
0.831168
0.831106
0.830996
0.830805
0.830479
0.82994
0.829076
0.827737
0.825742
0.8229
0.819054
0.814145
0.808307
0.801932
0.795694
0.790439
0.786916
0.785385
0.785338
0.785679
0.785751
0.785536
0.786345
0.768102
0.753269
0.751467
0.751297
0.751646
0.752322
0.75251
0.751149
0.747678
0.742379
0.736134
0.729927
0.724475
0.720117
0.716881
0.714616
0.713107
0.712142
0.711545
0.711188
0.710979
0.710861
0.710795
0.710758
0.710739
0.710729
0.710723
0.710721
0.710719
0.710719
0.710718
0.710718
0.710718
0.710718
0.710718
0.710718
0.710718
0.710718
0.710718
0.710718
0.710718
0.710718
0.710718
0.710718
0.710718
0.710718
0.710718
0.710718
0.710718
0.710718
)
;
    }
    empty
    {
        type            empty;
    }
}


// ************************************************************************* //
