/*--------------------------------*- C++ -*----------------------------------*\
| =========                 |                                                 |
| \\      /  F ield         | OpenFOAM: The Open Source CFD Toolbox           |
|  \\    /   O peration     | Version:  2012                                  |
|   \\  /    A nd           | Website:  www.openfoam.com                      |
|    \\/     M anipulation  |                                                 |
\*---------------------------------------------------------------------------*/
FoamFile
{
    version     2.0;
    format      ascii;
    class       volVectorField;
    location    "3e-05";
    object      Uc;
}
// * * * * * * * * * * * * * * * * * * * * * * * * * * * * * * * * * * * * * //

dimensions      [0 1 -1 0 0 0 0];


internalField   nonuniform List<vector> 
5000
(
(0 0 0)
(0 0 0)
(0 0 0)
(0 0 0)
(0 0 0)
(0 0 0)
(0 0 0)
(0 0 0)
(0 0 0)
(0 0 0)
(0 0 0)
(0 0 0)
(0 0 0)
(0 0 0)
(0 0 0)
(0 0 0)
(0 0 0)
(0 0 0)
(0 0 0)
(0 0 0)
(0 0 0)
(0 0 0)
(0 0 0)
(0 0 0)
(0 0 0)
(0 0 0)
(0 0 0)
(0 0 0)
(0 0 0)
(0 0 0)
(0 0 0)
(0 0 0)
(0 0 0)
(0 0 0)
(0 0 0)
(0 0 0)
(0 0 0)
(0 0 0)
(0 0 0)
(0 0 0)
(0 0 0)
(0 0 0)
(0 0 0)
(0 0 0)
(0 0 0)
(0 0 0)
(0 0 0)
(0 0 0)
(0 0 0)
(0 0 0)
(0 0 0)
(0 0 0)
(0 0 0)
(0 0 0)
(0 0 0)
(0 0 0)
(0 0 0)
(0 0 0)
(0 0 0)
(0 0 0)
(0 0 0)
(0 0 0)
(0 0 0)
(0 0 0)
(0 0 0)
(0 0 0)
(0 0 0)
(0 0 0)
(0 0 0)
(0 0 0)
(0 0 0)
(0 0 0)
(0 0 0)
(0 0 0)
(0 0 0)
(0 0 0)
(0 0 0)
(0 0 0)
(0 0 0)
(0 0 0)
(0 0 0)
(0 0 0)
(0 0 0)
(0 0 0)
(0 0 0)
(0 0 0)
(0 0 0)
(0 0 0)
(0 0 0)
(0 0 0)
(0 0 0)
(0 0 0)
(0 0 0)
(0 0 0)
(0 0 0)
(0 0 0)
(0 0 0)
(0 0 0)
(0 0 0)
(0 0 0)
(0 0 0)
(0 0 0)
(0 0 0)
(0 0 0)
(0 0 0)
(0 0 0)
(0 0 0)
(0 0 0)
(0 0 0)
(0 0 0)
(0 0 0)
(0 0 0)
(0 0 0)
(0 0 0)
(0 0 0)
(0 0 0)
(0 0 0)
(0 0 0)
(0 0 0)
(0 0 0)
(0 0 0)
(0 0 0)
(0 0 0)
(0 0 0)
(0 0 0)
(0 0 0)
(0 0 0)
(0 0 0)
(0 0 0)
(0 0 0)
(0 0 0)
(0 0 0)
(0 0 0)
(0 0 0)
(0 0 0)
(0 0 0)
(0 0 0)
(0 0 0)
(0 0 0)
(0 0 0)
(0 0 0)
(0 0 0)
(0 0 0)
(0 0 0)
(0 0 0)
(0 0 0)
(0 0 0)
(0 0 0)
(0 0 0)
(0 0 0)
(0 0 0)
(0 0 0)
(0 0 0)
(0 0 0)
(0 0 0)
(0 0 0)
(0 0 0)
(0 0 0)
(0 0 0)
(0 0 0)
(0 0 0)
(0 0 0)
(0 0 0)
(0 0 0)
(0 0 0)
(0 0 0)
(0 0 0)
(0 0 0)
(0 0 0)
(0 0 0)
(0 0 0)
(0 0 0)
(0 0 0)
(0 0 0)
(0 0 0)
(0 0 0)
(0 0 0)
(0 0 0)
(0 0 0)
(0 0 0)
(0 0 0)
(0 0 0)
(0 0 0)
(0 0 0)
(0 0 0)
(0 0 0)
(0 0 0)
(0 0 0)
(0 0 0)
(0 0 0)
(0 0 0)
(0 0 0)
(0 0 0)
(0 0 0)
(0 0 0)
(0 0 0)
(0 0 0)
(0 0 0)
(0 0 0)
(0 0 0)
(0 0 0)
(0 0 0)
(0 0 0)
(0 0 0)
(0 0 0)
(0 0 0)
(0 0 0)
(0 0 0)
(0 0 0)
(0 0 0)
(0 0 0)
(0 0 0)
(0 0 0)
(0 0 0)
(0 0 0)
(0 0 0)
(0 0 0)
(0 0 0)
(0 0 0)
(0 0 0)
(0 0 0)
(0 0 0)
(0 0 0)
(0 0 0)
(0 0 0)
(0 0 0)
(0 0 0)
(0 0 0)
(0 0 0)
(0 0 0)
(0 0 0)
(0 0 0)
(0 0 0)
(0 0 0)
(0 0 0)
(0 0 0)
(0 0 0)
(0 0 0)
(0 0 0)
(0 0 0)
(0 0 0)
(0 0 0)
(0 0 0)
(0 0 0)
(0 0 0)
(0 0 0)
(0 0 0)
(0 0 0)
(0 0 0)
(0 0 0)
(0 0 0)
(0 0 0)
(0 0 0)
(0 0 0)
(0 0 0)
(0 0 0)
(0 0 0)
(0 0 0)
(0 0 0)
(0 0 0)
(0 0 0)
(0 0 0)
(0 0 0)
(0 0 0)
(0 0 0)
(0 0 0)
(0 0 0)
(0 0 0)
(0 0 0)
(0 0 0)
(0 0 0)
(0 0 0)
(0 0 0)
(0 0 0)
(0 0 0)
(0 0 0)
(0 0 0)
(0 0 0)
(0 0 0)
(0 0 0)
(0 0 0)
(0 0 0)
(0 0 0)
(0 0 0)
(0 0 0)
(0 0 0)
(0 0 0)
(0 0 0)
(0 0 0)
(0 0 0)
(0 0 0)
(0 0 0)
(0 0 0)
(0 0 0)
(0 0 0)
(0 0 0)
(0 0 0)
(0 0 0)
(0 0 0)
(0 0 0)
(0 0 0)
(0 0 0)
(0 0 0)
(0 0 0)
(0 0 0)
(0 0 0)
(0 0 0)
(0 0 0)
(0 0 0)
(0 0 0)
(0 0 0)
(0 0 0)
(0 0 0)
(0 0 0)
(0 0 0)
(0 0 0)
(0 0 0)
(0 0 0)
(0 0 0)
(0 0 0)
(0 0 0)
(0 0 0)
(0 0 0)
(0 0 0)
(0 0 0)
(0 0 0)
(0 0 0)
(0 0 0)
(0 0 0)
(0 0 0)
(0 0 0)
(0 0 0)
(0 0 0)
(0 0 0)
(0 0 0)
(0 0 0)
(0 0 0)
(0 0 0)
(0 0 0)
(0 0 0)
(0 0 0)
(0 0 0)
(0 0 0)
(0 0 0)
(0 0 0)
(0 0 0)
(0 0 0)
(0 0 0)
(0 0 0)
(0 0 0)
(0 0 0)
(0 0 0)
(0 0 0)
(0 0 0)
(0 0 0)
(0 0 0)
(0 0 0)
(0 0 0)
(0 0 0)
(0 0 0)
(0 0 0)
(0 0 0)
(0 0 0)
(0 0 0)
(0 0 0)
(0 0 0)
(0 0 0)
(0 0 0)
(0 0 0)
(0 0 0)
(0 0 0)
(0 0 0)
(0 0 0)
(0 0 0)
(0 0 0)
(0 0 0)
(0 0 0)
(0 0 0)
(0 0 0)
(0 0 0)
(0 0 0)
(0 0 0)
(0 0 0)
(0 0 0)
(0 0 0)
(0 0 0)
(0 0 0)
(0 0 0)
(0 0 0)
(0 0 0)
(0 0 0)
(0 0 0)
(0 0 0)
(0 0 0)
(0 0 0)
(0 0 0)
(0 0 0)
(0 0 0)
(0 0 0)
(0 0 0)
(0 0 0)
(0 0 0)
(0 0 0)
(0 0 0)
(0 0 0)
(0 0 0)
(0 0 0)
(0 0 0)
(0 0 0)
(0 0 0)
(0 0 0)
(0 0 0)
(0 0 0)
(0 0 0)
(0 0 0)
(0 0 0)
(0 0 0)
(0 0 0)
(0 0 0)
(0 0 0)
(0 0 0)
(0 0 0)
(0 0 0)
(0 0 0)
(0 0 0)
(0 0 0)
(0 0 0)
(0 0 0)
(0 0 0)
(0 0 0)
(0 0 0)
(0 0 0)
(0 0 0)
(0 0 0)
(0 0 0)
(0 0 0)
(0 0 0)
(0 0 0)
(0 0 0)
(0 0 0)
(0 0 0)
(0 0 0)
(0 0 0)
(0 0 0)
(0 0 0)
(0 0 0)
(0 0 0)
(0 0 0)
(0 0 0)
(0 0 0)
(0 0 0)
(0 0 0)
(0 0 0)
(0 0 0)
(0 0 0)
(0 0 0)
(0 0 0)
(0 0 0)
(0 0 0)
(0 0 0)
(0 0 0)
(0 0 0)
(0 0 0)
(0 0 0)
(0 0 0)
(0 0 0)
(0 0 0)
(0 0 0)
(0 0 0)
(0 0 0)
(0 0 0)
(0 0 0)
(0 0 0)
(0 0 0)
(0 0 0)
(0 0 0)
(0 0 0)
(0 0 0)
(0 0 0)
(0 0 0)
(0 0 0)
(0 0 0)
(0 0 0)
(0 0 0)
(0 0 0)
(0 0 0)
(0 0 0)
(0 0 0)
(0 0 0)
(0 0 0)
(0 0 0)
(0 0 0)
(0 0 0)
(0 0 0)
(0 0 0)
(0 0 0)
(0 0 0)
(0 0 0)
(0 0 0)
(0 0 0)
(0 0 0)
(0 0 0)
(0 0 0)
(0 0 0)
(0 0 0)
(0 0 0)
(0 0 0)
(0 0 0)
(0 0 0)
(0 0 0)
(0 0 0)
(0 0 0)
(0 0 0)
(0 0 0)
(0 0 0)
(0 0 0)
(0 0 0)
(0 0 0)
(0 0 0)
(0 0 0)
(0 0 0)
(0 0 0)
(0 0 0)
(0 0 0)
(0 0 0)
(0 0 0)
(0 0 0)
(0 0 0)
(0 0 0)
(0 0 0)
(0 0 0)
(0 0 0)
(0 0 0)
(0 0 0)
(0 0 0)
(0 0 0)
(0 0 0)
(0 0 0)
(0 0 0)
(0 0 0)
(0 0 0)
(0 0 0)
(0 0 0)
(0 0 0)
(0 0 0)
(0 0 0)
(0 0 0)
(0 0 0)
(0 0 0)
(0 0 0)
(0 0 0)
(0 0 0)
(0 0 0)
(0 0 0)
(0 0 0)
(0 0 0)
(0 0 0)
(0 0 0)
(0 0 0)
(0 0 0)
(0 0 0)
(0 0 0)
(0 0 0)
(0 0 0)
(0 0 0)
(0 0 0)
(0 0 0)
(0 0 0)
(0 0 0)
(0 0 0)
(0 0 0)
(0 0 0)
(0 0 0)
(0 0 0)
(0 0 0)
(0 0 0)
(0 0 0)
(0 0 0)
(0 0 0)
(0 0 0)
(0 0 0)
(0 0 0)
(0 0 0)
(0 0 0)
(0 0 0)
(0 0 0)
(0 0 0)
(0 0 0)
(0 0 0)
(0 0 0)
(0 0 0)
(0 0 0)
(0 0 0)
(0 0 0)
(0 0 0)
(0 0 0)
(0 0 0)
(0 0 0)
(0 0 0)
(0 0 0)
(0 0 0)
(0 0 0)
(0 0 0)
(0 0 0)
(0 0 0)
(0 0 0)
(0 0 0)
(0 0 0)
(0 0 0)
(0 0 0)
(0 0 0)
(0 0 0)
(0 0 0)
(0 0 0)
(0 0 0)
(0 0 0)
(0 0 0)
(0 0 0)
(0 0 0)
(0 0 0)
(0 0 0)
(0 0 0)
(0 0 0)
(0 0 0)
(0 0 0)
(0 0 0)
(0 0 0)
(0 0 0)
(0 0 0)
(0 0 0)
(0 0 0)
(0 0 0)
(0 0 0)
(0 0 0)
(0 0 0)
(0 0 0)
(0 0 0)
(0 0 0)
(0 0 0)
(0 0 0)
(0 0 0)
(0 0 0)
(0 0 0)
(0 0 0)
(0 0 0)
(0 0 0)
(0 0 0)
(0 0 0)
(0 0 0)
(0 0 0)
(0 0 0)
(0 0 0)
(0 0 0)
(0 0 0)
(0 0 0)
(0 0 0)
(0 0 0)
(0 0 0)
(0 0 0)
(0 0 0)
(0 0 0)
(0 0 0)
(0 0 0)
(0 0 0)
(0 0 0)
(0 0 0)
(0 0 0)
(0 0 0)
(0 0 0)
(0 0 0)
(0 0 0)
(0 0 0)
(0 0 0)
(0 0 0)
(0 0 0)
(0 0 0)
(0 0 0)
(0 0 0)
(0 0 0)
(0 0 0)
(0 0 0)
(0 0 0)
(0 0 0)
(0 0 0)
(0 0 0)
(0 0 0)
(0 0 0)
(0 0 0)
(0 0 0)
(0 0 0)
(0 0 0)
(0 0 0)
(0 0 0)
(0 0 0)
(0 0 0)
(0 0 0)
(0 0 0)
(0 0 0)
(0 0 0)
(0 0 0)
(0 0 0)
(0 0 0)
(0 0 0)
(0 0 0)
(0 0 0)
(0 0 0)
(0 0 0)
(0 0 0)
(0 0 0)
(0 0 0)
(0 0 0)
(0 0 0)
(0 0 0)
(0 0 0)
(0 0 0)
(0 0 0)
(0 0 0)
(0 0 0)
(0 0 0)
(0 0 0)
(0 0 0)
(0 0 0)
(0 0 0)
(0 0 0)
(0 0 0)
(0 0 0)
(0 0 0)
(0 0 0)
(0 0 0)
(0 0 0)
(0 0 0)
(0 0 0)
(0 0 0)
(0 0 0)
(0 0 0)
(0 0 0)
(0 0 0)
(0 0 0)
(0 0 0)
(0 0 0)
(0 0 0)
(0 0 0)
(0 0 0)
(0 0 0)
(0 0 0)
(0 0 0)
(0 0 0)
(0 0 0)
(0 0 0)
(0 0 0)
(0 0 0)
(0 0 0)
(0 0 0)
(0 0 0)
(0 0 0)
(0 0 0)
(0 0 0)
(0 0 0)
(0 0 0)
(0 0 0)
(0 0 0)
(0 0 0)
(0 0 0)
(0 0 0)
(0 0 0)
(0 0 0)
(0 0 0)
(0 0 0)
(0 0 0)
(0 0 0)
(0 0 0)
(0 0 0)
(0 0 0)
(0 0 0)
(0 0 0)
(0 0 0)
(0 0 0)
(0 0 0)
(0 0 0)
(0 0 0)
(0 0 0)
(0 0 0)
(0 0 0)
(0 0 0)
(0 0 0)
(0 0 0)
(0 0 0)
(0 0 0)
(0 0 0)
(0 0 0)
(0 0 0)
(0 0 0)
(0 0 0)
(0 0 0)
(0 0 0)
(0 0 0)
(0 0 0)
(0 0 0)
(0 0 0)
(0 0 0)
(0 0 0)
(0 0 0)
(0 0 0)
(0 0 0)
(0 0 0)
(0 0 0)
(0 0 0)
(0 0 0)
(0 0 0)
(0 0 0)
(0 0 0)
(0 0 0)
(0 0 0)
(0 0 0)
(0 0 0)
(0 0 0)
(0 0 0)
(0 0 0)
(0 0 0)
(0 0 0)
(0 0 0)
(0 0 0)
(0 0 0)
(0 0 0)
(0 0 0)
(0 0 0)
(0 0 0)
(0 0 0)
(0 0 0)
(0 0 0)
(0 0 0)
(0 0 0)
(0 0 0)
(0 0 0)
(0 0 0)
(0 0 0)
(0 0 0)
(0 0 0)
(0 0 0)
(0 0 0)
(0 0 0)
(0 0 0)
(0 0 0)
(0 0 0)
(0 0 0)
(0 0 0)
(0 0 0)
(0 0 0)
(0 0 0)
(0 0 0)
(0 0 0)
(0 0 0)
(0 0 0)
(0 0 0)
(0 0 0)
(0 0 0)
(0 0 0)
(0 0 0)
(0 0 0)
(0 0 0)
(0 0 0)
(0 0 0)
(0 0 0)
(0 0 0)
(0 0 0)
(0 0 0)
(0 0 0)
(0 0 0)
(0 0 0)
(0 0 0)
(0 0 0)
(0 0 0)
(0 0 0)
(0 0 0)
(0 0 0)
(0 0 0)
(0 0 0)
(0 0 0)
(0 0 0)
(0 0 0)
(0 0 0)
(0 0 0)
(0 0 0)
(0 0 0)
(0 0 0)
(0 0 0)
(0 0 0)
(0 0 0)
(0 0 0)
(0 0 0)
(0 0 0)
(0 0 0)
(0 0 0)
(0 0 0)
(0 0 0)
(0 0 0)
(0 0 0)
(0 0 0)
(0 0 0)
(0 0 0)
(0 0 0)
(0 0 0)
(0 0 0)
(0 0 0)
(0 0 0)
(0 0 0)
(0 0 0)
(0 0 0)
(0 0 0)
(0 0 0)
(0 0 0)
(0 0 0)
(0 0 0)
(0 0 0)
(0 0 0)
(0 0 0)
(0 0 0)
(0 0 0)
(0 0 0)
(0 0 0)
(0 0 0)
(0 0 0)
(0 0 0)
(0 0 0)
(0 0 0)
(0 0 0)
(0 0 0)
(0 0 0)
(0 0 0)
(0 0 0)
(0 0 0)
(0 0 0)
(0 0 0)
(0 0 0)
(0 0 0)
(0 0 0)
(0 0 0)
(0 0 0)
(0 0 0)
(0 0 0)
(0 0 0)
(0 0 0)
(0 0 0)
(0 0 0)
(0 0 0)
(0 0 0)
(0 0 0)
(0 0 0)
(0 0 0)
(0 0 0)
(0 0 0)
(0 0 0)
(0 0 0)
(0 0 0)
(0 0 0)
(0 0 0)
(0 0 0)
(0 0 0)
(0 0 0)
(0 0 0)
(0 0 0)
(0 0 0)
(0 0 0)
(0 0 0)
(0 0 0)
(0 0 0)
(0 0 0)
(0 0 0)
(0 0 0)
(0 0 0)
(0 0 0)
(0 0 0)
(0 0 0)
(0 0 0)
(0 0 0)
(0 0 0)
(0 0 0)
(0 0 0)
(0 0 0)
(0 0 0)
(0 0 0)
(0 0 0)
(0 0 0)
(0 0 0)
(0 0 0)
(0 0 0)
(0 0 0)
(0 0 0)
(0 0 0)
(0 0 0)
(0 0 0)
(0 0 0)
(0 0 0)
(0 0 0)
(0 0 0)
(0 0 0)
(0 0 0)
(0 0 0)
(0 0 0)
(0 0 0)
(0 0 0)
(0 0 0)
(0 0 0)
(0 0 0)
(0 0 0)
(0 0 0)
(0 0 0)
(0 0 0)
(0 0 0)
(0 0 0)
(0 0 0)
(0 0 0)
(0 0 0)
(0 0 0)
(0 0 0)
(0 0 0)
(0 0 0)
(0 0 0)
(0 0 0)
(0 0 0)
(0 0 0)
(0 0 0)
(0 0 0)
(0 0 0)
(0 0 0)
(0 0 0)
(0 0 0)
(0 0 0)
(0 0 0)
(0 0 0)
(0 0 0)
(0 0 0)
(0 0 0)
(0 0 0)
(0 0 0)
(0 0 0)
(0 0 0)
(0 0 0)
(0 0 0)
(0 0 0)
(0 0 0)
(0 0 0)
(0 0 0)
(0 0 0)
(0 0 0)
(0 0 0)
(0 0 0)
(0 0 0)
(0 0 0)
(0 0 0)
(0 0 0)
(0 0 0)
(0 0 0)
(0 0 0)
(0 0 0)
(0 0 0)
(0 0 0)
(0 0 0)
(0 0 0)
(0 0 0)
(0 0 0)
(0 0 0)
(0 0 0)
(0 0 0)
(0 0 0)
(0 0 0)
(0 0 0)
(0 0 0)
(0 0 0)
(0 0 0)
(0 0 0)
(0 0 0)
(0 0 0)
(0 0 0)
(0 0 0)
(0 0 0)
(0 0 0)
(0 0 0)
(0 0 0)
(0 0 0)
(0 0 0)
(0 0 0)
(0 0 0)
(0 0 0)
(0 0 0)
(0 0 0)
(0 0 0)
(0 0 0)
(0 0 0)
(0 0 0)
(0 0 0)
(0 0 0)
(0 0 0)
(0 0 0)
(0 0 0)
(0 0 0)
(0 0 0)
(0 0 0)
(0 0 0)
(0 0 0)
(0 0 0)
(0 0 0)
(0 0 0)
(0 0 0)
(0 0 0)
(0 0 0)
(0 0 0)
(0 0 0)
(0 0 0)
(0 0 0)
(0 0 0)
(0 0 0)
(0 0 0)
(0 0 0)
(0 0 0)
(0 0 0)
(0 0 0)
(0 0 0)
(0 0 0)
(0 0 0)
(0 0 0)
(0 0 0)
(0 0 0)
(0 0 0)
(0 0 0)
(0 0 0)
(0 0 0)
(0 0 0)
(0 0 0)
(0 0 0)
(0 0 0)
(0 0 0)
(0 0 0)
(0 0 0)
(0 0 0)
(0 0 0)
(0 0 0)
(0 0 0)
(0 0 0)
(0 0 0)
(0 0 0)
(0 0 0)
(0 0 0)
(0 0 0)
(0 0 0)
(0 0 0)
(0 0 0)
(0 0 0)
(0 0 0)
(0 0 0)
(0 0 0)
(0 0 0)
(0 0 0)
(0 0 0)
(0 0 0)
(0 0 0)
(0 0 0)
(0 0 0)
(0 0 0)
(0 0 0)
(0 0 0)
(0 0 0)
(0 0 0)
(0 0 0)
(0 0 0)
(0 0 0)
(0 0 0)
(0 0 0)
(0 0 0)
(0 0 0)
(0 0 0)
(0 0 0)
(0 0 0)
(0 0 0)
(0 0 0)
(0 0 0)
(0 0 0)
(0 0 0)
(0 0 0)
(0 0 0)
(0 0 0)
(0 0 0)
(0 0 0)
(0 0 0)
(0 0 0)
(0 0 0)
(0 0 0)
(0 0 0)
(0 0 0)
(0 0 0)
(0 0 0)
(0 0 0)
(0 0 0)
(0 0 0)
(0 0 0)
(0 0 0)
(0 0 0)
(0 0 0)
(0 0 0)
(0 0 0)
(0 0 0)
(0 0 0)
(0 0 0)
(0 0 0)
(0 0 0)
(0 0 0)
(0 0 0)
(0 0 0)
(0 0 0)
(0 0 0)
(0 0 0)
(0 0 0)
(0 0 0)
(0 0 0)
(0 0 0)
(0 0 0)
(0 0 0)
(0 0 0)
(0 0 0)
(0 0 0)
(0 0 0)
(0 0 0)
(0 0 0)
(0 0 0)
(0 0 0)
(0 0 0)
(0 0 0)
(0 0 0)
(0 0 0)
(0 0 0)
(0 0 0)
(0 0 0)
(0 0 0)
(0 0 0)
(0 0 0)
(0 0 0)
(0 0 0)
(0 0 0)
(0 0 0)
(0 0 0)
(0 0 0)
(0 0 0)
(0 0 0)
(0 0 0)
(0 0 0)
(0 0 0)
(0 0 0)
(0 0 0)
(0 0 0)
(0 0 0)
(0 0 0)
(0 0 0)
(0 0 0)
(0 0 0)
(0 0 0)
(0 0 0)
(0 0 0)
(0 0 0)
(0 0 0)
(0 0 0)
(0 0 0)
(0 0 0)
(0 0 0)
(0 0 0)
(0 0 0)
(0 0 0)
(0 0 0)
(0 0 0)
(0 0 0)
(0 0 0)
(0 0 0)
(0 0 0)
(0 0 0)
(0 0 0)
(0 0 0)
(0 0 0)
(0 0 0)
(0 0 0)
(0 0 0)
(0 0 0)
(0 0 0)
(0 0 0)
(0 0 0)
(0 0 0)
(0 0 0)
(0 0 0)
(0 0 0)
(0 0 0)
(0 0 0)
(0 0 0)
(0 0 0)
(0 0 0)
(0 0 0)
(0 0 0)
(0 0 0)
(0 0 0)
(0 0 0)
(0 0 0)
(0 0 0)
(0 0 0)
(0 0 0)
(0 0 0)
(0 0 0)
(0 0 0)
(0 0 0)
(0 0 0)
(0 0 0)
(0 0 0)
(0 0 0)
(0 0 0)
(0 0 0)
(0 0 0)
(0 0 0)
(0 0 0)
(0 0 0)
(0 0 0)
(0 0 0)
(0 0 0)
(0 0 0)
(0 0 0)
(0 0 0)
(0 0 0)
(0 0 0)
(0 0 0)
(0 0 0)
(0 0 0)
(0 0 0)
(0 0 0)
(0 0 0)
(0 0 0)
(0 0 0)
(0 0 0)
(0 0 0)
(0 0 0)
(0 0 0)
(0 0 0)
(0 0 0)
(0 0 0)
(0 0 0)
(0 0 0)
(0 0 0)
(0 0 0)
(0 0 0)
(0 0 0)
(0 0 0)
(0 0 0)
(0 0 0)
(0 0 0)
(0 0 0)
(0 0 0)
(0 0 0)
(0 0 0)
(0 0 0)
(0 0 0)
(0 0 0)
(0 0 0)
(0 0 0)
(0 0 0)
(0 0 0)
(0 0 0)
(0 0 0)
(0 0 0)
(0 0 0)
(0 0 0)
(0 0 0)
(0 0 0)
(0 0 0)
(0 0 0)
(0 0 0)
(0 0 0)
(0 0 0)
(0 0 0)
(0 0 0)
(0 0 0)
(0 0 0)
(0 0 0)
(0 0 0)
(0 0 0)
(0 0 0)
(0 0 0)
(0 0 0)
(0 0 0)
(0 0 0)
(0 0 0)
(0 0 0)
(0 0 0)
(0 0 0)
(0 0 0)
(0 0 0)
(0 0 0)
(0 0 0)
(0 0 0)
(0 0 0)
(0 0 0)
(0 0 0)
(0 0 0)
(0 0 0)
(0 0 0)
(0 0 0)
(0 0 0)
(0 0 0)
(0 0 0)
(0 0 0)
(0 0 0)
(0 0 0)
(0 0 0)
(0 0 0)
(0 0 0)
(0 0 0)
(0 0 0)
(0 0 0)
(0 0 0)
(0 0 0)
(0 0 0)
(0 0 0)
(0 0 0)
(0 0 0)
(0 0 0)
(0 0 0)
(0 0 0)
(0 0 0)
(0 0 0)
(0 0 0)
(0 0 0)
(0 0 0)
(0 0 0)
(0 0 0)
(0 0 0)
(0 0 0)
(0 0 0)
(0 0 0)
(0 0 0)
(0 0 0)
(0 0 0)
(0 0 0)
(0 0 0)
(0 0 0)
(0 0 0)
(0 0 0)
(0 0 0)
(0 0 0)
(0 0 0)
(0 0 0)
(0 0 0)
(0 0 0)
(0 0 0)
(0 0 0)
(0 0 0)
(0 0 0)
(0 0 0)
(0 0 0)
(0 0 0)
(0 0 0)
(0 0 0)
(0 0 0)
(0 0 0)
(0 0 0)
(0 0 0)
(0 0 0)
(0 0 0)
(0 0 0)
(0 0 0)
(0 0 0)
(0 0 0)
(0 0 0)
(0 0 0)
(0 0 0)
(0 0 0)
(0 0 0)
(0 0 0)
(0 0 0)
(0 0 0)
(0 0 0)
(0 0 0)
(0 0 0)
(0 0 0)
(0 0 0)
(0 0 0)
(0 0 0)
(0 0 0)
(0 0 0)
(0 0 0)
(0 0 0)
(0 0 0)
(0 0 0)
(0 0 0)
(0 0 0)
(0 0 0)
(0 0 0)
(0 0 0)
(0 0 0)
(0 0 0)
(0 0 0)
(0 0 0)
(0 0 0)
(0 0 0)
(0 0 0)
(0 0 0)
(0 0 0)
(0 0 0)
(0 0 0)
(0 0 0)
(0 0 0)
(0 0 0)
(0 0 0)
(0 0 0)
(0 0 0)
(0 0 0)
(0 0 0)
(0 0 0)
(0 0 0)
(0 0 0)
(0 0 0)
(0 0 0)
(0 0 0)
(0 0 0)
(0 0 0)
(0 0 0)
(0 0 0)
(0 0 0)
(0 0 0)
(0 0 0)
(0 0 0)
(0 0 0)
(0 0 0)
(0 0 0)
(0 0 0)
(0 0 0)
(0 0 0)
(0 0 0)
(0 0 0)
(0 0 0)
(0 0 0)
(0 0 0)
(0 0 0)
(0 0 0)
(0 0 0)
(0 0 0)
(0 0 0)
(0 0 0)
(0 0 0)
(0 0 0)
(0 0 0)
(0 0 0)
(0 0 0)
(0 0 0)
(0 0 0)
(0 0 0)
(0 0 0)
(0 0 0)
(0 0 0)
(0 0 0)
(0 0 0)
(0 0 0)
(0 0 0)
(0 0 0)
(0 0 0)
(0 0 0)
(0 0 0)
(0 0 0)
(0 0 0)
(0 0 0)
(0 0 0)
(0 0 0)
(0 0 0)
(0 0 0)
(0 0 0)
(0 0 0)
(0 0 0)
(0 0 0)
(0 0 0)
(0 0 0)
(0 0 0)
(0 0 0)
(0 0 0)
(0 0 0)
(0 0 0)
(0 0 0)
(0 0 0)
(0 0 0)
(0 0 0)
(0 0 0)
(0 0 0)
(0 0 0)
(0 0 0)
(0 0 0)
(0 0 0)
(0 0 0)
(0 0 0)
(0 0 0)
(0 0 0)
(0 0 0)
(0 0 0)
(0 0 0)
(0 0 0)
(0 0 0)
(0 0 0)
(0 0 0)
(0 0 0)
(0 0 0)
(0 0 0)
(0 0 0)
(0 0 0)
(0 0 0)
(0 0 0)
(0 0 0)
(0 0 0)
(0 0 0)
(0 0 0)
(0 0 0)
(0 0 0)
(0 0 0)
(0 0 0)
(0 0 0)
(0 0 0)
(0 0 0)
(0 0 0)
(0 0 0)
(0 0 0)
(0 0 0)
(0 0 0)
(0 0 0)
(0 0 0)
(0 0 0)
(0 0 0)
(0 0 0)
(0 0 0)
(0 0 0)
(0 0 0)
(0 0 0)
(0 0 0)
(0 0 0)
(0 0 0)
(0 0 0)
(0 0 0)
(0 0 0)
(0 0 0)
(0 0 0)
(0 0 0)
(0 0 0)
(0 0 0)
(0 0 0)
(0 0 0)
(0 0 0)
(0 0 0)
(0 0 0)
(0 0 0)
(0 0 0)
(0 0 0)
(0 0 0)
(0 0 0)
(0 0 0)
(0 0 0)
(0 0 0)
(0 0 0)
(0 0 0)
(0 0 0)
(0 0 0)
(0 0 0)
(0 0 0)
(0 0 0)
(0 0 0)
(0 0 0)
(0 0 0)
(0 0 0)
(0 0 0)
(0 0 0)
(0 0 0)
(0 0 0)
(0 0 0)
(0 0 0)
(0 0 0)
(0 0 0)
(0 0 0)
(0 0 0)
(0 0 0)
(0 0 0)
(0 0 0)
(0 0 0)
(0 0 0)
(0 0 0)
(0 0 0)
(0 0 0)
(0 0 0)
(0 0 0)
(0 0 0)
(0 0 0)
(0 0 0)
(0 0 0)
(0 0 0)
(0 0 0)
(0 0 0)
(0 0 0)
(0 0 0)
(0 0 0)
(0 0 0)
(0 0 0)
(0 0 0)
(0 0 0)
(0 0 0)
(0 0 0)
(0 0 0)
(0 0 0)
(0 0 0)
(0 0 0)
(0 0 0)
(0 0 0)
(0 0 0)
(0 0 0)
(0 0 0)
(0 0 0)
(0 0 0)
(0 0 0)
(0 0 0)
(0 0 0)
(0 0 0)
(0 0 0)
(0 0 0)
(0 0 0)
(0 0 0)
(0 0 0)
(0 0 0)
(0 0 0)
(0 0 0)
(0 0 0)
(0 0 0)
(0 0 0)
(0 0 0)
(0 0 0)
(0 0 0)
(0 0 0)
(0 0 0)
(0 0 0)
(0 0 0)
(0 0 0)
(0 0 0)
(0 0 0)
(0 0 0)
(0 0 0)
(0 0 0)
(0 0 0)
(0 0 0)
(0 0 0)
(0 0 0)
(0 0 0)
(0 0 0)
(0 0 0)
(0 0 0)
(0 0 0)
(0 0 0)
(0 0 0)
(0 0 0)
(0 0 0)
(0 0 0)
(0 0 0)
(0 0 0)
(0 0 0)
(0 0 0)
(0 0 0)
(0 0 0)
(0 0 0)
(0 0 0)
(0 0 0)
(0 0 0)
(0 0 0)
(0 0 0)
(0 0 0)
(0 0 0)
(0 0 0)
(0 0 0)
(0 0 0)
(0 0 0)
(0 0 0)
(0 0 0)
(0 0 0)
(0 0 0)
(0 0 0)
(0 0 0)
(0 0 0)
(0 0 0)
(0 0 0)
(0 0 0)
(0 0 0)
(0 0 0)
(0 0 0)
(0 0 0)
(0 0 0)
(0 0 0)
(0 0 0)
(0 0 0)
(0 0 0)
(0 0 0)
(0 0 0)
(0 0 0)
(0 0 0)
(0 0 0)
(0 0 0)
(0 0 0)
(0 0 0)
(0 0 0)
(0 0 0)
(0 0 0)
(0 0 0)
(0 0 0)
(0 0 0)
(0 0 0)
(0 0 0)
(0 0 0)
(0 0 0)
(0 0 0)
(0 0 0)
(0 0 0)
(0 0 0)
(0 0 0)
(0 0 0)
(0 0 0)
(0 0 0)
(0 0 0)
(0 0 0)
(0 0 0)
(0 0 0)
(0 0 0)
(0 0 0)
(0 0 0)
(0 0 0)
(0 0 0)
(0 0 0)
(0 0 0)
(0 0 0)
(0 0 0)
(0 0 0)
(0 0 0)
(0 0 0)
(0 0 0)
(0 0 0)
(0 0 0)
(0 0 0)
(0 0 0)
(0 0 0)
(0 0 0)
(0 0 0)
(0 0 0)
(0 0 0)
(0 0 0)
(0 0 0)
(0 0 0)
(0 0 0)
(0 0 0)
(0 0 0)
(0 0 0)
(0 0 0)
(0 0 0)
(0 0 0)
(0 0 0)
(0 0 0)
(0 0 0)
(0 0 0)
(0 0 0)
(0 0 0)
(0 0 0)
(0 0 0)
(0 0 0)
(0 0 0)
(0 0 0)
(0 0 0)
(0 0 0)
(0 0 0)
(0 0 0)
(0 0 0)
(0 0 0)
(0 0 0)
(0 0 0)
(0 0 0)
(0 0 0)
(0 0 0)
(0 0 0)
(0 0 0)
(0 0 0)
(0 0 0)
(0 0 0)
(0 0 0)
(0 0 0)
(0 0 0)
(0 0 0)
(0 0 0)
(0 0 0)
(0 0 0)
(0 0 0)
(0 0 0)
(0 0 0)
(0 0 0)
(0 0 0)
(0 0 0)
(0 0 0)
(0 0 0)
(0 0 0)
(0 0 0)
(0 0 0)
(0 0 0)
(0 0 0)
(0 0 0)
(0 0 0)
(0 0 0)
(0 0 0)
(0 0 0)
(0 0 0)
(0 0 0)
(0 0 0)
(0 0 0)
(0 0 0)
(0 0 0)
(0 0 0)
(0 0 0)
(0 0 0)
(0 0 0)
(0 0 0)
(0 0 0)
(0 0 0)
(0 0 0)
(0 0 0)
(0 0 0)
(0 0 0)
(0 0 0)
(0 0 0)
(0 0 0)
(0 0 0)
(0 0 0)
(0 0 0)
(0 0 0)
(0 0 0)
(0 0 0)
(0 0 0)
(0 0 0)
(0 0 0)
(0 0 0)
(0 0 0)
(0 0 0)
(0 0 0)
(0 0 0)
(0 0 0)
(0 0 0)
(0 0 0)
(0 0 0)
(0 0 0)
(0 0 0)
(0 0 0)
(0 0 0)
(0 0 0)
(0 0 0)
(0 0 0)
(0 0 0)
(0 0 0)
(0 0 0)
(0 0 0)
(0 0 0)
(0 0 0)
(0 0 0)
(0 0 0)
(0 0 0)
(0 0 0)
(0 0 0)
(0 0 0)
(0 0 0)
(0 0 0)
(0 0 0)
(0 0 0)
(0 0 0)
(0 0 0)
(0 0 0)
(0 0 0)
(0 0 0)
(0 0 0)
(0 0 0)
(0 0 0)
(0 0 0)
(0 0 0)
(0 0 0)
(0 0 0)
(0 0 0)
(0 0 0)
(0 0 0)
(0 0 0)
(0 0 0)
(0 0 0)
(0 0 0)
(0 0 0)
(0 0 0)
(0 0 0)
(0 0 0)
(0 0 0)
(0 0 0)
(0 0 0)
(0 0 0)
(0 0 0)
(0 0 0)
(0 0 0)
(0 0 0)
(0 0 0)
(0 0 0)
(0 0 0)
(0 0 0)
(0 0 0)
(0 0 0)
(0 0 0)
(0 0 0)
(0 0 0)
(0 0 0)
(0 0 0)
(0 0 0)
(0 0 0)
(0 0 0)
(0 0 0)
(0 0 0)
(0 0 0)
(0 0 0)
(0 0 0)
(0 0 0)
(0 0 0)
(0 0 0)
(0 0 0)
(0 0 0)
(0 0 0)
(0 0 0)
(0 0 0)
(0 0 0)
(0 0 0)
(0 0 0)
(0 0 0)
(0 0 0)
(0 0 0)
(0 0 0)
(0 0 0)
(0 0 0)
(0 0 0)
(0 0 0)
(0 0 0)
(0 0 0)
(0 0 0)
(0 0 0)
(0 0 0)
(0 0 0)
(0 0 0)
(0 0 0)
(0 0 0)
(0 0 0)
(0 0 0)
(0 0 0)
(0 0 0)
(0 0 0)
(0 0 0)
(0 0 0)
(0 0 0)
(0 0 0)
(0 0 0)
(0 0 0)
(0 0 0)
(0 0 0)
(0 0 0)
(0 0 0)
(0 0 0)
(0 0 0)
(0 0 0)
(0 0 0)
(0 0 0)
(0 0 0)
(0 0 0)
(0 0 0)
(0 0 0)
(0 0 0)
(0 0 0)
(0 0 0)
(0 0 0)
(0 0 0)
(0 0 0)
(0 0 0)
(0 0 0)
(0 0 0)
(0 0 0)
(0 0 0)
(0 0 0)
(0 0 0)
(0 0 0)
(0 0 0)
(0 0 0)
(0 0 0)
(0 0 0)
(0 0 0)
(0 0 0)
(0 0 0)
(0 0 0)
(0 0 0)
(0 0 0)
(0 0 0)
(0 0 0)
(0 0 0)
(0 0 0)
(0 0 0)
(0 0 0)
(0 0 0)
(0 0 0)
(0 0 0)
(0 0 0)
(0 0 0)
(0 0 0)
(0 0 0)
(0 0 0)
(0 0 0)
(0 0 0)
(0 0 0)
(0 0 0)
(0 0 0)
(0 0 0)
(0 0 0)
(0 0 0)
(0 0 0)
(0 0 0)
(0 0 0)
(0 0 0)
(0 0 0)
(0 0 0)
(0 0 0)
(0 0 0)
(0 0 0)
(0 0 0)
(0 0 0)
(0 0 0)
(0 0 0)
(0 0 0)
(0 0 0)
(0 0 0)
(0 0 0)
(0 0 0)
(0 0 0)
(0 0 0)
(0 0 0)
(0 0 0)
(0 0 0)
(0 0 0)
(0 0 0)
(0 0 0)
(0 0 0)
(0 0 0)
(0 0 0)
(0 0 0)
(0 0 0)
(0 0 0)
(0 0 0)
(0 0 0)
(0 0 0)
(0 0 0)
(0 0 0)
(0 0 0)
(0 0 0)
(0 0 0)
(0 0 0)
(0 0 0)
(0 0 0)
(0 0 0)
(0 0 0)
(0 0 0)
(0 0 0)
(0 0 0)
(0 0 0)
(0 0 0)
(0 0 0)
(0 0 0)
(0 0 0)
(0 0 0)
(0 0 0)
(0 0 0)
(0 0 0)
(0 0 0)
(0 0 0)
(0 0 0)
(0 0 0)
(0 0 0)
(0 0 0)
(0 0 0)
(0 0 0)
(0 0 0)
(0 0 0)
(0 0 0)
(0 0 0)
(0 0 0)
(0 0 0)
(0 0 0)
(0 0 0)
(0 0 0)
(0 0 0)
(0 0 0)
(0 0 0)
(0 0 0)
(0 0 0)
(0 0 0)
(0 0 0)
(0 0 0)
(0 0 0)
(0 0 0)
(0 0 0)
(0 0 0)
(0 0 0)
(0 0 0)
(0 0 0)
(0 0 0)
(0 0 0)
(0 0 0)
(0 0 0)
(0 0 0)
(0 0 0)
(0 0 0)
(0 0 0)
(0 0 0)
(0 0 0)
(0 0 0)
(0 0 0)
(0 0 0)
(0 0 0)
(0 0 0)
(0 0 0)
(0 0 0)
(0 0 0)
(0 0 0)
(0 0 0)
(0 0 0)
(0 0 0)
(0 0 0)
(0 0 0)
(0 0 0)
(0 0 0)
(0 0 0)
(0 0 0)
(0 0 0)
(0 0 0)
(0 0 0)
(0 0 0)
(0 0 0)
(0 0 0)
(0 0 0)
(0 0 0)
(0 0 0)
(0 0 0)
(0 0 0)
(0 0 0)
(0 0 0)
(0 0 0)
(0 0 0)
(0 0 0)
(0 0 0)
(0 0 0)
(0 0 0)
(0 0 0)
(0 0 0)
(0 0 0)
(0 0 0)
(0 0 0)
(0 0 0)
(0 0 0)
(0 0 0)
(0 0 0)
(0 0 0)
(0 0 0)
(0 0 0)
(0 0 0)
(0 0 0)
(0 0 0)
(0 0 0)
(0 0 0)
(0 0 0)
(0 0 0)
(0 0 0)
(0 0 0)
(0 0 0)
(0 0 0)
(0 0 0)
(0 0 0)
(0 0 0)
(0 0 0)
(0 0 0)
(0 0 0)
(0 0 0)
(0 0 0)
(0 0 0)
(0 0 0)
(0 0 0)
(0 0 0)
(0 0 0)
(0 0 0)
(0 0 0)
(0 0 0)
(0 0 0)
(0 0 0)
(0 0 0)
(0 0 0)
(0 0 0)
(0 0 0)
(0 0 0)
(0 0 0)
(0 0 0)
(0 0 0)
(0 0 0)
(0 0 0)
(0 0 0)
(0 0 0)
(0 0 0)
(0 0 0)
(0 0 0)
(0 0 0)
(0 0 0)
(0 0 0)
(0 0 0)
(0 0 0)
(0 0 0)
(0 0 0)
(0 0 0)
(0 0 0)
(0 0 0)
(0 0 0)
(0 0 0)
(0 0 0)
(0 0 0)
(0 0 0)
(0 0 0)
(0 0 0)
(0 0 0)
(0 0 0)
(0 0 0)
(0 0 0)
(0 0 0)
(0 0 0)
(0 0 0)
(0 0 0)
(0 0 0)
(0 0 0)
(0 0 0)
(0 0 0)
(0 0 0)
(0 0 0)
(0 0 0)
(0 0 0)
(0 0 0)
(0 0 0)
(0 0 0)
(0 0 0)
(0 0 0)
(0 0 0)
(0 0 0)
(0 0 0)
(0 0 0)
(0 0 0)
(0 0 0)
(0 0 0)
(0 0 0)
(0 0 0)
(0 0 0)
(0 0 0)
(0 0 0)
(0 0 0)
(0 0 0)
(0 0 0)
(0 0 0)
(0 0 0)
(0 0 0)
(0 0 0)
(0 0 0)
(0 0 0)
(0 0 0)
(0 0 0)
(0 0 0)
(0 0 0)
(0 0 0)
(0 0 0)
(0 0 0)
(0 0 0)
(0 0 0)
(0 0 0)
(0 0 0)
(0 0 0)
(0 0 0)
(0 0 0)
(0 0 0)
(0 0 0)
(0 0 0)
(0 0 0)
(0 0 0)
(0 0 0)
(0 0 0)
(0 0 0)
(0 0 0)
(0 0 0)
(0 0 0)
(0 0 0)
(0 0 0)
(0 0 0)
(0 0 0)
(0 0 0)
(0 0 0)
(0 0 0)
(0 0 0)
(0 0 0)
(0 0 0)
(0 0 0)
(0 0 0)
(0 0 0)
(0 0 0)
(0 0 0)
(0 0 0)
(0 0 0)
(0 0 0)
(0 0 0)
(0 0 0)
(0 0 0)
(0 0 0)
(0 0 0)
(0 0 0)
(0 0 0)
(0 0 0)
(0 0 0)
(0 0 0)
(0 0 0)
(0 0 0)
(0 0 0)
(0 0 0)
(0 0 0)
(0 0 0)
(6.847416118e-14 0 0)
(6.847416118e-14 0 0)
(2.054224835e-13 0 0)
(6.847416118e-13 0 0)
(1.506431546e-12 0 0)
(3.149811414e-12 0 0)
(6.641993634e-12 0 0)
(1.403720304e-11 0 0)
(2.937541515e-11 0 0)
(6.107895177e-11 0 0)
(1.264033015e-10 0 0)
(2.604757091e-10 0 0)
(5.335506639e-10 0 0)
(1.086616464e-09 0 0)
(2.200622592e-09 0 0)
(4.430689073e-09 0 0)
(8.866856079e-09 0 0)
(1.763538326e-08 0 0)
(3.485136229e-08 0 0)
(6.842629774e-08 0 0)
(1.33444568e-07 0 0)
(2.584469567e-07 0 0)
(4.969896389e-07 0 0)
(9.487016977e-07 0 0)
(1.797324575e-06 0 0)
(3.378549426e-06 0 0)
(6.299927634e-06 0 0)
(1.165003508e-05 0 0)
(2.135924559e-05 0 0)
(3.881375494e-05 0 0)
(6.988646841e-05 0 0)
(0.0001246431111 0 0)
(0.00022012156 0 0)
(0.0003847861888 0 0)
(0.0006655379521 0 0)
(0.001138536417 0 0)
(0.001925552231 0 0)
(0.003218104444 0 0)
(0.005312162664 0 0)
(0.008656568403 0 0)
(0.01391829983 0 0)
(0.02206686017 0 0)
(0.03447792795 0 0)
(0.05305226953 0 0)
(0.08033932153 0 0)
(0.1196454083 0 0)
(0.1750949221 0 0)
(0.2516009219 0 0)
(0.3546930438 0 0)
(0.4901539461 0 0)
(0.6632519681 0 0)
(0.8780316931 0 0)
(1.133358209 0 0)
(1.413052462 0 0)
(1.706940029 0 0)
(1.991678651 0 0)
(2.258075616 0 0)
(2.500111308 0 0)
(2.705261943 0 0)
(2.872339575 0 0)
(3.000169336 0 0)
(3.093799207 0 0)
(3.154397749 0 0)
(3.192556203 0 0)
(3.215124871 0 0)
(3.227703454 0 0)
(3.234083181 0 0)
(3.236938252 0 0)
(3.238304317 0 0)
(3.239253992 0 0)
(3.240096952 0 0)
(3.240879125 0 0)
(3.241650995 0 0)
(3.242446983 0 0)
(3.243223766 0 0)
(3.243882669 0 0)
(3.302525981 0 0)
(3.468217591 0 0)
(3.699564339 0 0)
(3.880507275 0 0)
(3.848425142 0 0)
(3.40998746 0 0)
(2.432638328 0 0)
(1.33199455 0 0)
(0.6131960708 0 0)
(0.2551224033 0 0)
(0.09734444373 0 0)
(0.03443875191 0 0)
(0.01138949982 0 0)
(0.003544413509 0 0)
(0.001043638964 0 0)
(0.0002921134196 0 0)
(7.803733046e-05 0 0)
(1.996804985e-05 0 0)
(4.909086243e-06 0 0)
(1.16276781e-06 0 0)
(2.659977161e-07 0 0)
(5.88992025e-08 0 0)
(1.264867432e-08 0 0)
(2.63912115e-09 0 0)
(5.359050258e-10 0 0)
(1.060911287e-10 0 0)
(2.04621853e-11 0 0)
(3.750746058e-12 0 0)
(5.203914688e-13 0 0)
(3.927482783e-14 0 0)
(4.909353479e-14 0 0)
(7.854965567e-14 0 0)
(9.818706959e-14 0 0)
(1.570993113e-13 0 0)
(7.854965567e-14 0 0)
(-1.080057765e-13 0 0)
(-1.178244835e-13 0 0)
(-2.061928461e-13 0 0)
(-3.141986227e-13 0 0)
(-3.240173296e-13 0 0)
(-2.2583026e-13 0 0)
(-5.891224175e-14 0 0)
(-3.927482783e-14 0 0)
(2.945612088e-14 0 0)
(1.178244835e-13 0 0)
(3.927482783e-14 0 0)
(-3.927482783e-14 0 0)
(1.963741392e-14 0 0)
(9.818706959e-15 0 0)
(-7.854965567e-14 0 0)
(-4.909353479e-14 0 0)
(-1.374618974e-13 0 0)
(-1.865554322e-13 0 0)
(-1.080057765e-13 0 0)
(8.836836263e-14 0 0)
(1.080057765e-13 0 0)
(1.080057765e-13 0 0)
(2.847425018e-13 0 0)
(2.945612088e-13 0 0)
(2.749237948e-13 0 0)
(1.963741392e-13 0 0)
(2.061928461e-13 0 0)
(1.865554322e-13 0 0)
(9.818706959e-15 0 0)
(-1.080057765e-13 0 0)
(-9.818706959e-14 0 0)
(-2.945612088e-14 0 0)
(-1.080057765e-13 0 0)
(-1.472806044e-13 0 0)
(-7.854965567e-14 0 0)
(-1.963741392e-14 0 0)
(5.891224175e-14 0 0)
(5.891224175e-14 0 0)
(3.851859889e-30 0 0)
(-3.851859889e-30 0 0)
(9.818706959e-15 0 0)
(1.963741392e-14 0 0)
(4.909353479e-14 0 0)
(-6.873094871e-14 0 0)
(-9.818706959e-14 0 0)
(9.818706959e-15 0 0)
(-3.927482783e-14 0 0)
(-8.836836263e-14 0 0)
(1.963741392e-14 0 0)
(1.374618974e-13 0 0)
(1.963741392e-13 0 0)
(1.767367253e-13 0 0)
(9.818706959e-14 0 0)
(8.836836263e-14 0 0)
(1.570993113e-13 0 0)
(3.927482783e-14 0 0)
(-1.767367253e-13 0 0)
(-2.749237948e-13 0 0)
(-2.552863809e-13 0 0)
(-1.276431905e-13 0 0)
(-3.927482783e-14 0 0)
(-2.945612088e-14 0 0)
(-7.854965567e-14 0 0)
(1.963741392e-14 0 0)
(1.865554322e-13 0 0)
(9.818706959e-14 0 0)
(-3.927482783e-14 0 0)
(-3.851859889e-30 0 0)
(5.891224175e-14 0 0)
(9.818706959e-14 0 0)
(1.570993113e-13 0 0)
(1.963741392e-13 0 0)
(1.669180183e-13 0 0)
(1.767367253e-13 0 0)
(2.061928461e-13 0 0)
(1.963741392e-14 0 0)
(-2.35648967e-13 0 0)
(-3.043799157e-13 0 0)
(-3.240173296e-13 0 0)
(-2.945612088e-13 0 0)
(-2.45467674e-13 0 0)
(-1.570993113e-13 0 0)
(-7.854965567e-14 0 0)
(-4.909353479e-14 0 0)
(-9.818706959e-15 0 0)
(-1.963741392e-14 0 0)
(1.374618974e-13 0 0)
(2.552863809e-13 0 0)
(2.35648967e-13 0 0)
(1.472806044e-13 0 0)
(3.927482783e-14 0 0)
(3.927482783e-14 0 0)
(-3.927482783e-14 0 0)
(-1.472806044e-13 0 0)
(-1.669180183e-13 0 0)
(-9.818706959e-15 0 0)
(5.891224175e-14 0 0)
(2.945612088e-14 0 0)
(4.909353479e-14 0 0)
(2.945612088e-14 0 0)
(-1.472806044e-13 0 0)
(-2.552863809e-13 0 0)
(-1.669180183e-13 0 0)
(-1.570993113e-13 0 0)
(-7.854965567e-14 0 0)
(3.927482783e-14 0 0)
(1.669180183e-13 0 0)
(2.749237948e-13 0 0)
(2.749237948e-13 0 0)
(1.767367253e-13 0 0)
(2.061928461e-13 0 0)
(1.767367253e-13 0 0)
(8.836836263e-14 0 0)
(8.836836263e-14 0 0)
(1.963741392e-14 0 0)
(3.927482783e-14 0 0)
(4.909353479e-14 0 0)
(-8.836836263e-14 0 0)
(-1.276431905e-13 0 0)
(-1.276431905e-13 0 0)
(-1.669180183e-13 0 0)
(-1.963741392e-13 0 0)
(-2.061928461e-13 0 0)
(-1.570993113e-13 0 0)
(-1.865554322e-13 0 0)
(-2.061928461e-13 0 0)
(-1.178244835e-13 0 0)
(-1.178244835e-13 0 0)
(-1.472806044e-13 0 0)
(7.854965567e-14 0 0)
(2.2583026e-13 0 0)
(1.276431905e-13 0 0)
(1.080057765e-13 0 0)
(1.767367253e-13 0 0)
(2.2583026e-13 0 0)
(2.45467674e-13 0 0)
(3.240173296e-13 0 0)
(2.061928461e-13 0 0)
(-2.945612088e-14 0 0)
(-1.963741392e-14 0 0)
(-4.909353479e-14 0 0)
(-4.909353479e-14 0 0)
(-1.276431905e-13 0 0)
(-3.436547436e-13 0 0)
(-3.731108644e-13 0 0)
(-2.552863809e-13 0 0)
(-1.178244835e-13 0 0)
(2.945612088e-14 0 0)
(1.178244835e-13 0 0)
(1.080057765e-13 0 0)
(1.080057765e-13 0 0)
(3.927482783e-14 0 0)
(2.945612088e-14 0 0)
(3.927482783e-14 0 0)
(5.891224175e-14 0 0)
(1.570993113e-13 0 0)
(1.570993113e-13 0 0)
(1.472806044e-13 0 0)
(1.963741392e-13 0 0)
(2.160115531e-13 0 0)
(1.080057765e-13 0 0)
(1.963741392e-14 0 0)
(-4.909353479e-14 0 0)
(-1.570993113e-13 0 0)
(-1.472806044e-13 0 0)
(-4.909353479e-14 0 0)
(-9.818706959e-15 0 0)
(-6.873094871e-14 0 0)
(-1.865554322e-13 0 0)
(-2.749237948e-13 0 0)
(-1.374618974e-13 0 0)
(-1.374618974e-13 0 0)
(-2.651050879e-13 0 0)
(-1.963741392e-13 0 0)
(-2.945612088e-14 0 0)
(6.873094871e-14 0 0)
(1.374618974e-13 0 0)
(1.963741392e-13 0 0)
(1.570993113e-13 0 0)
(1.178244835e-13 0 0)
(7.854965567e-14 0 0)
(1.178244835e-13 0 0)
(2.45467674e-13 0 0)
(1.767367253e-13 0 0)
(1.963741392e-14 0 0)
(0 0 0)
(1.963741392e-14 0 0)
(0 0 0)
(0 0 0)
(1.178244835e-13 0 0)
(2.945612088e-14 0 0)
(-2.552863809e-13 0 0)
(-3.338360366e-13 0 0)
(-2.061928461e-13 0 0)
(-1.178244835e-13 0 0)
(-5.891224175e-14 0 0)
(-1.963741392e-14 0 0)
(-3.927482783e-14 0 0)
(-1.276431905e-13 0 0)
(-1.178244835e-13 0 0)
(8.836836263e-14 0 0)
(2.2583026e-13 0 0)
(2.061928461e-13 0 0)
(1.963741392e-13 0 0)
(7.854965567e-14 0 0)
(-3.927482783e-14 0 0)
(3.927482783e-14 0 0)
(4.909353479e-14 0 0)
(1.080057765e-13 0 0)
(1.080057765e-13 0 0)
(-5.891224175e-14 0 0)
(2.945612088e-14 0 0)
(1.472806044e-13 0 0)
(-9.818706959e-15 0 0)
(-2.552863809e-13 0 0)
(-2.061928461e-13 0 0)
(5.891224175e-14 0 0)
(1.865554322e-13 0 0)
(1.963741392e-13 0 0)
(1.374618974e-13 0 0)
(1.570993113e-13 0 0)
(6.873094871e-14 0 0)
(3.927482783e-14 0 0)
(7.854965567e-14 0 0)
(2.945612088e-14 0 0)
(1.865554322e-13 0 0)
(1.963741392e-13 0 0)
(-1.963741392e-14 0 0)
(-9.818706959e-14 0 0)
(-1.276431905e-13 0 0)
(-8.836836263e-14 0 0)
(-1.669180183e-13 0 0)
(-3.338360366e-13 0 0)
(-2.945612088e-13 0 0)
(-1.767367253e-13 0 0)
(-1.374618974e-13 0 0)
(-3.927482783e-14 0 0)
(1.472806044e-13 0 0)
(2.847425018e-13 0 0)
(3.240173296e-13 0 0)
(3.141986227e-13 0 0)
(1.669180183e-13 0 0)
(9.818706959e-15 0 0)
(7.854965567e-14 0 0)
(7.854965567e-14 0 0)
(0 0 0)
(-5.891224175e-14 0 0)
(-9.818706959e-15 0 0)
(7.854965567e-14 0 0)
(1.963741392e-14 0 0)
(-2.945612088e-14 0 0)
(-4.909353479e-14 0 0)
(-6.873094871e-14 0 0)
(-8.836836263e-14 0 0)
(-6.873094871e-14 0 0)
(-1.472806044e-13 0 0)
(-1.669180183e-13 0 0)
(-2.945612088e-14 0 0)
(-9.818706959e-15 0 0)
(-3.927482783e-14 0 0)
(-8.836836263e-14 0 0)
(-2.061928461e-13 0 0)
(-2.45467674e-13 0 0)
(-5.891224175e-14 0 0)
(1.374618974e-13 0 0)
(1.963741392e-13 0 0)
(2.160115531e-13 0 0)
(1.963741392e-13 0 0)
(5.891224175e-14 0 0)
(-3.927482783e-14 0 0)
(-4.909353479e-14 0 0)
(-1.178244835e-13 0 0)
(-3.927482783e-14 0 0)
(9.818706959e-14 0 0)
(9.818706959e-14 0 0)
(8.836836263e-14 0 0)
(3.927482783e-14 0 0)
(-1.963741392e-14 0 0)
(-1.963741392e-14 0 0)
(6.873094871e-14 0 0)
(9.818706959e-14 0 0)
(-6.873094871e-14 0 0)
(-1.669180183e-13 0 0)
(-8.836836263e-14 0 0)
(9.818706959e-15 0 0)
(5.891224175e-14 0 0)
(5.891224175e-14 0 0)
(1.178244835e-13 0 0)
(1.669180183e-13 0 0)
(1.080057765e-13 0 0)
(-3.927482783e-14 0 0)
(-2.945612088e-14 0 0)
(8.836836263e-14 0 0)
(4.909353479e-14 0 0)
(-9.818706959e-14 0 0)
(-1.374618974e-13 0 0)
(-1.080057765e-13 0 0)
(-8.836836263e-14 0 0)
(-4.909353479e-14 0 0)
(-2.945612088e-14 0 0)
(-2.945612088e-14 0 0)
(7.854965567e-14 0 0)
(7.854965567e-14 0 0)
(-5.891224175e-14 0 0)
(-5.891224175e-14 0 0)
(-6.873094871e-14 0 0)
(-1.570993113e-13 0 0)
(-2.749237948e-13 0 0)
(-3.043799157e-13 0 0)
(-1.276431905e-13 0 0)
(-1.963741392e-14 0 0)
(-6.873094871e-14 0 0)
(1.155557967e-29 0 0)
(6.873094871e-14 0 0)
(1.472806044e-13 0 0)
(2.749237948e-13 0 0)
(3.240173296e-13 0 0)
(2.651050879e-13 0 0)
(1.767367253e-13 0 0)
(9.818706959e-14 0 0)
(1.374618974e-13 0 0)
(1.767367253e-13 0 0)
(3.081487911e-29 0 0)
(-1.472806044e-13 0 0)
(-1.570993113e-13 0 0)
(-1.080057765e-13 0 0)
(-1.080057765e-13 0 0)
(-8.836836263e-14 0 0)
(-1.374618974e-13 0 0)
(-1.963741392e-13 0 0)
(-5.891224175e-14 0 0)
(2.945612088e-14 0 0)
(-9.818706959e-15 0 0)
(-9.818706959e-15 0 0)
(7.703719778e-30 0 0)
(1.276431905e-13 0 0)
(3.927482783e-13 0 0)
(3.436547436e-13 0 0)
(1.767367253e-13 0 0)
(1.080057765e-13 0 0)
(2.945612088e-14 0 0)
(-9.818706959e-15 0 0)
(-5.891224175e-14 0 0)
(-7.854965567e-14 0 0)
(-1.374618974e-13 0 0)
(-2.35648967e-13 0 0)
(-2.45467674e-13 0 0)
(-2.847425018e-13 0 0)
(-2.35648967e-13 0 0)
(9.818706959e-15 0 0)
(4.909353479e-14 0 0)
(1.963741392e-14 0 0)
(1.276431905e-13 0 0)
(2.945612088e-13 0 0)
(3.240173296e-13 0 0)
(2.35648967e-13 0 0)
(1.374618974e-13 0 0)
(-1.276431905e-13 0 0)
(-3.338360366e-13 0 0)
(-3.927482783e-13 0 0)
(-3.043799157e-13 0 0)
(-1.276431905e-13 0 0)
(2.945612088e-14 0 0)
(2.945612088e-14 0 0)
(7.854965567e-14 0 0)
(1.669180183e-13 0 0)
(5.891224175e-14 0 0)
(4.909353479e-14 0 0)
(1.276431905e-13 0 0)
(8.836836263e-14 0 0)
(3.927482783e-14 0 0)
(3.927482783e-14 0 0)
(9.818706959e-15 0 0)
(-1.963741392e-14 0 0)
(-2.945612088e-14 0 0)
(-3.927482783e-14 0 0)
(-1.963741392e-14 0 0)
(-2.945612088e-14 0 0)
(-7.854965567e-14 0 0)
(-6.873094871e-14 0 0)
(3.927482783e-14 0 0)
(1.963741392e-13 0 0)
(1.963741392e-13 0 0)
(1.178244835e-13 0 0)
(-4.909353479e-14 0 0)
(-2.061928461e-13 0 0)
(-1.963741392e-13 0 0)
(-2.2583026e-13 0 0)
(-1.669180183e-13 0 0)
(-1.570993113e-13 0 0)
(-1.570993113e-13 0 0)
(-2.945612088e-14 0 0)
(0 0 0)
(1.767367253e-13 0 0)
(2.749237948e-13 0 0)
(1.669180183e-13 0 0)
(1.570993113e-13 0 0)
(1.570993113e-13 0 0)
(9.818706959e-14 0 0)
(2.945612088e-14 0 0)
(9.818706959e-15 0 0)
(9.818706959e-15 0 0)
(0 0 0)
(-1.080057765e-13 0 0)
(-1.276431905e-13 0 0)
(-1.669180183e-13 0 0)
(-2.2583026e-13 0 0)
(-1.570993113e-13 0 0)
(-1.080057765e-13 0 0)
(-9.818706959e-14 0 0)
(-5.891224175e-14 0 0)
(9.818706959e-14 0 0)
(1.767367253e-13 0 0)
(9.818706959e-14 0 0)
(6.873094871e-14 0 0)
(9.818706959e-14 0 0)
(5.891224175e-14 0 0)
(1.767367253e-13 0 0)
(2.45467674e-13 0 0)
(1.374618974e-13 0 0)
(4.909353479e-14 0 0)
(-1.963741392e-14 0 0)
(-3.927482783e-14 0 0)
(-2.945612088e-14 0 0)
(-1.963741392e-14 0 0)
(-7.854965567e-14 0 0)
(3.927482783e-14 0 0)
(2.35648967e-13 0 0)
(1.865554322e-13 0 0)
(9.818706959e-14 0 0)
(1.963741392e-14 0 0)
(-9.818706959e-14 0 0)
(-1.669180183e-13 0 0)
(-2.160115531e-13 0 0)
(-1.669180183e-13 0 0)
(-1.963741392e-14 0 0)
(1.276431905e-13 0 0)
(1.669180183e-13 0 0)
(8.836836263e-14 0 0)
(1.963741392e-14 0 0)
(-4.909353479e-14 0 0)
(-9.818706959e-14 0 0)
(9.818706959e-15 0 0)
(5.891224175e-14 0 0)
(4.909353479e-14 0 0)
(2.945612088e-14 0 0)
(-3.927482783e-14 0 0)
(-1.963741392e-14 0 0)
(-1.963741392e-14 0 0)
(-5.891224175e-14 0 0)
(-1.080057765e-13 0 0)
(-1.276431905e-13 0 0)
(-2.061928461e-13 0 0)
(-1.570993113e-13 0 0)
(-3.927482783e-14 0 0)
(-9.818706959e-15 0 0)
(-1.080057765e-13 0 0)
(-1.080057765e-13 0 0)
(5.891224175e-14 0 0)
(-3.927482783e-14 0 0)
(-1.963741392e-14 0 0)
(1.570993113e-13 0 0)
(1.178244835e-13 0 0)
(7.854965567e-14 0 0)
(1.178244835e-13 0 0)
(2.061928461e-13 0 0)
(2.35648967e-13 0 0)
(1.178244835e-13 0 0)
(4.909353479e-14 0 0)
(2.945612088e-14 0 0)
(6.873094871e-14 0 0)
(-4.622231867e-29 0 0)
(-1.080057765e-13 0 0)
(-2.945612088e-14 0 0)
(7.854965567e-14 0 0)
(8.836836263e-14 0 0)
(5.891224175e-14 0 0)
(1.963741392e-14 0 0)
(-9.818706959e-14 0 0)
(-1.570993113e-13 0 0)
(-1.570993113e-13 0 0)
(-1.178244835e-13 0 0)
(-5.891224175e-14 0 0)
(-2.945612088e-14 0 0)
(4.909353479e-14 0 0)
(2.945612088e-14 0 0)
(-2.945612088e-14 0 0)
(-6.873094871e-14 0 0)
(9.818706959e-15 0 0)
(1.276431905e-13 0 0)
(1.570993113e-13 0 0)
(1.865554322e-13 0 0)
(4.909353479e-14 0 0)
(1.963741392e-14 0 0)
(5.891224175e-14 0 0)
(3.927482783e-14 0 0)
(-9.818706959e-15 0 0)
(-4.909353479e-14 0 0)
(0 0 0)
(-5.891224175e-14 0 0)
(-1.276431905e-13 0 0)
(-1.767367253e-13 0 0)
(-2.749237948e-13 0 0)
(-1.669180183e-13 0 0)
(3.927482783e-14 0 0)
(-9.818706959e-15 0 0)
(-5.891224175e-14 0 0)
(2.945612088e-14 0 0)
(5.891224175e-14 0 0)
(1.472806044e-13 0 0)
(2.749237948e-13 0 0)
(2.2583026e-13 0 0)
(-1.963741392e-14 0 0)
(-2.160115531e-13 0 0)
(-2.552863809e-13 0 0)
(-2.35648967e-13 0 0)
(-1.178244835e-13 0 0)
(-2.945612088e-14 0 0)
(-1.963741392e-14 0 0)
(-1.472806044e-13 0 0)
(-2.35648967e-13 0 0)
(-1.374618974e-13 0 0)
(-6.873094871e-14 0 0)
(-9.818706959e-15 0 0)
(3.851859889e-30 0 0)
(1.178244835e-13 0 0)
(2.749237948e-13 0 0)
(2.061928461e-13 0 0)
(1.276431905e-13 0 0)
(9.818706959e-14 0 0)
(-1.963741392e-14 0 0)
(-9.818706959e-14 0 0)
(-8.836836263e-14 0 0)
(-7.854965567e-14 0 0)
(1.963741392e-14 0 0)
(1.767367253e-13 0 0)
(2.552863809e-13 0 0)
(2.2583026e-13 0 0)
(1.865554322e-13 0 0)
(2.45467674e-13 0 0)
(2.552863809e-13 0 0)
(1.472806044e-13 0 0)
(4.622231867e-29 0 0)
(-2.945612088e-14 0 0)
(-1.472806044e-13 0 0)
(-3.338360366e-13 0 0)
(-2.160115531e-13 0 0)
(-1.767367253e-13 0 0)
(-2.160115531e-13 0 0)
(-1.374618974e-13 0 0)
(-7.854965567e-14 0 0)
(2.945612088e-14 0 0)
(1.865554322e-13 0 0)
(2.35648967e-13 0 0)
(7.854965567e-14 0 0)
(9.818706959e-15 0 0)
(3.927482783e-14 0 0)
(-1.963741392e-14 0 0)
(-9.818706959e-15 0 0)
(3.927482783e-14 0 0)
(1.963741392e-14 0 0)
(9.818706959e-15 0 0)
(4.909353479e-14 0 0)
(3.927482783e-14 0 0)
(-9.818706959e-15 0 0)
(-3.927482783e-14 0 0)
(7.703719778e-30 0 0)
(-2.945612088e-14 0 0)
(-4.909353479e-14 0 0)
(-1.178244835e-13 0 0)
(-2.35648967e-13 0 0)
(-2.45467674e-13 0 0)
(-2.2583026e-13 0 0)
(-5.891224175e-14 0 0)
(2.945612088e-14 0 0)
(1.963741392e-14 0 0)
(9.818706959e-15 0 0)
(1.963741392e-14 0 0)
(1.374618974e-13 0 0)
(2.2583026e-13 0 0)
(2.945612088e-13 0 0)
(3.436547436e-13 0 0)
(3.043799157e-13 0 0)
(2.2583026e-13 0 0)
(1.570993113e-13 0 0)
(9.818706959e-15 0 0)
(-1.963741392e-14 0 0)
(2.945612088e-14 0 0)
(-7.854965567e-14 0 0)
(-2.35648967e-13 0 0)
(-1.865554322e-13 0 0)
(-5.891224175e-14 0 0)
(-1.767367253e-13 0 0)
(-1.767367253e-13 0 0)
(-4.909353479e-14 0 0)
(-3.851859889e-30 0 0)
(1.767367253e-13 0 0)
(1.767367253e-13 0 0)
(1.374618974e-13 0 0)
(1.374618974e-13 0 0)
(5.891224175e-14 0 0)
(3.927482783e-14 0 0)
(4.909353479e-14 0 0)
(-2.945612088e-14 0 0)
(-1.570993113e-13 0 0)
(-1.767367253e-13 0 0)
(-2.061928461e-13 0 0)
(-2.160115531e-13 0 0)
(-2.160115531e-13 0 0)
(-1.669180183e-13 0 0)
(-3.927482783e-14 0 0)
(1.374618974e-13 0 0)
(1.767367253e-13 0 0)
(1.472806044e-13 0 0)
(1.472806044e-13 0 0)
(8.836836263e-14 0 0)
(5.891224175e-14 0 0)
(1.155557967e-29 0 0)
(-1.963741392e-14 0 0)
(4.909353479e-14 0 0)
(-1.963741392e-14 0 0)
(-1.080057765e-13 0 0)
(-5.891224175e-14 0 0)
(-4.909353479e-14 0 0)
(-1.767367253e-13 0 0)
(-2.160115531e-13 0 0)
(-8.836836263e-14 0 0)
(-4.909353479e-14 0 0)
(-8.836836263e-14 0 0)
(3.927482783e-14 0 0)
(1.669180183e-13 0 0)
(1.276431905e-13 0 0)
(1.178244835e-13 0 0)
(4.909353479e-14 0 0)
(-4.909353479e-14 0 0)
(-6.873094871e-14 0 0)
(-4.909353479e-14 0 0)
(-3.927482783e-14 0 0)
(-1.080057765e-13 0 0)
(-9.818706959e-14 0 0)
(6.873094871e-14 0 0)
(1.374618974e-13 0 0)
(6.873094871e-14 0 0)
(6.873094871e-14 0 0)
(1.276431905e-13 0 0)
(2.061928461e-13 0 0)
(1.865554322e-13 0 0)
(9.818706959e-14 0 0)
(7.854965567e-14 0 0)
(2.945612088e-14 0 0)
(-4.909353479e-14 0 0)
(-8.836836263e-14 0 0)
(-6.873094871e-14 0 0)
(4.909353479e-14 0 0)
(1.178244835e-13 0 0)
(3.927482783e-14 0 0)
(-4.909353479e-14 0 0)
(-1.472806044e-13 0 0)
(-2.2583026e-13 0 0)
(-1.865554322e-13 0 0)
(-5.891224175e-14 0 0)
(-4.909353479e-14 0 0)
(-3.927482783e-14 0 0)
(1.276431905e-13 0 0)
(1.767367253e-13 0 0)
(1.276431905e-13 0 0)
(8.836836263e-14 0 0)
(6.873094871e-14 0 0)
(6.873094871e-14 0 0)
(9.818706959e-14 0 0)
(1.767367253e-13 0 0)
(2.061928461e-13 0 0)
(8.836836263e-14 0 0)
(-6.873094871e-14 0 0)
(-1.570993113e-13 0 0)
(-1.276431905e-13 0 0)
(-1.178244835e-13 0 0)
(-1.865554322e-13 0 0)
(-2.45467674e-13 0 0)
(-1.767367253e-13 0 0)
(-4.909353479e-14 0 0)
(-5.891224175e-14 0 0)
(-3.927482783e-14 0 0)
(9.818706959e-15 0 0)
(4.909353479e-14 0 0)
(7.854965567e-14 0 0)
(5.891224175e-14 0 0)
(-4.909353479e-14 0 0)
(-1.963741392e-13 0 0)
(-1.669180183e-13 0 0)
(-9.818706959e-14 0 0)
(-1.963741392e-14 0 0)
(1.865554322e-13 0 0)
(1.472806044e-13 0 0)
(1.963741392e-14 0 0)
(2.945612088e-14 0 0)
(9.818706959e-15 0 0)
(1.080057765e-13 0 0)
(2.45467674e-13 0 0)
(2.2583026e-13 0 0)
(6.873094871e-14 0 0)
(-1.963741392e-14 0 0)
(5.891224175e-14 0 0)
(1.472806044e-13 0 0)
(1.865554322e-13 0 0)
(1.374618974e-13 0 0)
(5.891224175e-14 0 0)
(-7.854965567e-14 0 0)
(-2.2583026e-13 0 0)
(-1.767367253e-13 0 0)
(-2.945612088e-14 0 0)
(0 0 0)
(-2.945612088e-14 0 0)
(3.927482783e-14 0 0)
(1.472806044e-13 0 0)
(2.35648967e-13 0 0)
(2.651050879e-13 0 0)
(1.865554322e-13 0 0)
(3.851859889e-29 0 0)
(-3.927482783e-14 0 0)
(2.945612088e-14 0 0)
(-5.891224175e-14 0 0)
(-1.570993113e-13 0 0)
(-1.570993113e-13 0 0)
(-1.374618974e-13 0 0)
(-1.963741392e-14 0 0)
(9.818706959e-15 0 0)
(-9.818706959e-15 0 0)
(0 0 0)
(-1.963741392e-14 0 0)
(-5.777789833e-30 0 0)
(1.925929944e-30 0 0)
(4.909353479e-14 0 0)
(3.927482783e-14 0 0)
(5.891224175e-14 0 0)
(1.374618974e-13 0 0)
(1.080057765e-13 0 0)
(-2.945612088e-14 0 0)
(-1.865554322e-13 0 0)
(-2.35648967e-13 0 0)
(-1.080057765e-13 0 0)
(-1.963741392e-14 0 0)
(-1.472806044e-13 0 0)
(-1.570993113e-13 0 0)
(-1.963741392e-14 0 0)
(1.178244835e-13 0 0)
(1.080057765e-13 0 0)
(-1.963741392e-14 0 0)
(8.836836263e-14 0 0)
(1.570993113e-13 0 0)
(1.276431905e-13 0 0)
(8.836836263e-14 0 0)
(9.629649722e-30 0 0)
(2.945612088e-14 0 0)
(-1.374618974e-13 0 0)
(-3.240173296e-13 0 0)
(-2.552863809e-13 0 0)
(-2.651050879e-13 0 0)
(-1.570993113e-13 0 0)
(0 0 0)
(-5.891224175e-14 0 0)
(-8.836836263e-14 0 0)
(-1.963741392e-14 0 0)
(-2.945612088e-14 0 0)
(0 0 0)
(8.836836263e-14 0 0)
(4.909353479e-14 0 0)
(6.873094871e-14 0 0)
(9.818706959e-14 0 0)
(6.873094871e-14 0 0)
(6.873094871e-14 0 0)
(-2.945612088e-14 0 0)
(-5.891224175e-14 0 0)
(9.818706959e-15 0 0)
(-1.963741392e-14 0 0)
(-8.836836263e-14 0 0)
(-1.178244835e-13 0 0)
(-1.374618974e-13 0 0)
(-4.909353479e-14 0 0)
(9.818706959e-14 0 0)
(1.080057765e-13 0 0)
(1.178244835e-13 0 0)
(1.080057765e-13 0 0)
(1.080057765e-13 0 0)
(5.891224175e-14 0 0)
(-2.945612088e-14 0 0)
(-2.945612088e-14 0 0)
(-1.374618974e-13 0 0)
(-1.669180183e-13 0 0)
(-7.854965567e-14 0 0)
(9.818706959e-15 0 0)
(-9.818706959e-15 0 0)
(-1.276431905e-13 0 0)
(-9.818706959e-14 0 0)
(-2.945612088e-14 0 0)
(1.963741392e-14 0 0)
(-5.891224175e-14 0 0)
(-9.818706959e-14 0 0)
(-9.818706959e-15 0 0)
(7.854965567e-14 0 0)
(1.178244835e-13 0 0)
(2.061928461e-13 0 0)
(3.043799157e-13 0 0)
(1.865554322e-13 0 0)
(7.854965567e-14 0 0)
(1.963741392e-14 0 0)
(-9.818706959e-15 0 0)
(-9.818706959e-15 0 0)
(9.818706959e-15 0 0)
(2.945612088e-14 0 0)
(7.854965567e-14 0 0)
(1.374618974e-13 0 0)
(7.854965567e-14 0 0)
(-9.818706959e-15 0 0)
(-7.854965567e-14 0 0)
(-1.963741392e-13 0 0)
(-2.651050879e-13 0 0)
(-1.178244835e-13 0 0)
(1.963741392e-14 0 0)
(-9.818706959e-15 0 0)
(1.963741392e-14 0 0)
(-2.945612088e-14 0 0)
(-1.472806044e-13 0 0)
(-2.945612088e-14 0 0)
(9.818706959e-14 0 0)
(1.080057765e-13 0 0)
(2.45467674e-13 0 0)
(3.632921575e-13 0 0)
(2.45467674e-13 0 0)
(1.276431905e-13 0 0)
(1.963741392e-14 0 0)
(-1.178244835e-13 0 0)
(-1.865554322e-13 0 0)
(-2.2583026e-13 0 0)
(-2.2583026e-13 0 0)
(-1.570993113e-13 0 0)
(-3.927482783e-14 0 0)
(-1.963741392e-14 0 0)
(2.945612088e-14 0 0)
(1.178244835e-13 0 0)
(4.909353479e-14 0 0)
(8.836836263e-14 0 0)
(1.570993113e-13 0 0)
(7.854965567e-14 0 0)
(8.836836263e-14 0 0)
(2.945612088e-14 0 0)
(-8.836836263e-14 0 0)
(-4.909353479e-14 0 0)
(1.963741392e-14 0 0)
(5.891224175e-14 0 0)
(3.927482783e-14 0 0)
(-9.818706959e-15 0 0)
(8.836836263e-14 0 0)
(1.472806044e-13 0 0)
(1.963741392e-14 0 0)
(-1.080057765e-13 0 0)
(-1.570993113e-13 0 0)
(-7.854965567e-14 0 0)
(-9.818706959e-15 0 0)
(-5.891224175e-14 0 0)
(-1.472806044e-13 0 0)
(-1.767367253e-13 0 0)
(-8.836836263e-14 0 0)
(-1.080057765e-13 0 0)
(-5.891224175e-14 0 0)
(1.374618974e-13 0 0)
(2.2583026e-13 0 0)
(1.570993113e-13 0 0)
(3.927482783e-14 0 0)
(8.836836263e-14 0 0)
(1.276431905e-13 0 0)
(8.836836263e-14 0 0)
(1.963741392e-14 0 0)
(-2.945612088e-14 0 0)
(9.818706959e-15 0 0)
(1.178244835e-13 0 0)
(1.963741392e-13 0 0)
(1.570993113e-13 0 0)
(1.963741392e-14 0 0)
(-9.818706959e-14 0 0)
(-7.854965567e-14 0 0)
(-5.891224175e-14 0 0)
(-1.178244835e-13 0 0)
(-1.570993113e-13 0 0)
(-1.472806044e-13 0 0)
(-9.818706959e-14 0 0)
(9.818706959e-15 0 0)
(1.178244835e-13 0 0)
(1.178244835e-13 0 0)
(6.873094871e-14 0 0)
(9.818706959e-15 0 0)
(-3.927482783e-14 0 0)
(4.909353479e-14 0 0)
(3.927482783e-14 0 0)
(-4.909353479e-14 0 0)
(4.909353479e-14 0 0)
(1.080057765e-13 0 0)
(1.080057765e-13 0 0)
(5.891224175e-14 0 0)
(-1.080057765e-13 0 0)
(-2.160115531e-13 0 0)
(-2.45467674e-13 0 0)
(-3.141986227e-13 0 0)
(-3.731108644e-13 0 0)
(-2.45467674e-13 0 0)
(-1.080057765e-13 0 0)
(0 0 0)
(7.854965567e-14 0 0)
(1.669180183e-13 0 0)
(2.45467674e-13 0 0)
(1.865554322e-13 0 0)
(1.178244835e-13 0 0)
(5.891224175e-14 0 0)
(-3.851859889e-30 0 0)
(-1.472806044e-13 0 0)
(-2.35648967e-13 0 0)
(-9.818706959e-14 0 0)
(7.854965567e-14 0 0)
(-2.945612088e-14 0 0)
(-2.651050879e-13 0 0)
(-1.570993113e-13 0 0)
(9.818706959e-15 0 0)
(-3.927482783e-14 0 0)
(0 0 0)
(1.080057765e-13 0 0)
(1.767367253e-13 0 0)
(2.651050879e-13 0 0)
(2.552863809e-13 0 0)
(1.276431905e-13 0 0)
(-9.818706959e-15 0 0)
(-2.945612088e-14 0 0)
(-5.891224175e-14 0 0)
(-2.945612088e-14 0 0)
(3.927482783e-14 0 0)
(9.818706959e-15 0 0)
(-5.891224175e-14 0 0)
(-1.276431905e-13 0 0)
(-1.669180183e-13 0 0)
(-4.909353479e-14 0 0)
(2.945612088e-14 0 0)
(-1.963741392e-14 0 0)
(2.061928461e-13 0 0)
(2.2583026e-13 0 0)
(-1.925929944e-29 0 0)
(-1.472806044e-13 0 0)
(-1.669180183e-13 0 0)
(-1.080057765e-13 0 0)
(-7.854965567e-14 0 0)
(-3.927482783e-14 0 0)
(-4.909353479e-14 0 0)
(-9.818706959e-15 0 0)
(9.818706959e-15 0 0)
(2.945612088e-14 0 0)
(1.963741392e-14 0 0)
(-1.767367253e-13 0 0)
(-2.2583026e-13 0 0)
(-6.873094871e-14 0 0)
(-1.080057765e-13 0 0)
(-1.080057765e-13 0 0)
(5.891224175e-14 0 0)
(1.080057765e-13 0 0)
(7.854965567e-14 0 0)
(4.909353479e-14 0 0)
(3.927482783e-14 0 0)
(9.818706959e-14 0 0)
(1.374618974e-13 0 0)
(7.854965567e-14 0 0)
(-2.945612088e-14 0 0)
(-1.570993113e-13 0 0)
(-2.945612088e-14 0 0)
(1.669180183e-13 0 0)
(1.865554322e-13 0 0)
(1.767367253e-13 0 0)
(2.061928461e-13 0 0)
(1.963741392e-13 0 0)
(4.909353479e-14 0 0)
(-3.851859889e-30 0 0)
(4.909353479e-14 0 0)
(6.873094871e-14 0 0)
(9.818706959e-15 0 0)
(-1.963741392e-14 0 0)
(1.963741392e-14 0 0)
(4.909353479e-14 0 0)
(1.276431905e-13 0 0)
(9.818706959e-14 0 0)
(9.818706959e-14 0 0)
(1.080057765e-13 0 0)
(9.818706959e-15 0 0)
(-8.836836263e-14 0 0)
(-2.160115531e-13 0 0)
(-2.945612088e-13 0 0)
(-2.945612088e-13 0 0)
(-2.2583026e-13 0 0)
(-1.963741392e-13 0 0)
(-2.35648967e-13 0 0)
(-1.276431905e-13 0 0)
(0 0 0)
(9.818706959e-15 0 0)
(9.818706959e-15 0 0)
(0 0 0)
(9.818706959e-14 0 0)
(1.472806044e-13 0 0)
(1.472806044e-13 0 0)
(1.374618974e-13 0 0)
(-1.963741392e-14 0 0)
(-1.570993113e-13 0 0)
(-1.374618974e-13 0 0)
(-9.818706959e-14 0 0)
(-9.818706959e-14 0 0)
(-3.927482783e-14 0 0)
(-1.963741392e-14 0 0)
(1.963741392e-14 0 0)
(-1.963741392e-14 0 0)
(-3.927482783e-14 0 0)
(2.945612088e-14 0 0)
(5.891224175e-14 0 0)
(2.945612088e-14 0 0)
(-4.909353479e-14 0 0)
(3.927482783e-14 0 0)
(1.178244835e-13 0 0)
(9.818706959e-14 0 0)
(1.178244835e-13 0 0)
(1.080057765e-13 0 0)
(1.374618974e-13 0 0)
(9.818706959e-14 0 0)
(9.818706959e-15 0 0)
(1.374618974e-13 0 0)
(2.160115531e-13 0 0)
(1.472806044e-13 0 0)
(1.472806044e-13 0 0)
(4.909353479e-14 0 0)
(-1.276431905e-13 0 0)
(-1.080057765e-13 0 0)
(1.963741392e-14 0 0)
(5.891224175e-14 0 0)
(9.818706959e-14 0 0)
(7.854965567e-14 0 0)
(-5.891224175e-14 0 0)
(-8.836836263e-14 0 0)
(-7.854965567e-14 0 0)
(-9.818706959e-14 0 0)
(-1.374618974e-13 0 0)
(-1.767367253e-13 0 0)
(-5.891224175e-14 0 0)
(3.927482783e-14 0 0)
(1.080057765e-13 0 0)
(1.472806044e-13 0 0)
(2.945612088e-14 0 0)
(-1.374618974e-13 0 0)
(-1.374618974e-13 0 0)
(-7.854965567e-14 0 0)
(-5.891224175e-14 0 0)
(-8.836836263e-14 0 0)
(-2.945612088e-14 0 0)
(1.570993113e-13 0 0)
(8.836836263e-14 0 0)
(-2.945612088e-14 0 0)
(-1.178244835e-13 0 0)
(-9.818706959e-14 0 0)
(-1.963741392e-14 0 0)
(-5.891224175e-14 0 0)
(-1.669180183e-13 0 0)
(-2.552863809e-13 0 0)
(-1.080057765e-13 0 0)
(1.669180183e-13 0 0)
(3.240173296e-13 0 0)
(2.35648967e-13 0 0)
(-1.963741392e-14 0 0)
(-1.767367253e-13 0 0)
(-2.552863809e-13 0 0)
(-2.945612088e-13 0 0)
(-1.374618974e-13 0 0)
(1.178244835e-13 0 0)
(1.178244835e-13 0 0)
(9.818706959e-15 0 0)
(5.891224175e-14 0 0)
(4.909353479e-14 0 0)
(1.963741392e-14 0 0)
(3.927482783e-14 0 0)
(-6.873094871e-14 0 0)
(-1.570993113e-13 0 0)
(-8.836836263e-14 0 0)
(-7.854965567e-14 0 0)
(-2.2583026e-13 0 0)
(-3.632921575e-13 0 0)
(-2.945612088e-13 0 0)
(-1.178244835e-13 0 0)
(5.891224175e-14 0 0)
(2.847425018e-13 0 0)
(3.927482783e-13 0 0)
(4.025669853e-13 0 0)
(3.534734505e-13 0 0)
(3.632921575e-13 0 0)
(4.123856923e-13 0 0)
(2.45467674e-13 0 0)
(-1.963741392e-14 0 0)
(-1.669180183e-13 0 0)
(-2.061928461e-13 0 0)
(-2.45467674e-13 0 0)
(-1.963741392e-13 0 0)
(-4.909353479e-14 0 0)
(6.873094871e-14 0 0)
(9.818706959e-14 0 0)
(8.836836263e-14 0 0)
(-9.818706959e-15 0 0)
(1.963741392e-14 0 0)
(1.276431905e-13 0 0)
(1.767367253e-13 0 0)
(1.276431905e-13 0 0)
(9.818706959e-15 0 0)
(9.818706959e-15 0 0)
(-1.374618974e-13 0 0)
(-2.061928461e-13 0 0)
(-9.818706959e-14 0 0)
(-7.854965567e-14 0 0)
(-1.080057765e-13 0 0)
(-1.374618974e-13 0 0)
(-1.276431905e-13 0 0)
(-7.854965567e-14 0 0)
(9.818706959e-15 0 0)
(8.836836263e-14 0 0)
(1.080057765e-13 0 0)
(7.854965567e-14 0 0)
(7.854965567e-14 0 0)
(1.374618974e-13 0 0)
(1.570993113e-13 0 0)
(6.873094871e-14 0 0)
(-3.927482783e-14 0 0)
(-3.927482783e-14 0 0)
(-3.927482783e-14 0 0)
(-9.818706959e-15 0 0)
(2.945612088e-14 0 0)
(-1.963741392e-14 0 0)
(-1.080057765e-13 0 0)
(-1.080057765e-13 0 0)
(2.945612088e-14 0 0)
(1.963741392e-14 0 0)
(-1.178244835e-13 0 0)
(-1.669180183e-13 0 0)
(-1.472806044e-13 0 0)
(-1.472806044e-13 0 0)
(-1.276431905e-13 0 0)
(-2.160115531e-13 0 0)
(-1.472806044e-13 0 0)
(1.865554322e-13 0 0)
(1.374618974e-13 0 0)
(-1.963741392e-14 0 0)
(5.891224175e-14 0 0)
(1.178244835e-13 0 0)
(9.818706959e-14 0 0)
(1.080057765e-13 0 0)
(6.873094871e-14 0 0)
(-1.963741392e-14 0 0)
(-5.891224175e-14 0 0)
(-7.854965567e-14 0 0)
(-9.818706959e-14 0 0)
(-9.818706959e-14 0 0)
(-3.927482783e-14 0 0)
(-1.963741392e-14 0 0)
(1.925929944e-30 0 0)
(4.909353479e-14 0 0)
(5.891224175e-14 0 0)
(8.836836263e-14 0 0)
(7.854965567e-14 0 0)
(1.178244835e-13 0 0)
(1.669180183e-13 0 0)
(2.945612088e-14 0 0)
(-1.374618974e-13 0 0)
(-2.847425018e-13 0 0)
(-2.847425018e-13 0 0)
(-1.570993113e-13 0 0)
(-9.818706959e-14 0 0)
(-4.909353479e-14 0 0)
(-4.909353479e-14 0 0)
(-3.927482783e-14 0 0)
(9.818706959e-15 0 0)
(-5.891224175e-14 0 0)
(-5.891224175e-14 0 0)
(0 0 0)
(1.374618974e-13 0 0)
(2.35648967e-13 0 0)
(1.374618974e-13 0 0)
(7.854965567e-14 0 0)
(9.818706959e-14 0 0)
(6.873094871e-14 0 0)
(8.836836263e-14 0 0)
(1.374618974e-13 0 0)
(9.818706959e-14 0 0)
(2.945612088e-14 0 0)
(-4.909353479e-14 0 0)
(-4.909353479e-14 0 0)
(2.945612088e-14 0 0)
(8.836836263e-14 0 0)
(6.873094871e-14 0 0)
(-2.945612088e-14 0 0)
(-1.963741392e-14 0 0)
(-2.945612088e-14 0 0)
(-1.669180183e-13 0 0)
(-1.669180183e-13 0 0)
(-8.836836263e-14 0 0)
(-2.945612088e-14 0 0)
(3.927482783e-14 0 0)
(1.276431905e-13 0 0)
(1.865554322e-13 0 0)
(1.178244835e-13 0 0)
(1.080057765e-13 0 0)
(1.276431905e-13 0 0)
(5.891224175e-14 0 0)
(-3.927482783e-14 0 0)
(-6.873094871e-14 0 0)
(-3.927482783e-14 0 0)
(9.818706959e-15 0 0)
(2.945612088e-14 0 0)
(-7.854965567e-14 0 0)
(-4.909353479e-14 0 0)
(6.873094871e-14 0 0)
(9.818706959e-14 0 0)
(3.927482783e-14 0 0)
(9.818706959e-14 0 0)
(8.836836263e-14 0 0)
(-7.854965567e-14 0 0)
(-1.080057765e-13 0 0)
(5.891224175e-14 0 0)
(1.276431905e-13 0 0)
(7.854965567e-14 0 0)
(1.080057765e-13 0 0)
(3.927482783e-14 0 0)
(-3.927482783e-14 0 0)
(9.818706959e-15 0 0)
(-1.963741392e-14 0 0)
(-6.873094871e-14 0 0)
(-9.818706959e-15 0 0)
(-1.080057765e-13 0 0)
(-1.865554322e-13 0 0)
(-2.945612088e-14 0 0)
(-4.909353479e-14 0 0)
(-1.374618974e-13 0 0)
(-9.818706959e-14 0 0)
(-1.374618974e-13 0 0)
(-1.080057765e-13 0 0)
(-3.927482783e-14 0 0)
(9.818706959e-15 0 0)
(2.945612088e-14 0 0)
(9.818706959e-14 0 0)
(4.909353479e-14 0 0)
(-1.276431905e-13 0 0)
(-9.818706959e-14 0 0)
(-9.818706959e-15 0 0)
(1.963741392e-14 0 0)
(-1.963741392e-14 0 0)
(-9.818706959e-15 0 0)
(-4.909353479e-14 0 0)
(-1.570993113e-13 0 0)
(-9.818706959e-14 0 0)
(9.818706959e-15 0 0)
(7.703719778e-30 0 0)
(6.873094871e-14 0 0)
(2.061928461e-13 0 0)
(1.865554322e-13 0 0)
(1.178244835e-13 0 0)
(1.178244835e-13 0 0)
(1.767367253e-13 0 0)
(1.570993113e-13 0 0)
(9.818706959e-15 0 0)
(-9.818706959e-14 0 0)
(-1.080057765e-13 0 0)
(-1.767367253e-13 0 0)
(-1.570993113e-13 0 0)
(-1.669180183e-13 0 0)
(-1.472806044e-13 0 0)
(3.927482783e-14 0 0)
(1.767367253e-13 0 0)
(2.552863809e-13 0 0)
(2.45467674e-13 0 0)
(1.080057765e-13 0 0)
(5.891224175e-14 0 0)
(5.891224175e-14 0 0)
(-3.927482783e-14 0 0)
(-3.927482783e-14 0 0)
(5.891224175e-14 0 0)
(-9.818706959e-15 0 0)
(-2.160115531e-13 0 0)
(-3.534734505e-13 0 0)
(-3.927482783e-13 0 0)
(-2.061928461e-13 0 0)
(-9.818706959e-15 0 0)
(1.767367253e-13 0 0)
(2.749237948e-13 0 0)
(1.669180183e-13 0 0)
(1.178244835e-13 0 0)
(8.836836263e-14 0 0)
(5.891224175e-14 0 0)
(7.854965567e-14 0 0)
(1.865554322e-13 0 0)
(1.472806044e-13 0 0)
(7.703719778e-30 0 0)
(5.891224175e-14 0 0)
(-4.909353479e-14 0 0)
(-1.767367253e-13 0 0)
(-9.818706959e-14 0 0)
(-4.909353479e-14 0 0)
(-9.818706959e-15 0 0)
(-1.963741392e-14 0 0)
(-7.854965567e-14 0 0)
(-1.276431905e-13 0 0)
(-4.909353479e-14 0 0)
(1.865554322e-13 0 0)
(2.847425018e-13 0 0)
(2.35648967e-13 0 0)
(1.080057765e-13 0 0)
(9.818706959e-15 0 0)
(2.945612088e-14 0 0)
(-3.927482783e-14 0 0)
(-6.873094871e-14 0 0)
(-1.374618974e-13 0 0)
(-1.963741392e-13 0 0)
(-2.160115531e-13 0 0)
(-1.767367253e-13 0 0)
(2.945612088e-14 0 0)
(5.891224175e-14 0 0)
(9.818706959e-15 0 0)
(8.836836263e-14 0 0)
(2.945612088e-14 0 0)
(-2.945612088e-14 0 0)
(9.818706959e-15 0 0)
(9.818706959e-15 0 0)
(2.945612088e-14 0 0)
(-4.909353479e-14 0 0)
(-1.374618974e-13 0 0)
(-1.570993113e-13 0 0)
(-1.669180183e-13 0 0)
(-1.570993113e-13 0 0)
(-1.767367253e-13 0 0)
(-1.276431905e-13 0 0)
(1.963741392e-14 0 0)
(1.570993113e-13 0 0)
(1.669180183e-13 0 0)
(1.178244835e-13 0 0)
(-6.873094871e-14 0 0)
(-1.963741392e-13 0 0)
(1.963741392e-14 0 0)
(1.767367253e-13 0 0)
(1.276431905e-13 0 0)
(9.818706959e-14 0 0)
(1.669180183e-13 0 0)
(1.865554322e-13 0 0)
(5.891224175e-14 0 0)
(-1.276431905e-13 0 0)
(-2.160115531e-13 0 0)
(-1.178244835e-13 0 0)
(5.777789833e-30 0 0)
(1.963741392e-14 0 0)
(-1.963741392e-14 0 0)
(-1.080057765e-13 0 0)
(-1.472806044e-13 0 0)
(-1.374618974e-13 0 0)
(-1.276431905e-13 0 0)
(-1.963741392e-14 0 0)
(5.891224175e-14 0 0)
(2.945612088e-14 0 0)
(1.925929944e-30 0 0)
(3.927482783e-14 0 0)
(1.276431905e-13 0 0)
(2.160115531e-13 0 0)
(2.160115531e-13 0 0)
(1.276431905e-13 0 0)
(1.472806044e-13 0 0)
(2.160115531e-13 0 0)
(5.891224175e-14 0 0)
(-5.891224175e-14 0 0)
(-8.836836263e-14 0 0)
(-1.570993113e-13 0 0)
(-1.570993113e-13 0 0)
(-1.767367253e-13 0 0)
(-8.836836263e-14 0 0)
(-1.963741392e-14 0 0)
(-1.963741392e-14 0 0)
(-5.891224175e-14 0 0)
(-3.927482783e-14 0 0)
(0 0 0)
(-5.891224175e-14 0 0)
(-3.927482783e-14 0 0)
(3.927482783e-14 0 0)
(1.178244835e-13 0 0)
(1.570993113e-13 0 0)
(5.891224175e-14 0 0)
(1.963741392e-14 0 0)
(0 0 0)
(-9.818706959e-14 0 0)
(-5.891224175e-14 0 0)
(-1.472806044e-13 0 0)
(-1.963741392e-13 0 0)
(-1.963741392e-14 0 0)
(9.818706959e-15 0 0)
(7.703719778e-30 0 0)
(-3.851859889e-30 0 0)
(-9.818706959e-15 0 0)
(5.891224175e-14 0 0)
(1.178244835e-13 0 0)
(1.080057765e-13 0 0)
(7.854965567e-14 0 0)
(5.891224175e-14 0 0)
(3.927482783e-14 0 0)
(-9.818706959e-15 0 0)
(-4.909353479e-14 0 0)
(6.873094871e-14 0 0)
(7.854965567e-14 0 0)
(-1.963741392e-14 0 0)
(-1.963741392e-14 0 0)
(-2.945612088e-14 0 0)
(-7.854965567e-14 0 0)
(-1.178244835e-13 0 0)
(-1.374618974e-13 0 0)
(-1.669180183e-13 0 0)
(-7.854965567e-14 0 0)
(-3.927482783e-14 0 0)
(1.963741392e-14 0 0)
(8.836836263e-14 0 0)
(1.963741392e-14 0 0)
(-9.818706959e-14 0 0)
(-7.854965567e-14 0 0)
(-7.703719778e-30 0 0)
(8.836836263e-14 0 0)
(2.651050879e-13 0 0)
(1.472806044e-13 0 0)
(9.818706959e-15 0 0)
(2.945612088e-14 0 0)
(-9.818706959e-15 0 0)
(-2.945612088e-14 0 0)
(4.909353479e-14 0 0)
(0 0 0)
(-1.540743956e-29 0 0)
(1.767367253e-13 0 0)
(1.865554322e-13 0 0)
(6.873094871e-14 0 0)
(9.818706959e-15 0 0)
(1.080057765e-13 0 0)
(1.178244835e-13 0 0)
(2.945612088e-14 0 0)
(-6.873094871e-14 0 0)
(-1.276431905e-13 0 0)
(-1.276431905e-13 0 0)
(-1.570993113e-13 0 0)
(-1.276431905e-13 0 0)
(-9.818706959e-14 0 0)
(-9.818706959e-15 0 0)
(4.622231867e-29 0 0)
(-1.178244835e-13 0 0)
(-2.160115531e-13 0 0)
(-2.061928461e-13 0 0)
(-1.080057765e-13 0 0)
(-2.945612088e-14 0 0)
(-2.945612088e-14 0 0)
(-1.080057765e-13 0 0)
(-1.767367253e-13 0 0)
(-1.472806044e-13 0 0)
(1.178244835e-13 0 0)
(3.043799157e-13 0 0)
(1.767367253e-13 0 0)
(2.945612088e-14 0 0)
(-3.927482783e-14 0 0)
(9.818706959e-15 0 0)
(6.873094871e-14 0 0)
(-9.818706959e-15 0 0)
(1.963741392e-14 0 0)
(4.909353479e-14 0 0)
(-1.963741392e-14 0 0)
(9.818706959e-15 0 0)
(8.836836263e-14 0 0)
(1.374618974e-13 0 0)
(1.865554322e-13 0 0)
(5.891224175e-14 0 0)
(-1.767367253e-13 0 0)
(-1.865554322e-13 0 0)
(-2.35648967e-13 0 0)
(-2.847425018e-13 0 0)
(-2.45467674e-13 0 0)
(-2.35648967e-13 0 0)
(-2.061928461e-13 0 0)
(-9.818706959e-14 0 0)
(9.818706959e-14 0 0)
(1.767367253e-13 0 0)
(1.276431905e-13 0 0)
(1.276431905e-13 0 0)
(1.570993113e-13 0 0)
(1.963741392e-13 0 0)
(2.45467674e-13 0 0)
(2.061928461e-13 0 0)
(1.669180183e-13 0 0)
(1.178244835e-13 0 0)
(1.080057765e-13 0 0)
(7.854965567e-14 0 0)
(9.818706959e-15 0 0)
(-3.927482783e-14 0 0)
(-8.836836263e-14 0 0)
(-3.927482783e-14 0 0)
(2.945612088e-14 0 0)
(5.891224175e-14 0 0)
(9.818706959e-15 0 0)
(2.945612088e-14 0 0)
(-9.818706959e-15 0 0)
(-1.767367253e-13 0 0)
(-2.945612088e-13 0 0)
(-3.927482783e-13 0 0)
(-3.338360366e-13 0 0)
(-1.276431905e-13 0 0)
(7.854965567e-14 0 0)
(1.963741392e-14 0 0)
(-1.963741392e-14 0 0)
(9.818706959e-14 0 0)
(6.873094871e-14 0 0)
(9.818706959e-14 0 0)
(1.963741392e-13 0 0)
(1.963741392e-13 0 0)
(9.818706959e-14 0 0)
(4.909353479e-14 0 0)
(-2.945612088e-14 0 0)
(-8.836836263e-14 0 0)
(7.854965567e-14 0 0)
(2.2583026e-13 0 0)
(2.45467674e-13 0 0)
(1.276431905e-13 0 0)
(-3.927482783e-14 0 0)
(9.818706959e-15 0 0)
(1.276431905e-13 0 0)
(4.909353479e-14 0 0)
(-7.854965567e-14 0 0)
(-1.178244835e-13 0 0)
(-1.080057765e-13 0 0)
(-3.927482783e-14 0 0)
(5.891224175e-14 0 0)
(-9.818706959e-15 0 0)
(-1.080057765e-13 0 0)
(1.080057765e-13 0 0)
(1.963741392e-13 0 0)
(1.472806044e-13 0 0)
(1.374618974e-13 0 0)
(9.818706959e-15 0 0)
(-2.945612088e-14 0 0)
(-1.080057765e-13 0 0)
(-1.767367253e-13 0 0)
(-1.865554322e-13 0 0)
(-2.160115531e-13 0 0)
(-1.865554322e-13 0 0)
(-9.818706959e-14 0 0)
(-2.945612088e-14 0 0)
(2.945612088e-14 0 0)
(1.080057765e-13 0 0)
(1.080057765e-13 0 0)
(5.891224175e-14 0 0)
(1.080057765e-13 0 0)
(1.276431905e-13 0 0)
(5.891224175e-14 0 0)
(1.570993113e-13 0 0)
(2.45467674e-13 0 0)
(2.651050879e-13 0 0)
(1.963741392e-13 0 0)
(-2.311115933e-29 0 0)
(-2.061928461e-13 0 0)
(-2.749237948e-13 0 0)
(-1.276431905e-13 0 0)
(0 0 0)
(8.836836263e-14 0 0)
(1.767367253e-13 0 0)
(1.865554322e-13 0 0)
(1.276431905e-13 0 0)
(5.891224175e-14 0 0)
(3.927482783e-14 0 0)
(5.891224175e-14 0 0)
(2.945612088e-14 0 0)
(-4.909353479e-14 0 0)
(-1.276431905e-13 0 0)
(-1.374618974e-13 0 0)
(-1.276431905e-13 0 0)
(-1.080057765e-13 0 0)
(-3.927482783e-14 0 0)
(1.178244835e-13 0 0)
(2.2583026e-13 0 0)
(7.854965567e-14 0 0)
(-3.927482783e-14 0 0)
(3.927482783e-14 0 0)
(1.669180183e-13 0 0)
(1.374618974e-13 0 0)
(1.963741392e-14 0 0)
(0 0 0)
(-8.836836263e-14 0 0)
(-1.570993113e-13 0 0)
(-3.927482783e-14 0 0)
(1.669180183e-13 0 0)
(9.818706959e-14 0 0)
(-1.865554322e-13 0 0)
(-1.865554322e-13 0 0)
(9.818706959e-15 0 0)
(8.836836263e-14 0 0)
(5.891224175e-14 0 0)
(-7.703719778e-30 0 0)
(0 0 0)
(-2.945612088e-14 0 0)
(-6.873094871e-14 0 0)
(-5.891224175e-14 0 0)
(-7.854965567e-14 0 0)
(-1.669180183e-13 0 0)
(-2.45467674e-13 0 0)
(-1.963741392e-14 0 0)
(2.35648967e-13 0 0)
(2.160115531e-13 0 0)
(1.276431905e-13 0 0)
(3.927482783e-14 0 0)
(-1.925929944e-30 0 0)
(3.927482783e-14 0 0)
(3.851859889e-30 0 0)
(-8.836836263e-14 0 0)
(-5.891224175e-14 0 0)
(-1.374618974e-13 0 0)
(-2.552863809e-13 0 0)
(-1.080057765e-13 0 0)
(-5.891224175e-14 0 0)
(-1.276431905e-13 0 0)
(-1.178244835e-13 0 0)
(-7.854965567e-14 0 0)
(9.818706959e-15 0 0)
(9.818706959e-15 0 0)
(-5.891224175e-14 0 0)
(-1.178244835e-13 0 0)
(-1.178244835e-13 0 0)
(-9.818706959e-15 0 0)
(6.873094871e-14 0 0)
(5.891224175e-14 0 0)
(1.963741392e-14 0 0)
(1.570993113e-13 0 0)
(2.2583026e-13 0 0)
(1.080057765e-13 0 0)
(4.909353479e-14 0 0)
(-3.927482783e-14 0 0)
(-6.873094871e-14 0 0)
(2.945612088e-14 0 0)
(1.080057765e-13 0 0)
(1.080057765e-13 0 0)
(7.854965567e-14 0 0)
(1.374618974e-13 0 0)
(1.669180183e-13 0 0)
(8.836836263e-14 0 0)
(5.891224175e-14 0 0)
(-6.873094871e-14 0 0)
(-1.276431905e-13 0 0)
(-1.178244835e-13 0 0)
(-1.767367253e-13 0 0)
(-1.472806044e-13 0 0)
(2.945612088e-14 0 0)
(2.061928461e-13 0 0)
(1.570993113e-13 0 0)
(4.909353479e-14 0 0)
(5.891224175e-14 0 0)
(1.080057765e-13 0 0)
(6.873094871e-14 0 0)
(-4.909353479e-14 0 0)
(-1.963741392e-13 0 0)
(-1.767367253e-13 0 0)
(-1.080057765e-13 0 0)
(-1.276431905e-13 0 0)
(-3.927482783e-14 0 0)
(6.873094871e-14 0 0)
(8.836836263e-14 0 0)
(1.963741392e-14 0 0)
(-1.374618974e-13 0 0)
(-1.669180183e-13 0 0)
(-1.963741392e-14 0 0)
(2.945612088e-14 0 0)
(-1.963741392e-14 0 0)
(-9.818706959e-14 0 0)
(-1.374618974e-13 0 0)
(9.818706959e-15 0 0)
(1.178244835e-13 0 0)
(5.891224175e-14 0 0)
(4.909353479e-14 0 0)
(1.963741392e-13 0 0)
(3.240173296e-13 0 0)
(2.847425018e-13 0 0)
(1.472806044e-13 0 0)
(-5.891224175e-14 0 0)
(-1.276431905e-13 0 0)
(-3.927482783e-14 0 0)
(3.927482783e-14 0 0)
(8.836836263e-14 0 0)
(-9.818706959e-15 0 0)
(-1.963741392e-13 0 0)
(-1.472806044e-13 0 0)
(-9.818706959e-15 0 0)
(2.945612088e-14 0 0)
(3.851859889e-30 0 0)
(5.891224175e-14 0 0)
(1.080057765e-13 0 0)
(6.873094871e-14 0 0)
(2.311115933e-29 0 0)
(-1.472806044e-13 0 0)
(-1.570993113e-13 0 0)
(-1.374618974e-13 0 0)
(-2.45467674e-13 0 0)
(-3.043799157e-13 0 0)
(-1.178244835e-13 0 0)
(8.836836263e-14 0 0)
(1.374618974e-13 0 0)
(5.891224175e-14 0 0)
(7.854965567e-14 0 0)
(1.276431905e-13 0 0)
(1.374618974e-13 0 0)
(1.276431905e-13 0 0)
(-1.963741392e-14 0 0)
(-3.927482783e-14 0 0)
(1.963741392e-14 0 0)
(-2.945612088e-14 0 0)
(-1.963741392e-14 0 0)
(7.854965567e-14 0 0)
(4.909353479e-14 0 0)
(2.945612088e-14 0 0)
(4.909353479e-14 0 0)
(-1.963741392e-14 0 0)
(-4.909353479e-14 0 0)
(1.963741392e-14 0 0)
(2.945612088e-14 0 0)
(9.818706959e-15 0 0)
(5.891224175e-14 0 0)
(1.080057765e-13 0 0)
(7.854965567e-14 0 0)
(3.927482783e-14 0 0)
(-9.818706959e-15 0 0)
(-1.080057765e-13 0 0)
(-1.570993113e-13 0 0)
(-1.865554322e-13 0 0)
(-1.374618974e-13 0 0)
(-3.927482783e-14 0 0)
(4.909353479e-14 0 0)
(1.178244835e-13 0 0)
(1.178244835e-13 0 0)
(-9.818706959e-15 0 0)
(-1.570993113e-13 0 0)
(-2.160115531e-13 0 0)
(-1.767367253e-13 0 0)
(-5.891224175e-14 0 0)
(7.854965567e-14 0 0)
(1.963741392e-13 0 0)
(3.240173296e-13 0 0)
(3.240173296e-13 0 0)
(1.767367253e-13 0 0)
(8.836836263e-14 0 0)
(5.891224175e-14 0 0)
(-5.891224175e-14 0 0)
(-1.374618974e-13 0 0)
(-4.909353479e-14 0 0)
(1.963741392e-14 0 0)
(-6.873094871e-14 0 0)
(-8.836836263e-14 0 0)
(-9.818706959e-15 0 0)
(-2.945612088e-14 0 0)
(5.891224175e-14 0 0)
(4.909353479e-14 0 0)
(-9.818706959e-14 0 0)
(-1.472806044e-13 0 0)
(-2.45467674e-13 0 0)
(-3.338360366e-13 0 0)
(-3.632921575e-13 0 0)
(-3.436547436e-13 0 0)
(-2.552863809e-13 0 0)
(-1.669180183e-13 0 0)
(-9.818706959e-14 0 0)
(-1.080057765e-13 0 0)
(-6.873094871e-14 0 0)
(4.909353479e-14 0 0)
(1.472806044e-13 0 0)
(2.749237948e-13 0 0)
(2.35648967e-13 0 0)
(2.35648967e-13 0 0)
(2.749237948e-13 0 0)
(1.178244835e-13 0 0)
(-9.818706959e-14 0 0)
(-1.178244835e-13 0 0)
(-3.927482783e-14 0 0)
(7.854965567e-14 0 0)
(2.749237948e-13 0 0)
(1.767367253e-13 0 0)
(4.909353479e-14 0 0)
(-9.818706959e-15 0 0)
(-4.909353479e-14 0 0)
(6.873094871e-14 0 0)
(9.818706959e-14 0 0)
(7.854965567e-14 0 0)
(-9.818706959e-15 0 0)
(-4.909353479e-14 0 0)
(5.891224175e-14 0 0)
(1.963741392e-13 0 0)
(2.552863809e-13 0 0)
(1.865554322e-13 0 0)
(1.570993113e-13 0 0)
(1.080057765e-13 0 0)
(1.963741392e-14 0 0)
(-1.178244835e-13 0 0)
(-1.767367253e-13 0 0)
(-1.472806044e-13 0 0)
(-1.276431905e-13 0 0)
(-1.080057765e-13 0 0)
(-1.472806044e-13 0 0)
(-1.767367253e-13 0 0)
(-1.570993113e-13 0 0)
(2.945612088e-14 0 0)
(1.669180183e-13 0 0)
(3.927482783e-14 0 0)
(1.963741392e-14 0 0)
(-9.818706959e-15 0 0)
(-1.472806044e-13 0 0)
(-1.374618974e-13 0 0)
(-5.891224175e-14 0 0)
(2.945612088e-14 0 0)
(1.374618974e-13 0 0)
(3.927482783e-14 0 0)
(-2.945612088e-14 0 0)
(1.963741392e-14 0 0)
(-1.963741392e-14 0 0)
(0 0 0)
(-5.891224175e-14 0 0)
(-7.854965567e-14 0 0)
(0 0 0)
(0 0 0)
(0 0 0)
(4.909353479e-14 0 0)
(1.472806044e-13 0 0)
(2.651050879e-13 0 0)
(2.45467674e-13 0 0)
(2.2583026e-13 0 0)
(2.651050879e-13 0 0)
(1.570993113e-13 0 0)
(0 0 0)
(-1.080057765e-13 0 0)
(-1.963741392e-13 0 0)
(-3.141986227e-13 0 0)
(-3.043799157e-13 0 0)
(-2.061928461e-13 0 0)
(-9.818706959e-15 0 0)
(9.818706959e-14 0 0)
(6.873094871e-14 0 0)
(1.767367253e-13 0 0)
(2.2583026e-13 0 0)
(9.818706959e-14 0 0)
(9.818706959e-14 0 0)
(2.061928461e-13 0 0)
(1.963741392e-13 0 0)
(8.836836263e-14 0 0)
(-9.818706959e-15 0 0)
(-4.909353479e-14 0 0)
(-6.873094871e-14 0 0)
(-3.927482783e-14 0 0)
(4.909353479e-14 0 0)
(-1.540743956e-29 0 0)
(-1.472806044e-13 0 0)
(-1.472806044e-13 0 0)
(-9.818706959e-14 0 0)
(-1.178244835e-13 0 0)
(-3.927482783e-14 0 0)
(3.927482783e-14 0 0)
(-4.909353479e-14 0 0)
(-9.818706959e-14 0 0)
(9.818706959e-15 0 0)
(1.472806044e-13 0 0)
(8.836836263e-14 0 0)
(1.374618974e-13 0 0)
(1.963741392e-13 0 0)
(1.767367253e-13 0 0)
(1.276431905e-13 0 0)
(-8.836836263e-14 0 0)
(-2.35648967e-13 0 0)
(-2.847425018e-13 0 0)
(-2.35648967e-13 0 0)
(-2.2583026e-13 0 0)
(-3.240173296e-13 0 0)
(-2.847425018e-13 0 0)
(-1.767367253e-13 0 0)
(-1.767367253e-13 0 0)
(-1.767367253e-13 0 0)
(-1.472806044e-13 0 0)
(-1.540743956e-29 0 0)
(9.818706959e-14 0 0)
(2.945612088e-14 0 0)
(-7.854965567e-14 0 0)
(-1.472806044e-13 0 0)
(-4.909353479e-14 0 0)
(1.963741392e-13 0 0)
(4.123856923e-13 0 0)
(3.731108644e-13 0 0)
(2.160115531e-13 0 0)
(1.767367253e-13 0 0)
(4.909353479e-14 0 0)
(-2.160115531e-13 0 0)
(-3.141986227e-13 0 0)
(-2.45467674e-13 0 0)
(-1.276431905e-13 0 0)
(1.963741392e-14 0 0)
(1.178244835e-13 0 0)
(5.891224175e-14 0 0)
(-1.925929944e-30 0 0)
(4.909353479e-14 0 0)
(1.276431905e-13 0 0)
(1.669180183e-13 0 0)
(1.767367253e-13 0 0)
(2.651050879e-13 0 0)
(3.043799157e-13 0 0)
(1.767367253e-13 0 0)
(-3.081487911e-29 0 0)
(-7.854965567e-14 0 0)
(1.963741392e-14 0 0)
(1.963741392e-14 0 0)
(-6.873094871e-14 0 0)
(-4.909353479e-14 0 0)
(-1.865554322e-13 0 0)
(-4.222043992e-13 0 0)
(-4.222043992e-13 0 0)
(-1.767367253e-13 0 0)
(-9.818706959e-15 0 0)
(-1.963741392e-14 0 0)
(-1.963741392e-14 0 0)
(-1.963741392e-14 0 0)
(-2.945612088e-14 0 0)
(-2.945612088e-14 0 0)
(1.963741392e-14 0 0)
(7.854965567e-14 0 0)
(8.836836263e-14 0 0)
(1.080057765e-13 0 0)
(2.2583026e-13 0 0)
(2.2583026e-13 0 0)
(1.963741392e-13 0 0)
(2.45467674e-13 0 0)
(1.669180183e-13 0 0)
(1.080057765e-13 0 0)
(1.080057765e-13 0 0)
(2.945612088e-14 0 0)
(1.963741392e-14 0 0)
(1.570993113e-13 0 0)
(4.909353479e-14 0 0)
(-2.651050879e-13 0 0)
(-2.45467674e-13 0 0)
(-1.178244835e-13 0 0)
(-1.178244835e-13 0 0)
(-1.472806044e-13 0 0)
(-2.061928461e-13 0 0)
(-1.963741392e-14 0 0)
(1.276431905e-13 0 0)
(6.873094871e-14 0 0)
(1.276431905e-13 0 0)
(2.2583026e-13 0 0)
(1.669180183e-13 0 0)
(-6.873094871e-14 0 0)
(-1.472806044e-13 0 0)
(-5.891224175e-14 0 0)
(-1.374618974e-13 0 0)
(-1.963741392e-13 0 0)
(-1.865554322e-13 0 0)
(-8.836836263e-14 0 0)
(6.873094871e-14 0 0)
(9.818706959e-14 0 0)
(1.276431905e-13 0 0)
(1.570993113e-13 0 0)
(9.818706959e-14 0 0)
(9.818706959e-15 0 0)
(3.927482783e-14 0 0)
(1.963741392e-14 0 0)
(-2.945612088e-14 0 0)
(9.818706959e-15 0 0)
(-4.909353479e-14 0 0)
(-7.854965567e-14 0 0)
(8.836836263e-14 0 0)
(2.2583026e-13 0 0)
(1.865554322e-13 0 0)
(1.080057765e-13 0 0)
(4.909353479e-14 0 0)
(-1.963741392e-14 0 0)
(-7.854965567e-14 0 0)
(-8.836836263e-14 0 0)
(-1.276431905e-13 0 0)
(-6.873094871e-14 0 0)
(-6.873094871e-14 0 0)
(-1.080057765e-13 0 0)
(-1.178244835e-13 0 0)
(-1.374618974e-13 0 0)
(-1.963741392e-13 0 0)
(-3.240173296e-13 0 0)
(-1.963741392e-13 0 0)
(-7.854965567e-14 0 0)
(-1.570993113e-13 0 0)
(-9.818706959e-14 0 0)
(-5.891224175e-14 0 0)
(0 0 0)
(3.927482783e-14 0 0)
(-9.818706959e-14 0 0)
(-1.669180183e-13 0 0)
(0 0 0)
(1.472806044e-13 0 0)
(7.854965567e-14 0 0)
(3.927482783e-14 0 0)
(-3.927482783e-14 0 0)
(2.945612088e-14 0 0)
(1.865554322e-13 0 0)
(3.043799157e-13 0 0)
(2.061928461e-13 0 0)
(-1.963741392e-14 0 0)
(7.854965567e-14 0 0)
(1.472806044e-13 0 0)
(1.472806044e-13 0 0)
(1.374618974e-13 0 0)
(6.873094871e-14 0 0)
(1.963741392e-14 0 0)
(-2.945612088e-14 0 0)
(-4.909353479e-14 0 0)
(-1.178244835e-13 0 0)
(-4.909353479e-14 0 0)
(6.873094871e-14 0 0)
(4.909353479e-14 0 0)
(-5.891224175e-14 0 0)
(-1.178244835e-13 0 0)
(-6.873094871e-14 0 0)
(-1.472806044e-13 0 0)
(-1.865554322e-13 0 0)
(-2.061928461e-13 0 0)
(-9.818706959e-14 0 0)
(9.818706959e-14 0 0)
(1.669180183e-13 0 0)
(2.2583026e-13 0 0)
(1.767367253e-13 0 0)
(4.909353479e-14 0 0)
(9.818706959e-15 0 0)
(3.927482783e-14 0 0)
(1.178244835e-13 0 0)
(5.891224175e-14 0 0)
(-7.854965567e-14 0 0)
(-5.891224175e-14 0 0)
(5.891224175e-14 0 0)
(5.891224175e-14 0 0)
(-3.927482783e-14 0 0)
(2.945612088e-14 0 0)
(1.276431905e-13 0 0)
(9.818706959e-14 0 0)
(-3.927482783e-14 0 0)
(-1.080057765e-13 0 0)
(-6.873094871e-14 0 0)
(-9.818706959e-15 0 0)
(5.777789833e-30 0 0)
(2.945612088e-14 0 0)
(-4.909353479e-14 0 0)
(-1.570993113e-13 0 0)
(-6.873094871e-14 0 0)
(1.963741392e-14 0 0)
(9.818706959e-14 0 0)
(1.080057765e-13 0 0)
(7.854965567e-14 0 0)
(6.873094871e-14 0 0)
(-7.854965567e-14 0 0)
(-6.873094871e-14 0 0)
(-3.927482783e-14 0 0)
(-1.570993113e-13 0 0)
(-2.2583026e-13 0 0)
(-1.669180183e-13 0 0)
(9.818706959e-15 0 0)
(8.836836263e-14 0 0)
(1.669180183e-13 0 0)
(2.2583026e-13 0 0)
(1.767367253e-13 0 0)
(9.818706959e-14 0 0)
(2.945612088e-14 0 0)
(-3.927482783e-14 0 0)
(-5.891224175e-14 0 0)
(-9.818706959e-15 0 0)
(1.963741392e-14 0 0)
(0 0 0)
(-5.891224175e-14 0 0)
(-5.891224175e-14 0 0)
(0 0 0)
(1.963741392e-14 0 0)
(-2.945612088e-14 0 0)
(-1.472806044e-13 0 0)
(-1.374618974e-13 0 0)
(-7.854965567e-14 0 0)
(-6.873094871e-14 0 0)
(-1.963741392e-14 0 0)
(-1.963741392e-14 0 0)
(-3.927482783e-14 0 0)
(-2.945612088e-14 0 0)
(9.818706959e-15 0 0)
(4.909353479e-14 0 0)
(-7.854965567e-14 0 0)
(-1.276431905e-13 0 0)
(-9.818706959e-14 0 0)
(-7.854965567e-14 0 0)
(5.891224175e-14 0 0)
(1.472806044e-13 0 0)
(2.45467674e-13 0 0)
(2.160115531e-13 0 0)
(1.669180183e-13 0 0)
(8.836836263e-14 0 0)
(-7.703719778e-30 0 0)
(4.909353479e-14 0 0)
(1.178244835e-13 0 0)
(5.891224175e-14 0 0)
(6.873094871e-14 0 0)
(1.276431905e-13 0 0)
(3.927482783e-14 0 0)
(-3.927482783e-14 0 0)
(-1.178244835e-13 0 0)
(-1.080057765e-13 0 0)
(-1.178244835e-13 0 0)
(-1.178244835e-13 0 0)
(-6.873094871e-14 0 0)
(3.927482783e-14 0 0)
(1.080057765e-13 0 0)
(2.945612088e-14 0 0)
(9.818706959e-15 0 0)
(0 0 0)
(9.818706959e-15 0 0)
(0 0 0)
(-1.669180183e-13 0 0)
(-2.35648967e-13 0 0)
(-1.570993113e-13 0 0)
(-6.873094871e-14 0 0)
(6.873094871e-14 0 0)
(1.767367253e-13 0 0)
(2.2583026e-13 0 0)
(2.061928461e-13 0 0)
(1.472806044e-13 0 0)
(1.080057765e-13 0 0)
(7.854965567e-14 0 0)
(5.891224175e-14 0 0)
(4.909353479e-14 0 0)
(0 0 0)
(-9.818706959e-15 0 0)
(1.963741392e-14 0 0)
(-1.374618974e-13 0 0)
(-2.160115531e-13 0 0)
(-1.080057765e-13 0 0)
(-2.945612088e-14 0 0)
(-4.909353479e-14 0 0)
(-1.080057765e-13 0 0)
(-2.061928461e-13 0 0)
(-2.2583026e-13 0 0)
(-4.909353479e-14 0 0)
(4.909353479e-14 0 0)
(7.854965567e-14 0 0)
(9.818706959e-14 0 0)
(1.276431905e-13 0 0)
(2.061928461e-13 0 0)
(1.767367253e-13 0 0)
(4.909353479e-14 0 0)
(-3.927482783e-14 0 0)
(-9.818706959e-14 0 0)
(-1.472806044e-13 0 0)
(-2.45467674e-13 0 0)
(-2.061928461e-13 0 0)
(-4.909353479e-14 0 0)
(-3.927482783e-14 0 0)
(-5.891224175e-14 0 0)
(-6.873094871e-14 0 0)
(-5.891224175e-14 0 0)
(-9.818706959e-15 0 0)
(1.865554322e-13 0 0)
(3.436547436e-13 0 0)
(2.651050879e-13 0 0)
(9.818706959e-14 0 0)
(9.818706959e-15 0 0)
(-3.927482783e-14 0 0)
(-1.276431905e-13 0 0)
(-5.891224175e-14 0 0)
(4.909353479e-14 0 0)
(9.818706959e-15 0 0)
(-7.703719778e-30 0 0)
(1.963741392e-14 0 0)
(1.963741392e-14 0 0)
(9.818706959e-14 0 0)
(6.873094871e-14 0 0)
(1.925929944e-30 0 0)
(4.909353479e-14 0 0)
(4.909353479e-14 0 0)
(4.909353479e-14 0 0)
(9.818706959e-14 0 0)
(4.909353479e-14 0 0)
(-1.963741392e-14 0 0)
(-8.836836263e-14 0 0)
(-1.865554322e-13 0 0)
(-8.836836263e-14 0 0)
(-9.818706959e-14 0 0)
(-3.043799157e-13 0 0)
(-3.927482783e-13 0 0)
(-2.847425018e-13 0 0)
(-1.276431905e-13 0 0)
(4.909353479e-14 0 0)
(2.45467674e-13 0 0)
(2.35648967e-13 0 0)
(2.945612088e-13 0 0)
(3.141986227e-13 0 0)
(1.178244835e-13 0 0)
(1.963741392e-14 0 0)
(-9.818706959e-14 0 0)
(-1.767367253e-13 0 0)
(-1.865554322e-13 0 0)
(-1.276431905e-13 0 0)
(-6.873094871e-14 0 0)
(1.080057765e-13 0 0)
(2.945612088e-13 0 0)
(1.669180183e-13 0 0)
(2.061928461e-13 0 0)
(1.767367253e-13 0 0)
(1.963741392e-14 0 0)
(1.925929944e-30 0 0)
(4.909353479e-14 0 0)
(2.945612088e-14 0 0)
(-1.374618974e-13 0 0)
(-1.767367253e-13 0 0)
(-5.891224175e-14 0 0)
(9.818706959e-15 0 0)
(-1.963741392e-14 0 0)
(-9.818706959e-15 0 0)
(-2.945612088e-14 0 0)
(-8.836836263e-14 0 0)
(-9.818706959e-15 0 0)
(1.570993113e-13 0 0)
(1.374618974e-13 0 0)
(7.854965567e-14 0 0)
(1.767367253e-13 0 0)
(1.472806044e-13 0 0)
(6.873094871e-14 0 0)
(9.818706959e-14 0 0)
(2.945612088e-14 0 0)
(-1.472806044e-13 0 0)
(-2.061928461e-13 0 0)
(-3.043799157e-13 0 0)
(-3.731108644e-13 0 0)
(-3.534734505e-13 0 0)
(-4.320231062e-13 0 0)
(-2.651050879e-13 0 0)
(-4.909353479e-14 0 0)
(-1.963741392e-14 0 0)
(4.909353479e-14 0 0)
(1.570993113e-13 0 0)
(1.178244835e-13 0 0)
(1.080057765e-13 0 0)
(1.767367253e-13 0 0)
(9.818706959e-14 0 0)
(4.909353479e-14 0 0)
(8.836836263e-14 0 0)
(1.570993113e-13 0 0)
(1.472806044e-13 0 0)
(7.854965567e-14 0 0)
(3.851859889e-30 0 0)
(-9.818706959e-15 0 0)
(1.963741392e-14 0 0)
(9.818706959e-15 0 0)
(1.570993113e-13 0 0)
(3.043799157e-13 0 0)
(2.651050879e-13 0 0)
(1.570993113e-13 0 0)
(3.081487911e-29 0 0)
(-6.873094871e-14 0 0)
(-9.818706959e-14 0 0)
(-2.160115531e-13 0 0)
(-3.338360366e-13 0 0)
(-3.436547436e-13 0 0)
(-1.865554322e-13 0 0)
(-1.080057765e-13 0 0)
(-7.854965567e-14 0 0)
(-4.909353479e-14 0 0)
(-7.703719778e-30 0 0)
(9.818706959e-14 0 0)
(1.080057765e-13 0 0)
(1.669180183e-13 0 0)
(1.276431905e-13 0 0)
(4.909353479e-14 0 0)
(5.891224175e-14 0 0)
(7.703719778e-30 0 0)
(-2.945612088e-14 0 0)
(5.891224175e-14 0 0)
(6.873094871e-14 0 0)
(2.945612088e-14 0 0)
(8.836836263e-14 0 0)
(1.178244835e-13 0 0)
(1.178244835e-13 0 0)
(1.276431905e-13 0 0)
(6.873094871e-14 0 0)
(-9.818706959e-15 0 0)
(-4.909353479e-14 0 0)
(-6.873094871e-14 0 0)
(-1.472806044e-13 0 0)
(-1.374618974e-13 0 0)
(-1.963741392e-14 0 0)
(8.836836263e-14 0 0)
(6.873094871e-14 0 0)
(-4.909353479e-14 0 0)
(-9.818706959e-14 0 0)
(-1.669180183e-13 0 0)
(-1.080057765e-13 0 0)
(0 0 0)
(-2.945612088e-14 0 0)
(-2.945612088e-14 0 0)
(1.767367253e-13 0 0)
(1.963741392e-13 0 0)
(1.472806044e-13 0 0)
(1.374618974e-13 0 0)
(1.276431905e-13 0 0)
(1.963741392e-13 0 0)
(1.080057765e-13 0 0)
(-2.945612088e-14 0 0)
(-1.472806044e-13 0 0)
(-1.865554322e-13 0 0)
(-1.767367253e-13 0 0)
(-1.472806044e-13 0 0)
(9.818706959e-15 0 0)
(9.818706959e-14 0 0)
(1.963741392e-14 0 0)
(1.080057765e-13 0 0)
(1.963741392e-13 0 0)
(3.927482783e-14 0 0)
(-1.374618974e-13 0 0)
(-2.2583026e-13 0 0)
(-2.2583026e-13 0 0)
(-2.2583026e-13 0 0)
(-2.35648967e-13 0 0)
(-1.865554322e-13 0 0)
(-1.374618974e-13 0 0)
(-2.945612088e-14 0 0)
(2.945612088e-14 0 0)
(5.891224175e-14 0 0)
(2.945612088e-14 0 0)
(-5.891224175e-14 0 0)
(-9.818706959e-15 0 0)
(5.891224175e-14 0 0)
(2.061928461e-13 0 0)
(3.534734505e-13 0 0)
(3.534734505e-13 0 0)
(2.061928461e-13 0 0)
(1.178244835e-13 0 0)
(1.669180183e-13 0 0)
(1.472806044e-13 0 0)
(2.945612088e-14 0 0)
(-3.927482783e-14 0 0)
(-8.836836263e-14 0 0)
(-2.160115531e-13 0 0)
(-3.240173296e-13 0 0)
(-3.043799157e-13 0 0)
(-1.963741392e-13 0 0)
(-9.818706959e-14 0 0)
(-1.080057765e-13 0 0)
(-2.45467674e-13 0 0)
(-2.160115531e-13 0 0)
(-1.178244835e-13 0 0)
(-3.927482783e-14 0 0)
(1.570993113e-13 0 0)
(3.436547436e-13 0 0)
(3.043799157e-13 0 0)
(1.472806044e-13 0 0)
(5.891224175e-14 0 0)
(2.945612088e-14 0 0)
(-1.963741392e-14 0 0)
(-1.178244835e-13 0 0)
(-2.45467674e-13 0 0)
(-3.436547436e-13 0 0)
(-2.061928461e-13 0 0)
(2.945612088e-14 0 0)
(3.927482783e-14 0 0)
(-9.818706959e-15 0 0)
(1.472806044e-13 0 0)
(1.963741392e-13 0 0)
(9.818706959e-14 0 0)
(5.891224175e-14 0 0)
(7.854965567e-14 0 0)
(1.178244835e-13 0 0)
(3.851859889e-29 0 0)
(2.945612088e-14 0 0)
(8.836836263e-14 0 0)
(2.945612088e-14 0 0)
(4.909353479e-14 0 0)
(1.963741392e-14 0 0)
(1.080057765e-13 0 0)
(2.2583026e-13 0 0)
(1.178244835e-13 0 0)
(-1.374618974e-13 0 0)
(-2.061928461e-13 0 0)
(-1.374618974e-13 0 0)
(-6.873094871e-14 0 0)
(-1.374618974e-13 0 0)
(-2.2583026e-13 0 0)
(-7.854965567e-14 0 0)
(1.963741392e-14 0 0)
(9.818706959e-15 0 0)
(5.891224175e-14 0 0)
(8.836836263e-14 0 0)
(1.669180183e-13 0 0)
(2.749237948e-13 0 0)
(1.669180183e-13 0 0)
(9.818706959e-14 0 0)
(1.963741392e-13 0 0)
(2.160115531e-13 0 0)
(3.927482783e-14 0 0)
(-1.080057765e-13 0 0)
(-2.2583026e-13 0 0)
(-1.472806044e-13 0 0)
(-9.818706959e-15 0 0)
(7.854965567e-14 0 0)
(1.669180183e-13 0 0)
(8.836836263e-14 0 0)
(-3.927482783e-14 0 0)
(-1.570993113e-13 0 0)
(-1.374618974e-13 0 0)
(-1.080057765e-13 0 0)
(-4.909353479e-14 0 0)
(-9.818706959e-15 0 0)
(2.945612088e-14 0 0)
(2.945612088e-14 0 0)
(-8.836836263e-14 0 0)
(-9.818706959e-14 0 0)
(-3.927482783e-14 0 0)
(-9.818706959e-15 0 0)
(-9.818706959e-14 0 0)
(-1.178244835e-13 0 0)
(-1.963741392e-14 0 0)
(5.891224175e-14 0 0)
(4.909353479e-14 0 0)
(-1.540743956e-29 0 0)
(1.963741392e-14 0 0)
(5.891224175e-14 0 0)
(2.945612088e-14 0 0)
(1.963741392e-14 0 0)
(6.873094871e-14 0 0)
(1.472806044e-13 0 0)
(1.963741392e-13 0 0)
(2.2583026e-13 0 0)
(2.160115531e-13 0 0)
(1.374618974e-13 0 0)
(-3.927482783e-14 0 0)
(-1.669180183e-13 0 0)
(-4.909353479e-14 0 0)
(-1.080057765e-13 0 0)
(-1.080057765e-13 0 0)
(1.080057765e-13 0 0)
(1.374618974e-13 0 0)
(3.927482783e-14 0 0)
(1.963741392e-14 0 0)
(4.909353479e-14 0 0)
(1.963741392e-14 0 0)
(-4.909353479e-14 0 0)
(-1.276431905e-13 0 0)
(-1.767367253e-13 0 0)
(-1.570993113e-13 0 0)
(-9.818706959e-14 0 0)
(-6.873094871e-14 0 0)
(-9.818706959e-15 0 0)
(1.080057765e-13 0 0)
(6.873094871e-14 0 0)
(1.963741392e-14 0 0)
(9.818706959e-14 0 0)
(1.178244835e-13 0 0)
(7.854965567e-14 0 0)
(8.836836263e-14 0 0)
(9.818706959e-14 0 0)
(7.854965567e-14 0 0)
(8.836836263e-14 0 0)
(4.909353479e-14 0 0)
(1.963741392e-14 0 0)
(-1.540743956e-29 0 0)
(9.818706959e-15 0 0)
(1.080057765e-13 0 0)
(1.669180183e-13 0 0)
(8.836836263e-14 0 0)
)
;

boundaryField
{
    sides
    {
        type            extrapolatedCalculated;
        value           nonuniform List<vector> 2((8.836836263e-14 0 0) (0 0 0));
    }
    empty1
    {
        type            empty;
    }
    empty2
    {
        type            empty;
    }
}


// ************************************************************************* //
