/*--------------------------------*- C++ -*----------------------------------*\
| =========                 |                                                 |
| \\      /  F ield         | OpenFOAM: The Open Source CFD Toolbox           |
|  \\    /   O peration     | Version:  2012                                  |
|   \\  /    A nd           | Website:  www.openfoam.com                      |
|    \\/     M anipulation  |                                                 |
\*---------------------------------------------------------------------------*/
FoamFile
{
    version     2.0;
    format      ascii;
    class       volScalarField;
    location    "0.45";
    object      pcorr;
}
// * * * * * * * * * * * * * * * * * * * * * * * * * * * * * * * * * * * * * //

dimensions      [1 -1 -2 0 0 0 0];


internalField   nonuniform List<scalar> 
2268
(
101310
101310
101310
101309
101308
101307
101305
101303
101299
101295
101290
101282
101273
101261
101245
101225
101200
101169
101133
101093
101053
101019
100999
101310
101310
101310
101309
101308
101307
101305
101303
101300
101296
101290
101283
101274
101262
101246
101226
101201
101170
101133
101093
101051
101016
100995
101310
101310
101310
101309
101308
101307
101305
101303
101300
101296
101291
101284
101275
101263
101248
101229
101204
101173
101135
101093
101049
101010
100986
101310
101310
101310
101309
101308
101307
101306
101304
101301
101297
101292
101285
101277
101265
101251
101232
101208
101177
101138
101093
101045
101000
100971
101310
101310
101310
101310
101309
101308
101306
101304
101302
101298
101294
101287
101279
101269
101255
101237
101213
101182
101142
101094
101040
100987
100950
101311
101311
101310
101310
101309
101308
101307
101305
101303
101300
101295
101290
101282
101272
101260
101243
101221
101190
101148
101096
101035
100971
100920
101311
101311
101311
101310
101310
101309
101308
101306
101304
101301
101297
101292
101286
101277
101265
101250
101230
101200
101157
101100
101031
100952
100880
101311
101311
101311
101311
101310
101309
101309
101307
101306
101303
101300
101295
101290
101282
101272
101258
101241
101213
101168
101108
101029
100931
100823
99516.9
99516.8
99516.8
99516.9
99517
99517.2
99517.3
99517.3
99517.3
99517.1
99516.9
99516.6
99516.3
99516.1
99516
99516.3
99519.4
99569.2
99615.7
99516.9
99516.8
99516.8
99516.9
99517
99517.2
99517.3
99517.3
99517.3
99517.1
99516.9
99516.6
99516.3
99516
99515.9
99516
99517.2
99526.8
99517.7
99516.9
99516.8
99516.8
99516.9
99517
99517.2
99517.3
99517.4
99517.3
99517.2
99516.9
99516.6
99516.3
99516
99515.7
99515.6
99515.5
99513.3
99386.5
99516.9
99516.8
99516.7
99516.8
99517
99517.2
99517.4
99517.4
99517.4
99517.2
99517
99516.7
99516.3
99515.9
99515.6
99515.2
99514.4
99509.1
99385.9
99517
99516.7
99516.6
99516.8
99517
99517.3
99517.4
99517.5
99517.4
99517.3
99517
99516.7
99516.3
99515.9
99515.4
99514.9
99513.8
99509
99445.1
99517
99516.7
99516.5
99516.7
99517
99517.3
99517.5
99517.6
99517.5
99517.3
99517
99516.7
99516.3
99515.8
99515.3
99514.6
99513.5
99510.5
99494.9
99517.2
99516.6
99516.4
99516.6
99517
99517.4
99517.6
99517.7
99517.6
99517.4
99517.1
99516.7
99516.3
99515.8
99515.2
99514.5
99513.3
99511.2
99508.8
99517.4
99516.5
99516.1
99516.4
99517
99517.5
99517.8
99517.9
99517.8
99517.5
99517.2
99516.8
99516.3
99515.8
99515.2
99514.4
99513.2
99511.6
99509
101312
101311
101311
101311
101311
101311
101310
101309
101308
101306
101304
101301
101296
101290
101283
101273
101261
101240
101192
101125
101033
100901
100695
101312
101312
101312
101312
101312
101312
101312
101312
101312
101311
101311
101309
101307
101304
101299
101296
101298
101304
101244
101172
101079
100937
100727
101316
101316
101316
101316
101316
101315
101315
101315
101315
101315
101315
101315
101315
101314
101312
101313
101332
101434
101307
101240
101176
101039
100860
101316
101316
101316
101316
101316
101316
101316
101316
101315
101315
101315
101315
101315
101315
101315
101315
101315
101318
101309
101306
101346
101184
101045
101316
101316
101316
101316
101316
101316
101316
101316
101316
101315
101315
101315
101315
101315
101315
101315
101315
101315
101315
101314
101313
101288
101247
101316
101316
101316
101316
101316
101316
101316
101316
101316
101316
101315
101315
101315
101315
101315
101315
101315
101315
101314
101314
101314
101313
101310
101316
101316
101316
101316
101316
101316
101316
101316
101316
101316
101316
101315
101315
101315
101315
101315
101315
101315
101314
101314
101314
101313
101312
101316
101316
101316
101316
101316
101316
101316
101316
101316
101316
101316
101316
101315
101315
101315
101315
101315
101315
101314
101314
101314
101313
101312
101316
101316
101316
101316
101316
101316
101316
101316
101316
101316
101316
101316
101316
101315
101315
101315
101315
101315
101314
101314
101314
101313
101313
101316
101316
101316
101316
101316
101316
101316
101316
101316
101316
101316
101316
101316
101316
101315
101315
101315
101315
101314
101314
101314
101313
101313
101317
101317
101317
101317
101317
101316
101316
101316
101316
101316
101316
101316
101316
101316
101316
101315
101315
101315
101315
101314
101314
101314
101313
101317
101317
101317
101317
101317
101317
101317
101316
101316
101316
101316
101316
101316
101316
101316
101315
101315
101315
101315
101314
101314
101314
101313
101317
101317
101317
101317
101317
101317
101317
101317
101317
101316
101316
101316
101316
101316
101316
101316
101315
101315
101315
101315
101314
101314
101314
101317
101317
101317
101317
101317
101317
101317
101317
101317
101317
101317
101316
101316
101316
101316
101316
101316
101315
101315
101315
101315
101314
101314
101317
101317
101317
101317
101317
101317
101317
101317
101317
101317
101317
101317
101317
101316
101316
101316
101316
101316
101315
101315
101315
101315
101314
101317
101317
101317
101317
101317
101317
101317
101317
101317
101317
101317
101317
101317
101317
101316
101316
101316
101316
101316
101315
101315
101315
101315
101318
101318
101318
101318
101318
101318
101317
101317
101317
101317
101317
101317
101317
101317
101317
101317
101316
101316
101316
101316
101316
101315
101315
101318
101318
101318
101318
101318
101318
101318
101318
101318
101317
101317
101317
101317
101317
101317
101317
101317
101316
101316
101316
101316
101316
101315
101318
101318
101318
101318
101318
101318
101318
101318
101318
101318
101318
101318
101317
101317
101317
101317
101317
101317
101317
101316
101316
101316
101316
101318
101318
101318
101318
101318
101318
101318
101318
101318
101318
101318
101318
101318
101318
101317
101317
101317
101317
101317
101317
101317
101316
101316
101319
101319
101319
101319
101319
101318
101318
101318
101318
101318
101318
101318
101318
101318
101318
101318
101317
101317
101317
101317
101317
101317
101317
101319
101319
101319
101319
101319
101319
101319
101319
101319
101318
101318
101318
101318
101318
101318
101318
101318
101318
101318
101317
101317
101317
101317
101319
101319
101319
101319
101319
101319
101319
101319
101319
101319
101319
101319
101319
101318
101318
101318
101318
101318
101318
101318
101318
101317
101317
101319
101319
101319
101319
101319
101319
101319
101319
101319
101319
101319
101319
101319
101319
101319
101319
101318
101318
101318
101318
101318
101318
101318
101320
101320
101320
101320
101320
101320
101319
101319
101319
101319
101319
101319
101319
101319
101319
101319
101319
101319
101319
101318
101318
101318
101318
101320
101320
101320
101320
101320
101320
101320
101320
101320
101320
101320
101319
101319
101319
101319
101319
101319
101319
101319
101319
101319
101319
101318
101320
101320
101320
101320
101320
101320
101320
101320
101320
101320
101320
101320
101320
101320
101320
101320
101319
101319
101319
101319
101319
101319
101319
101320
101320
101320
101320
101320
101320
101320
101320
101320
101320
101320
101320
101320
101320
101320
101320
101320
101320
101320
101320
101319
101319
101319
101321
101321
101321
101321
101321
101321
101321
101321
101321
101321
101320
101320
101320
101320
101320
101320
101320
101320
101320
101320
101320
101320
101320
101321
101321
101321
101321
101321
101321
101321
101321
101321
101321
101321
101321
101321
101321
101321
101321
101320
101320
101320
101320
101320
101320
101320
101321
101321
101321
101321
101321
101321
101321
101321
101321
101321
101321
101321
101321
101321
101321
101321
101321
101321
101321
101321
101321
101320
101320
101322
101322
101322
101322
101322
101322
101322
101322
101322
101321
101321
101321
101321
101321
101321
101321
101321
101321
101321
101321
101321
101321
101321
101322
101322
101322
101322
101322
101322
101322
101322
101322
101322
101322
101322
101322
101322
101322
101322
101322
101321
101321
101321
101321
101321
101321
101322
101322
101322
101322
101322
101322
101322
101322
101322
101322
101322
101322
101322
101322
101322
101322
101322
101322
101322
101322
101322
101322
101322
101323
101323
101323
101323
101323
101323
101323
101323
101322
101322
101322
101322
101322
101322
101322
101322
101322
101322
101322
101322
101322
101322
101322
101323
101323
101323
101323
101323
101323
101323
101323
101323
101323
101323
101323
101323
101323
101323
101323
101323
101323
101323
101323
101322
101322
101322
101323
101323
101323
101323
101323
101323
101323
101323
101323
101323
101323
101323
101323
101323
101323
101323
101323
101323
101323
101323
101323
101323
101323
101324
101324
101324
101324
101324
101324
101324
101323
101323
101323
101323
101323
101323
101323
101323
101323
101323
101323
101323
101323
101323
101323
101323
101324
101324
101324
101324
101324
101324
101324
101324
101324
101324
101324
101324
101324
101324
101324
101324
101324
101324
101324
101324
101324
101324
101324
101324
101324
101324
101324
101324
101324
101324
101324
101324
101324
101324
101324
101324
101324
101324
101324
101324
101324
101324
101324
101324
101324
101324
101325
101325
101325
101325
101325
101325
101325
101324
101324
101324
101324
101324
101324
101324
101324
101324
101324
101324
101324
101324
101324
101324
101324
101325
101325
101325
101325
101325
101325
101325
101325
101325
101325
101325
101325
101325
101325
101325
101325
101325
101325
101325
101325
101325
101325
101325
100394
100178
99928.2
99653.9
100500
100335
100154
99959
100689
100569
100440
100308
100929
100838
100741
100641
101237
101139
101054
100972
101306
101297
101282
101259
101312
101311
101310
101310
101312
101312
101311
101311
101312
101312
101312
101311
101312
101312
101312
101312
101313
101313
101312
101312
101313
101313
101313
101312
101313
101313
101313
101313
101314
101314
101313
101313
101314
101314
101314
101314
101314
101314
101314
101314
101315
101315
101315
101314
101315
101315
101315
101315
101316
101316
101315
101315
101316
101316
101316
101316
101316
101316
101316
101316
101317
101317
101317
101317
101317
101317
101317
101317
101318
101318
101317
101317
101318
101318
101318
101318
101318
101318
101318
101318
101319
101319
101319
101319
101319
101319
101319
101319
101320
101320
101319
101319
101320
101320
101320
101320
101320
101320
101320
101320
101321
101321
101321
101321
101321
101321
101321
101321
101322
101322
101322
101321
101322
101322
101322
101322
101322
101322
101322
101322
101323
101323
101323
101323
101323
101323
101323
101323
101324
101324
101324
101324
101324
101324
101324
101324
101324
101324
101324
101324
101325
101325
101325
101325
99518.4
99515.9
99515.2
99515.9
99517
99517.7
99518.1
99518.1
99518
99517.7
99517.3
99516.9
99516.4
99515.8
99515.1
99514.3
99513.3
99512.1
99509.8
99635.2
99560.1
99516.1
99515
99517.2
99518.3
99518.7
99518.7
99518.4
99518.1
99517.6
99517.1
99516.5
99515.8
99515.1
99514.4
99513.6
99512.8
99511.7
100092
99895
99685
99522.9
99518
99519.3
99519.6
99519.4
99519
99518.5
99517.9
99517.3
99516.6
99515.9
99515.2
99514.5
99513.9
99513.3
99512.6
100475
100263
100016
99671
99526.1
99521.2
99520.8
99520.3
99519.7
99519
99518.3
99517.5
99516.8
99516
99515.3
99514.7
99514.1
99513.6
99513
100841
100661
100473
100277
99697.7
99526.5
99522.3
99521.3
99520.4
99519.5
99518.6
99517.8
99516.9
99516.1
99515.4
99514.7
99514.2
99513.7
99513.2
101200
101063
100937
100838
101026
99711.2
99523.7
99522.3
99521.1
99520
99518.9
99518
99517.1
99516.2
99515.4
99514.7
99514.2
99513.7
99513.1
101309
101298
101249
101164
101087
100409
99904.6
99525.7
99522.6
99520.9
99519.4
99518.3
99517.3
99516.2
99515.1
99514.2
99514.1
99519.5
99606.9
101310
101310
101309
101307
101264
101061
100732
100383
100120
99923.3
99831.8
99777.9
99726.2
99680.3
99644
99608.1
99619.2
99734.7
99832.8
101311
101310
101310
101309
101308
101303
101275
101179
101035
100901
100812
100743
100671
100579
100448
100270
100155
100139
100152
101311
101311
101310
101310
101309
101308
101306
101305
101303
101300
101296
101291
101282
101263
101186
100926
100675
100536
100486
101312
101311
101311
101310
101309
101309
101308
101307
101307
101306
101305
101304
101303
101300
101297
101260
101047
100861
100778
101312
101312
101311
101311
101310
101309
101309
101308
101308
101307
101306
101306
101304
101302
101300
101296
101262
101087
100996
101313
101312
101312
101311
101311
101310
101310
101309
101309
101308
101308
101307
101305
101304
101302
101298
101256
101187
101137
101313
101313
101312
101312
101311
101311
101310
101310
101310
101309
101309
101308
101307
101307
101312
101300
101275
101262
101254
101313
101313
101313
101312
101312
101312
101311
101311
101311
101310
101310
101310
101311
101329
101329
101312
101312
101336
101377
101314
101314
101313
101313
101313
101312
101312
101312
101312
101311
101312
101312
101314
101323
101314
101312
101333
101390
101498
101314
101314
101314
101313
101313
101313
101313
101312
101312
101312
101313
101313
101314
101315
101315
101300
101325
101374
101432
101315
101314
101314
101314
101314
101313
101313
101313
101313
101313
101313
101314
101314
101315
101315
101315
101308
101342
101378
101315
101315
101315
101314
101314
101314
101314
101314
101314
101314
101314
101314
101315
101315
101315
101316
101317
101330
101366
101316
101315
101315
101315
101315
101315
101315
101314
101314
101314
101315
101315
101315
101315
101316
101316
101318
101325
101362
101316
101316
101316
101315
101315
101315
101315
101315
101315
101315
101315
101315
101315
101316
101316
101316
101316
101317
101336
101316
101316
101316
101316
101316
101316
101316
101316
101316
101316
101316
101316
101316
101316
101316
101316
101316
101316
101325
101317
101317
101317
101316
101316
101316
101316
101316
101316
101316
101316
101316
101316
101316
101316
101316
101316
101316
101321
101317
101317
101317
101317
101317
101317
101317
101317
101316
101316
101316
101316
101317
101317
101317
101317
101316
101316
101316
101318
101318
101317
101317
101317
101317
101317
101317
101317
101317
101317
101317
101317
101317
101317
101317
101317
101316
101316
101318
101318
101318
101318
101318
101318
101318
101317
101317
101317
101317
101317
101317
101317
101317
101317
101317
101317
101316
101319
101318
101318
101318
101318
101318
101318
101318
101318
101318
101318
101318
101318
101317
101317
101317
101317
101317
101316
101319
101319
101319
101319
101319
101318
101318
101318
101318
101318
101318
101318
101318
101318
101318
101318
101317
101317
101316
101319
101319
101319
101319
101319
101319
101319
101319
101319
101319
101318
101318
101318
101318
101318
101318
101318
101317
101317
101320
101320
101320
101320
101319
101319
101319
101319
101319
101319
101319
101319
101319
101319
101318
101318
101318
101318
101317
101320
101320
101320
101320
101320
101320
101320
101320
101319
101319
101319
101319
101319
101319
101319
101319
101319
101319
101322
101321
101321
101320
101320
101320
101320
101320
101320
101320
101320
101320
101320
101319
101319
101319
101319
101319
101319
101318
101321
101321
101321
101321
101321
101321
101321
101321
101320
101320
101320
101320
101320
101320
101319
101319
101319
101319
101314
101321
101321
101321
101321
101321
101321
101321
101321
101321
101321
101321
101320
101320
101320
101320
101319
101317
101335
101302
101322
101322
101322
101322
101322
101322
101322
101321
101321
101321
101321
101321
101321
101320
101320
101319
101315
101293
101267
101322
101322
101322
101322
101322
101322
101322
101322
101322
101322
101322
101322
101321
101321
101321
101320
101309
101283
101293
101323
101323
101323
101323
101323
101322
101322
101322
101322
101322
101322
101322
101322
101322
101322
101322
101323
101259
101318
101323
101323
101323
101323
101323
101323
101323
101323
101323
101323
101323
101323
101323
101323
101323
101323
101324
101327
101376
101324
101324
101323
101323
101323
101323
101323
101323
101323
101323
101323
101323
101323
101323
101324
101324
101325
101327
101334
101324
101324
101324
101324
101324
101324
101324
101324
101324
101324
101324
101324
101324
101324
101324
101325
101325
101327
101328
101324
101324
101324
101324
101324
101324
101324
101324
101324
101324
101324
101324
101324
101324
101325
101325
101325
101326
101327
101325
101325
101325
101325
101325
101325
101325
101325
101325
101325
101325
101325
101325
101325
101325
101325
101325
101325
101325
)
;

boundaryField
{
    leftWall
    {
        type            zeroGradient;
    }
    rightWall
    {
        type            zeroGradient;
    }
    lowerWall
    {
        type            zeroGradient;
    }
    atmosphere
    {
        type            fixedValue;
        value           uniform 101325;
    }
    defaultFaces
    {
        type            empty;
    }
}


// ************************************************************************* //
