/*--------------------------------*- C++ -*----------------------------------*\
| =========                 |                                                 |
| \\      /  F ield         | OpenFOAM: The Open Source CFD Toolbox           |
|  \\    /   O peration     | Version:  2012                                  |
|   \\  /    A nd           | Website:  www.openfoam.com                      |
|    \\/     M anipulation  |                                                 |
\*---------------------------------------------------------------------------*/
FoamFile
{
    version     2.0;
    format      ascii;
    class       volScalarField;
    location    "0.52";
    object      T;
}
// * * * * * * * * * * * * * * * * * * * * * * * * * * * * * * * * * * * * * //

dimensions      [0 0 0 1 0 0 0];


internalField   nonuniform List<scalar> 
2268
(
273
273
273
273
273
273
273
273
273
273
273
273
273
273
273
273
273
273
273
273
273
273
273
273
273
273
273
273
273
273
273
273
273
273
273
273
273
273
273
273
273
273
273
273
273
273
273
273
273
273
273
273
273
273
273
273
273
273
273
273
273
273
273
273
273
273
273
273
273
273
273
273
273
273
273
273
273
273
273
273
273
273
273
273
273
273
273
273
273
273
273
273
273
273
273
273
273
273
273
273
273
273
273
273
273
273
273
273
273
273
273
273
273
273
273
273
272.999
273
273
273
273
273
273
273
273
273
273
273
273
273
273
273
273
273
273
273
273
273
272.998
272.998
272.998
272.998
272.998
272.998
272.999
272.999
272.999
272.999
272.999
273
273
273
273
273
273
273
273
273
273
273
273
272.994
272.994
272.994
272.994
272.995
272.995
272.995
272.996
272.996
272.997
272.998
272.998
272.999
272.999
273
273
273
273
273
273
273
273
273
272.827
272.827
272.822
272.864
273.135
273.211
273.199
273.229
273.252
273.248
273.206
273.132
273.07
273.042
273.039
273.068
273.089
273.088
273.074
272.827
272.827
272.825
272.822
272.945
273.061
272.908
272.825
272.941
272.979
273.257
273.349
273.223
273.189
273.189
273.197
273.175
273.122
273.101
272.827
272.827
272.826
272.823
272.825
272.804
272.8
272.956
272.781
272.776
273.148
273.27
273.308
273.323
273.288
273.159
273.072
273.118
273.106
272.827
272.826
272.817
272.764
272.782
272.797
272.752
272.865
272.762
272.762
272.904
272.901
272.881
272.777
272.655
272.644
272.917
273.194
273.107
272.827
272.822
272.778
272.501
272.544
272.716
272.74
272.79
272.774
272.75
272.812
272.82
272.821
272.817
272.806
272.851
273.161
273.373
273.108
272.827
272.817
272.739
272.507
272.553
272.662
272.716
272.76
272.797
272.767
272.807
272.809
272.798
272.795
272.796
272.813
272.964
273.43
273.118
272.827
272.818
272.543
272.803
272.91
273.057
272.868
272.77
272.803
272.783
272.794
272.785
272.781
272.784
272.789
272.8
272.846
273.288
273.128
272.826
272.814
272.574
272.753
272.877
273.085
273.026
272.794
272.803
272.789
272.756
272.725
272.756
272.776
272.786
272.798
272.817
272.982
273.134
272.986
272.986
272.986
272.986
272.986
272.987
272.987
272.988
272.989
272.99
272.991
272.992
272.994
272.996
272.997
272.998
272.999
273
273
273
273
273
273
272.978
272.978
272.979
272.979
272.979
272.979
272.979
272.979
272.978
272.979
272.979
272.981
272.982
272.985
272.988
272.991
272.994
272.996
272.998
272.999
273
273
273
272.978
272.978
272.978
272.979
272.978
272.978
272.977
272.975
272.97
272.972
272.975
272.975
272.976
272.976
272.978
272.98
272.983
272.987
272.991
272.994
272.996
272.998
272.999
272.992
272.992
272.992
272.992
272.991
272.991
272.99
272.989
272.987
272.986
272.983
272.981
272.977
272.974
272.982
272.98
272.978
272.978
272.98
272.983
272.987
272.991
272.994
272.997
272.997
272.997
272.997
272.997
272.997
272.997
272.996
272.996
272.996
272.995
272.994
272.991
272.991
272.994
272.992
272.983
272.979
272.978
272.978
272.979
272.98
272.983
272.998
272.998
272.998
272.998
272.998
272.998
272.998
272.998
272.998
272.998
272.998
272.998
272.998
272.998
272.998
272.997
272.997
272.993
272.99
272.987
272.986
272.984
272.983
272.999
272.999
272.999
272.999
272.999
272.999
272.998
272.998
272.998
272.998
272.998
272.998
272.998
272.998
272.998
272.998
272.998
272.998
272.997
272.997
272.995
272.994
272.99
272.998
272.998
272.998
272.998
272.998
272.998
272.998
272.998
272.998
272.998
272.998
272.998
272.998
272.998
272.998
272.998
272.998
272.998
272.998
272.998
272.997
272.997
272.996
272.998
272.998
272.998
272.998
272.998
272.998
272.998
272.998
272.998
272.998
272.998
272.998
272.998
272.998
272.998
272.998
272.997
272.997
272.997
272.997
272.997
272.997
272.997
272.998
272.998
272.998
272.998
272.998
272.998
272.998
272.998
272.998
272.998
272.998
272.998
272.998
272.998
272.998
272.997
272.997
272.997
272.997
272.997
272.997
272.997
272.997
272.998
272.998
272.998
272.998
272.998
272.998
272.998
272.998
272.998
272.998
272.998
272.998
272.998
272.998
272.997
272.997
272.997
272.997
272.997
272.997
272.997
272.997
272.997
272.998
272.998
272.998
272.998
272.998
272.998
272.998
272.998
272.998
272.998
272.998
272.998
272.998
272.997
272.997
272.997
272.997
272.997
272.997
272.997
272.997
272.997
272.997
272.998
272.998
272.998
272.998
272.998
272.998
272.998
272.998
272.998
272.998
272.998
272.998
272.998
272.997
272.997
272.997
272.997
272.997
272.997
272.997
272.997
272.997
272.997
272.998
272.998
272.998
272.998
272.998
272.998
272.998
272.998
272.998
272.998
272.998
272.998
272.998
272.997
272.997
272.997
272.997
272.997
272.997
272.997
272.997
272.997
272.997
272.998
272.998
272.998
272.998
272.998
272.998
272.998
272.998
272.998
272.998
272.998
272.998
272.998
272.997
272.997
272.997
272.997
272.997
272.997
272.997
272.997
272.997
272.997
272.998
272.998
272.998
272.998
272.998
272.998
272.998
272.998
272.998
272.998
272.998
272.998
272.998
272.997
272.997
272.997
272.997
272.997
272.997
272.997
272.997
272.997
272.997
272.998
272.998
272.998
272.998
272.998
272.998
272.998
272.998
272.998
272.998
272.998
272.998
272.998
272.998
272.997
272.997
272.997
272.997
272.997
272.997
272.997
272.997
272.997
272.999
272.999
272.999
272.998
272.998
272.998
272.998
272.998
272.998
272.998
272.998
272.998
272.998
272.998
272.998
272.997
272.997
272.997
272.997
272.997
272.997
272.997
272.997
272.999
272.999
272.999
272.999
272.999
272.999
272.999
272.999
272.998
272.998
272.998
272.998
272.998
272.998
272.998
272.998
272.997
272.997
272.997
272.997
272.997
272.997
272.997
273
273
273
273
273
273
272.999
272.999
272.999
272.999
272.999
272.999
272.998
272.998
272.998
272.998
272.998
272.998
272.997
272.997
272.997
272.997
272.997
273.001
273.001
273.001
273.001
273.001
273.001
273.001
273
273
273
273
272.999
272.999
272.999
272.999
272.998
272.998
272.998
272.998
272.998
272.997
272.997
272.997
273.004
273.004
273.004
273.003
273.003
273.003
273.003
273.002
273.002
273.002
273.001
273.001
273.001
273
273
272.999
272.999
272.999
272.998
272.998
272.998
272.998
272.997
273.007
273.007
273.007
273.007
273.006
273.006
273.006
273.005
273.005
273.005
273.004
273.004
273.003
273.002
273.002
273.001
273.001
273
272.999
272.999
272.999
272.998
272.998
273.01
273.01
273.01
273.01
273.01
273.009
273.009
273.009
273.008
273.008
273.008
273.007
273.006
273.006
273.005
273.004
273.003
273.002
273.001
273.001
273
272.999
272.999
273.012
273.012
273.012
273.012
273.012
273.012
273.012
273.012
273.011
273.011
273.011
273.01
273.01
273.009
273.009
273.008
273.007
273.006
273.005
273.004
273.002
273.001
273
273.014
273.014
273.014
273.014
273.014
273.014
273.014
273.014
273.013
273.013
273.013
273.013
273.012
273.012
273.011
273.011
273.01
273.009
273.008
273.007
273.006
273.004
273.003
273.015
273.015
273.015
273.015
273.015
273.015
273.015
273.015
273.015
273.015
273.015
273.014
273.014
273.014
273.013
273.013
273.012
273.012
273.011
273.01
273.009
273.007
273.006
273.016
273.016
273.016
273.016
273.016
273.016
273.016
273.016
273.016
273.016
273.016
273.015
273.015
273.015
273.015
273.014
273.014
273.013
273.012
273.012
273.011
273.009
273.008
273.017
273.017
273.016
273.016
273.016
273.016
273.016
273.016
273.016
273.016
273.016
273.016
273.016
273.015
273.015
273.015
273.014
273.014
273.013
273.012
273.011
273.01
273.009
273.017
273.017
273.017
273.017
273.017
273.017
273.017
273.016
273.016
273.016
273.016
273.016
273.016
273.016
273.015
273.015
273.015
273.014
273.013
273.013
273.012
273.011
273.009
273.017
273.017
273.017
273.017
273.017
273.016
273.016
273.016
273.016
273.016
273.016
273.016
273.016
273.016
273.015
273.015
273.014
273.014
273.013
273.013
273.012
273.01
273.009
273.016
273.016
273.016
273.016
273.016
273.016
273.016
273.016
273.016
273.016
273.016
273.015
273.015
273.015
273.015
273.014
273.014
273.013
273.013
273.012
273.011
273.01
273.008
273.015
273.015
273.015
273.015
273.015
273.015
273.015
273.015
273.015
273.014
273.014
273.014
273.014
273.014
273.013
273.013
273.013
273.012
273.011
273.011
273.01
273.008
273.006
273.013
273.013
273.013
273.013
273.013
273.013
273.013
273.013
273.013
273.013
273.013
273.013
273.013
273.012
273.012
273.012
273.011
273.011
273.01
273.009
273.008
273.006
273.003
273.012
273.012
273.012
273.012
273.012
273.012
273.012
273.012
273.012
273.012
273.012
273.012
273.012
273.012
273.011
273.011
273.01
273.01
273.009
273.007
273.006
273.004
273
273.011
273.011
273.011
273.011
273.011
273.011
273.011
273.011
273.011
273.011
273.011
273.011
273.011
273.011
273.011
273.01
273.01
273.009
273.008
273.006
273.004
273.002
272.998
273.01
273.01
273.01
273.01
273.01
273.01
273.01
273.011
273.011
273.011
273.011
273.01
273.01
273.01
273.01
273.009
273.009
273.008
273.006
273.004
273.002
272.999
272.997
273.01
273.01
273.01
273.01
273.01
273.01
273.01
273.01
273.01
273.01
273.01
273.01
273.01
273.01
273.009
273.009
273.008
273.007
273.005
273.003
272.999
272.997
272.997
273.009
273.009
273.009
273.009
273.009
273.009
273.009
273.009
273.009
273.009
273.009
273.009
273.009
273.009
273.009
273.008
273.007
273.006
273.004
273.001
272.997
272.995
272.997
273.008
273.008
273.008
273.008
273.008
273.008
273.009
273.009
273.009
273.009
273.009
273.009
273.009
273.009
273.008
273.008
273.007
273.005
273.003
272.999
272.995
272.993
272.996
273.008
273.008
273.008
273.008
273.008
273.008
273.008
273.008
273.008
273.008
273.008
273.008
273.008
273.008
273.008
273.007
273.006
273.004
273.001
272.997
272.991
272.99
272.996
273.007
273.007
273.007
273.008
273.008
273.008
273.008
273.008
273.008
273.008
273.008
273.008
273.008
273.008
273.007
273.007
273.005
273.003
273
272.994
272.986
272.984
272.991
273
273
273
272.958
273
273
273
272.997
272.999
273
273
273
272.996
272.996
272.997
272.997
272.984
272.986
272.987
272.988
272.982
272.982
272.982
272.982
272.986
272.984
272.98
272.976
272.996
272.995
272.994
272.993
272.997
272.997
272.997
272.996
272.997
272.997
272.997
272.997
272.997
272.997
272.997
272.997
272.997
272.997
272.997
272.997
272.997
272.997
272.997
272.997
272.997
272.997
272.997
272.997
272.997
272.997
272.997
272.997
272.997
272.997
272.997
272.997
272.997
272.997
272.997
272.997
272.997
272.997
272.997
272.997
272.997
272.997
272.997
272.997
272.997
272.997
272.997
272.997
272.997
272.997
272.997
272.997
272.997
272.997
272.997
272.997
272.998
272.997
272.997
272.997
272.998
272.998
272.998
272.998
272.999
272.999
272.999
272.998
273.001
273.001
273
273
273.004
273.003
273.003
273.002
273.007
273.006
273.005
273.004
273.008
273.007
273.006
273.005
273.008
273.007
273.006
273.005
273.007
273.006
273.005
273.003
273.006
273.004
273.002
273
273.003
273.001
272.999
272.997
273
272.998
272.997
272.997
272.997
272.997
272.997
272.999
272.997
272.998
273
273.002
272.998
273.001
273.002
273.003
273.001
273.003
273.004
273.004
273.002
273.004
273.005
273.005
273.002
273.004
273.005
273.006
273.003
273.006
273.008
273.009
273.003
273.009
273.014
273.018
273.051
272.937
272.751
272.773
272.912
273.103
273.22
272.832
272.794
272.78
272.74
272.724
272.74
272.769
272.785
272.8
272.818
272.759
273.136
272.985
272.925
272.925
272.956
272.994
273.008
273.181
272.824
272.784
272.767
272.741
272.741
272.765
272.787
272.797
272.809
272.819
272.723
273.134
272.997
272.991
272.992
273.007
272.999
272.889
272.918
272.765
272.779
272.769
272.759
272.77
272.792
272.802
272.806
272.814
272.814
272.666
273.126
272.998
272.997
272.998
273.011
273.002
272.876
272.873
272.764
272.79
272.783
272.788
272.798
272.806
272.809
272.811
272.818
272.81
272.733
273.119
272.99
272.991
272.993
273.002
273.023
272.977
272.855
272.696
272.796
272.799
272.804
272.808
272.811
272.812
272.813
272.816
272.794
273.217
273.125
272.982
272.982
272.984
272.989
273.011
273.003
272.886
272.439
272.765
272.799
272.81
272.814
272.818
272.819
272.816
272.774
272.782
273.226
273.106
272.973
272.972
272.978
272.981
272.993
273.004
272.98
273.111
272.874
272.837
272.842
272.844
272.851
272.856
272.847
272.813
272.89
273.197
273.082
272.989
272.981
272.974
272.975
272.985
272.993
272.996
273.039
273.302
273.23
273.032
273.052
273.042
273.024
273.035
273.146
273.532
273.216
273.067
272.995
272.991
272.988
272.987
272.984
272.988
272.992
273.008
273.135
273.271
273.603
273.744
273.428
273.375
273.543
273.532
273.267
273.091
273.058
272.996
272.995
272.994
272.993
272.991
272.989
272.991
272.997
273.027
273.115
273.406
273.58
273.535
273.492
273.426
273.285
273.116
273.06
273.049
272.997
272.996
272.995
272.994
272.993
272.993
272.989
272.995
273.005
273.03
273.108
273.19
273.192
273.173
273.13
273.08
273.046
273.041
273.042
272.997
272.997
272.996
272.996
272.995
272.996
272.995
273.006
273.024
273.049
273.073
273.086
273.086
273.085
273.081
273.066
273.042
273.037
273.037
272.997
272.997
272.996
272.996
272.999
273.009
273.019
273.032
273.039
273.032
273.023
273.02
273.02
273.034
273.045
273.041
273.033
273.032
273.036
272.997
272.997
272.997
272.997
273
273.011
273.019
273.022
273.017
273.008
272.999
272.997
272.998
273.005
273.014
273.02
273.022
273.024
273.037
272.997
272.997
272.997
272.997
272.999
273.009
273.016
273.013
273.002
272.997
272.994
272.994
272.995
273.002
273.008
273.012
273.013
273.018
273.04
272.997
272.997
272.997
272.997
272.997
273.003
273.011
273.01
272.997
272.99
272.99
272.992
272.995
273.01
273.028
273.05
273.049
273.025
273.047
272.997
272.997
272.997
272.996
272.996
272.998
273.004
273.007
273.002
272.996
272.996
272.997
273.001
273.009
273.046
273.104
273.129
273.07
273.06
272.997
272.997
272.997
272.996
272.996
272.996
272.998
273.001
273.002
273
272.998
272.997
272.999
273.009
273.051
273.131
273.191
273.164
273.083
272.997
272.997
272.997
272.997
272.996
272.996
272.997
272.998
273
272.999
272.998
272.998
272.998
273.001
273.028
273.113
273.211
273.243
273.129
272.997
272.997
272.997
272.997
272.996
272.996
272.996
272.996
272.997
272.997
272.998
272.998
272.998
272.998
273.007
273.037
273.139
273.256
273.24
272.997
272.997
272.997
272.997
272.997
272.996
272.996
272.996
272.996
272.997
272.997
272.997
272.998
272.998
272.998
273.004
273.03
273.176
273.317
272.997
272.997
272.997
272.997
272.997
272.996
272.996
272.996
272.996
272.997
272.997
272.997
272.998
272.998
272.998
272.998
272.998
273.028
273.145
272.997
272.997
272.997
272.997
272.997
272.997
272.997
272.997
272.997
272.997
272.997
272.997
272.998
272.998
272.998
272.999
272.992
272.989
273.057
272.997
272.997
272.997
272.997
272.997
272.997
272.997
272.997
272.997
272.997
272.997
272.998
272.998
272.998
272.998
272.999
272.999
272.997
273.046
272.998
272.997
272.997
272.997
272.997
272.997
272.997
272.997
272.997
272.997
272.998
272.998
272.999
272.999
272.999
272.999
272.999
272.998
273.044
272.999
272.998
272.997
272.997
272.997
272.997
272.997
272.997
272.997
272.998
272.998
272.999
272.999
272.999
272.999
272.999
273
272.998
273.034
273
272.999
272.998
272.997
272.997
272.997
272.997
272.997
272.997
272.998
272.998
272.999
273
273
273
273
272.999
272.998
273.029
273.002
272.999
272.998
272.997
272.997
272.997
272.997
272.997
272.997
272.998
272.999
272.999
273
273
273
273
273.001
273.005
273.024
273.002
272.999
272.998
272.997
272.997
272.997
272.997
272.997
272.998
272.998
272.999
273
273
273
273
273.002
273.019
273.034
273.031
273.002
272.999
272.997
272.997
272.997
272.997
272.997
272.997
272.998
272.998
272.999
273
273
272.999
273.003
273.021
273.036
273.045
273.041
273
272.998
272.997
272.997
272.997
272.998
272.998
272.998
272.998
272.999
272.999
273
272.999
273
273.008
273.011
272.998
273.038
273.054
272.998
272.997
272.997
272.998
272.999
273
273
273
272.999
272.999
272.999
273
272.999
273.001
273.004
272.973
272.948
272.994
273.05
272.997
272.998
272.999
273.001
273.001
273.002
273.002
273.001
273
272.999
272.999
272.999
272.998
273
272.999
272.965
272.932
272.953
273.025
272.999
273.001
273.002
273.003
273.003
273.003
273.003
273.002
273.001
273
272.998
272.999
272.998
273
272.997
272.983
272.964
272.942
273.012
273.001
273.003
273.004
273.005
273.005
273.005
273.005
273.004
273.002
273
272.999
272.999
272.998
273
273
272.994
272.991
272.948
273.011
273.003
273.004
273.005
273.006
273.006
273.006
273.006
273.005
273.002
273
272.999
272.999
272.999
273
273
272.999
273.007
272.962
273.025
273.004
273.005
273.006
273.006
273.006
273.006
273.006
273.004
273.002
273
272.999
273
272.999
273.001
273
273.002
273.021
272.986
273.027
273.005
273.005
273.005
273.005
273.005
273.005
273.004
273.003
273.001
273.001
273
273.001
273
273.002
272.998
273.013
273.039
273.006
273.034
273.005
273.004
273.003
273.003
273.003
273.003
273.002
273.002
273.001
273.001
273.001
273.001
273.001
273.001
273.013
273.068
273.079
273.051
273.044
273.006
273.005
273.003
273.001
273.001
273.001
273.001
273.001
273.001
273.001
273.001
273.001
273.001
273.005
273.078
273.118
273.114
273.077
273.057
273.01
273.011
273.01
273.006
273.002
273
272.999
272.999
272.999
272.999
272.999
273
273.002
273.04
273.117
273.128
273.125
273.098
273.073
273.022
273.025
273.025
273.02
273.013
273.008
273.005
273.004
273.004
273.004
273.005
273.009
273.027
273.1
273.125
273.129
273.127
273.108
273.096
)
;

boundaryField
{
    leftWall
    {
        type            zeroGradient;
    }
    rightWall
    {
        type            zeroGradient;
    }
    lowerWall
    {
        type            zeroGradient;
    }
    atmosphere
    {
        type            zeroGradient;
    }
    defaultFaces
    {
        type            empty;
    }
}


// ************************************************************************* //
