/*--------------------------------*- C++ -*----------------------------------*\
| =========                 |                                                 |
| \\      /  F ield         | OpenFOAM: The Open Source CFD Toolbox           |
|  \\    /   O peration     | Version:  2012                                  |
|   \\  /    A nd           | Website:  www.openfoam.com                      |
|    \\/     M anipulation  |                                                 |
\*---------------------------------------------------------------------------*/
FoamFile
{
    version     2.0;
    format      ascii;
    class       volVectorField;
    location    "0.52";
    object      U;
}
// * * * * * * * * * * * * * * * * * * * * * * * * * * * * * * * * * * * * * //

dimensions      [0 1 -1 0 0 0 0];


internalField   nonuniform List<vector> 
2268
(
(0.0110026 -0.00564524 0)
(0.0379526 -0.00588964 0)
(0.0620094 -0.00530852 0)
(0.0844137 -0.00487098 0)
(0.104872 -0.0047821 0)
(0.126428 -0.00516953 0)
(0.150129 -0.00422042 0)
(0.164191 -0.00341234 0)
(0.181313 -0.00293538 0)
(0.19344 -0.00233709 0)
(0.202788 -0.00118985 0)
(0.208554 -0.000736663 0)
(0.212557 -0.000786343 0)
(0.215157 -0.000430777 0)
(0.212222 0.000222825 0)
(0.205343 -8.42394e-05 0)
(0.19556 0.000454138 0)
(0.181446 -0.000498063 0)
(0.165216 0.000392839 0)
(0.142648 -0.00053368 0)
(0.112856 0.000104533 0)
(0.0795432 -0.00176461 0)
(0.0343547 0.0158608 0)
(0.0108733 -0.0174872 0)
(0.0377914 -0.0182143 0)
(0.0620351 -0.0166445 0)
(0.0848636 -0.0153835 0)
(0.105422 -0.015068 0)
(0.127044 -0.0162192 0)
(0.150273 -0.0136221 0)
(0.164525 -0.0113218 0)
(0.181885 -0.0108933 0)
(0.194562 -0.00780744 0)
(0.202295 -0.00596015 0)
(0.210192 -0.003883 0)
(0.213476 -0.00233912 0)
(0.215204 0.00058277 0)
(0.212329 0.00441289 0)
(0.20557 0.00795314 0)
(0.196213 0.0108314 0)
(0.182355 0.0148355 0)
(0.164754 0.0179249 0)
(0.140424 0.0252856 0)
(0.107014 0.0296971 0)
(0.0680863 0.0388624 0)
(0.0138325 0.0379702 0)
(0.0106327 -0.0286516 0)
(0.0377979 -0.0300785 0)
(0.06218 -0.0275623 0)
(0.0856243 -0.0253855 0)
(0.106378 -0.0247231 0)
(0.128118 -0.026378 0)
(0.150352 -0.0219381 0)
(0.164998 -0.0183534 0)
(0.183163 -0.0171347 0)
(0.195126 -0.0119696 0)
(0.204224 -0.00856963 0)
(0.212079 -0.00600426 0)
(0.216397 -0.00314028 0)
(0.216468 0.000125702 0)
(0.214374 0.00479736 0)
(0.208319 0.00753419 0)
(0.200341 0.0114487 0)
(0.187326 0.014387 0)
(0.172222 0.0202245 0)
(0.149573 0.0267743 0)
(0.119446 0.0343005 0)
(0.0822851 0.0422907 0)
(0.0230021 0.0545543 0)
(0.0102923 -0.0403611 0)
(0.0380849 -0.0425612 0)
(0.0625277 -0.0392316 0)
(0.0865806 -0.0362568 0)
(0.107708 -0.0351325 0)
(0.129774 -0.0369886 0)
(0.15094 -0.0310398 0)
(0.16625 -0.0268203 0)
(0.185249 -0.0251383 0)
(0.196466 -0.017766 0)
(0.206682 -0.0139926 0)
(0.214031 -0.0096596 0)
(0.217521 -0.00443465 0)
(0.217086 0.00150608 0)
(0.214676 0.00824415 0)
(0.209036 0.0145737 0)
(0.201007 0.0207178 0)
(0.187979 0.0281132 0)
(0.170907 0.0357268 0)
(0.148748 0.0502443 0)
(0.117218 0.0614739 0)
(0.081984 0.0844872 0)
(0.0178885 0.0877911 0)
(0.0104781 -0.0515327 0)
(0.0384505 -0.0547862 0)
(0.0628102 -0.0505011 0)
(0.08756 -0.0467595 0)
(0.109225 -0.0451563 0)
(0.131675 -0.0468327 0)
(0.151614 -0.0391898 0)
(0.16794 -0.0345746 0)
(0.187692 -0.0314158 0)
(0.198293 -0.0220778 0)
(0.209989 -0.0168477 0)
(0.217331 -0.0110916 0)
(0.221646 -0.00454691 0)
(0.221419 0.00150151 0)
(0.219982 0.00864174 0)
(0.213795 0.0139978 0)
(0.207372 0.0214428 0)
(0.195518 0.0286207 0)
(0.181849 0.0387807 0)
(0.161026 0.0521115 0)
(0.133565 0.0658072 0)
(0.0997179 0.0890575 0)
(0.0326486 0.101596 0)
(0.0116113 -0.0634602 0)
(0.0385342 -0.0672665 0)
(0.0631732 -0.0624141 0)
(0.0885619 -0.0581643 0)
(0.111073 -0.0559504 0)
(0.13407 -0.0569941 0)
(0.153283 -0.0481576 0)
(0.17107 -0.0438562 0)
(0.191078 -0.0394914 0)
(0.201004 -0.0283199 0)
(0.213144 -0.023026 0)
(0.220732 -0.0152138 0)
(0.223417 -0.00640791 0)
(0.222985 0.00224578 0)
(0.22038 0.0118112 0)
(0.214621 0.0205257 0)
(0.208046 0.0293056 0)
(0.197191 0.0401925 0)
(0.182287 0.0520054 0)
(0.163063 0.0731885 0)
(0.133047 0.090547 0)
(0.102516 0.132574 0)
(0.0293875 0.150756 0)
(0.0132078 -0.0752616 0)
(0.0388767 -0.0791854 0)
(0.0635277 -0.0741777 0)
(0.0896054 -0.0694317 0)
(0.113146 -0.0667009 0)
(0.13646 -0.0668184 0)
(0.155145 -0.056703 0)
(0.174477 -0.0524508 0)
(0.194018 -0.0455592 0)
(0.204019 -0.0324768 0)
(0.218264 -0.0261278 0)
(0.225426 -0.0158916 0)
(0.230416 -0.00555332 0)
(0.229915 0.00298231 0)
(0.228822 0.0126449 0)
(0.221032 0.0198242 0)
(0.215943 0.0297301 0)
(0.205811 0.0407705 0)
(0.195624 0.0548843 0)
(0.179187 0.0751995 0)
(0.156487 0.0941753 0)
(0.129455 0.13734 0)
(0.0507332 0.163127 0)
(0.0143438 -0.0880392 0)
(0.0395685 -0.0910071 0)
(0.0642406 -0.0863494 0)
(0.0907137 -0.0815702 0)
(0.115702 -0.078046 0)
(0.139147 -0.076793 0)
(0.158392 -0.06609 0)
(0.179236 -0.0622042 0)
(0.197563 -0.0534645 0)
(0.208253 -0.0398072 0)
(0.224245 -0.0331966 0)
(0.229256 -0.0210268 0)
(0.234536 -0.00858494 0)
(0.232447 0.00293209 0)
(0.230018 0.0159728 0)
(0.22226 0.0266186 0)
(0.217437 0.0364337 0)
(0.209481 0.0498557 0)
(0.198949 0.0646092 0)
(0.184955 0.092001 0)
(0.159528 0.114383 0)
(0.1378 0.183654 0)
(0.056065 0.237445 0)
(-0.02913 0.0518824 0)
(-0.38247 0.124675 0)
(-0.857933 0.376169 0)
(-2.41177 -0.058063 0)
(-2.5491 -0.180456 0)
(-2.54766 -0.178819 0)
(-2.5132 -0.179519 0)
(-2.40773 -0.176744 0)
(-2.21657 -0.157018 0)
(-2.05791 -0.127485 0)
(-1.97652 -0.100152 0)
(-1.94879 -0.0748656 0)
(-1.96169 -0.0381324 0)
(-2.01868 -0.0104445 0)
(-2.04554 -0.00960067 0)
(-2.00822 -0.0237411 0)
(-1.782 -0.0757368 0)
(-1.32253 -0.167764 0)
(-0.563916 -0.226834 0)
(-0.00746376 0.127874 0)
(-0.227557 0.226354 0)
(-0.220212 0.485338 0)
(-0.188255 0.720962 0)
(-0.855417 0.246939 0)
(-1.11697 0.144134 0)
(-1.02227 0.102714 0)
(-0.754577 0.035937 0)
(-0.749369 0.00716625 0)
(-1.63891 0.0520598 0)
(-1.93787 0.0569433 0)
(-1.95875 0.0684705 0)
(-1.9371 0.0679669 0)
(-1.89859 0.0461047 0)
(-1.81903 0.0049436 0)
(-1.63794 -0.089047 0)
(-1.37069 -0.217728 0)
(-0.999378 -0.350206 0)
(-0.462006 -0.579519 0)
(-0.00657397 0.161083 0)
(-0.218543 0.228783 0)
(-0.228212 0.385172 0)
(0.0564027 0.319885 0)
(1.0215 0.213963 0)
(0.788202 -0.024027 0)
(0.383994 -0.284272 0)
(-0.291016 -0.23971 0)
(-0.958364 0.229065 0)
(-2.13546 0.323333 0)
(-2.46781 0.0320573 0)
(-2.43067 -0.0759959 0)
(-2.11971 -0.0642204 0)
(-1.9137 -0.0605821 0)
(-1.73159 -0.120234 0)
(-1.58622 -0.214751 0)
(-1.44733 -0.345241 0)
(-0.862308 -0.551203 0)
(-0.281848 -0.849171 0)
(-0.00942112 0.226823 0)
(-0.13371 0.321028 0)
(-0.159828 0.362082 0)
(0.231207 0.102241 0)
(1.44334 -0.0501177 0)
(1.72832 0.294392 0)
(1.50196 0.495683 0)
(0.033512 0.564691 0)
(-1.04061 0.776884 0)
(-1.93192 0.732679 0)
(-2.59254 0.193919 0)
(-2.88647 -0.074448 0)
(-2.88882 -0.150766 0)
(-2.81989 -0.120857 0)
(-2.67966 -0.135691 0)
(-2.72584 -0.217429 0)
(-1.91824 -0.547455 0)
(-1.09545 -0.84591 0)
(-0.226106 -1.06719 0)
(0.0354171 0.230702 0)
(-0.140722 0.295988 0)
(-0.233614 0.250446 0)
(0.470583 -0.317943 0)
(1.23093 -0.406398 0)
(1.7592 0.0919547 0)
(1.88042 0.5084 0)
(0.910966 0.906806 0)
(-0.54441 1.07377 0)
(-1.3551 1.0005 0)
(-1.8045 0.430567 0)
(-1.86953 0.0457224 0)
(-1.91208 -0.093702 0)
(-1.806 -0.130804 0)
(-1.72492 -0.16991 0)
(-2.07265 -0.515456 0)
(-1.74589 -0.927559 0)
(-1.13463 -1.28263 0)
(-0.00812918 -1.42022 0)
(0.0371685 0.275496 0)
(-0.0665253 0.44431 0)
(-0.0415693 0.10556 0)
(0.56835 -0.558909 0)
(0.503966 -0.603438 0)
(1.05474 -0.0957278 0)
(2.1536 0.783655 0)
(1.59052 1.5476 0)
(-0.108132 1.71937 0)
(-0.783506 1.26937 0)
(-1.14563 0.430903 0)
(-1.30835 -0.0133044 0)
(-1.16975 -0.177544 0)
(-0.995312 -0.200761 0)
(-0.567747 -0.0473821 0)
(-0.711098 -0.224794 0)
(-0.752926 -1.0343 0)
(-0.613434 -1.56155 0)
(0.0998347 -1.57093 0)
(0.140299 0.250598 0)
(-0.0658185 0.322848 0)
(0.651366 -0.00714736 0)
(0.516374 -0.524835 0)
(0.43056 -0.591231 0)
(0.423014 -0.517449 0)
(1.44746 0.356224 0)
(2.15137 1.9289 0)
(0.691938 2.09055 0)
(-0.16601 1.46078 0)
(-0.62579 0.652645 0)
(-0.806132 0.0593039 0)
(-0.558036 -0.22448 0)
(-0.574212 -0.362488 0)
(-0.169654 -0.277722 0)
(0.096908 -0.377472 0)
(-0.0756187 -0.924356 0)
(-0.438895 -1.63483 0)
(0.158146 -1.64353 0)
(0.10452 0.2476 0)
(0.153088 0.250082 0)
(0.63425 -0.132489 0)
(0.512318 -0.470921 0)
(0.417576 -0.569149 0)
(0.393516 -0.549746 0)
(0.49017 -0.0269222 0)
(1.93397 1.86362 0)
(1.28513 2.68545 0)
(0.346909 1.82937 0)
(-0.0878025 0.711539 0)
(-0.329682 -0.0379963 0)
(0.0666583 -0.27814 0)
(-0.111322 -0.367776 0)
(0.168265 -0.348381 0)
(0.150497 -0.301466 0)
(0.527568 -0.792074 0)
(-0.296071 -1.65238 0)
(0.169463 -1.69819 0)
(0.0156269 -0.107977 0)
(0.0407426 -0.109474 0)
(0.0659052 -0.105197 0)
(0.0931575 -0.100705 0)
(0.119776 -0.0961958 0)
(0.1433 -0.0928373 0)
(0.163119 -0.081114 0)
(0.185739 -0.0759323 0)
(0.202361 -0.0625299 0)
(0.21636 -0.0480025 0)
(0.23489 -0.037556 0)
(0.239351 -0.0204819 0)
(0.249134 -0.00608172 0)
(0.246141 0.00644387 0)
(0.247466 0.0183648 0)
(0.234918 0.0252718 0)
(0.233687 0.0354867 0)
(0.221703 0.0492249 0)
(0.230603 0.067395 0)
(0.221056 0.0942827 0)
(0.251331 0.116774 0)
(0.247725 0.185194 0)
(0.328469 0.260693 0)
(0.0181347 -0.137555 0)
(0.0419622 -0.134921 0)
(0.0680256 -0.132285 0)
(0.0965774 -0.128856 0)
(0.125396 -0.121943 0)
(0.149056 -0.114603 0)
(0.171572 -0.103399 0)
(0.196426 -0.0967717 0)
(0.212701 -0.0810958 0)
(0.230488 -0.0696826 0)
(0.246762 -0.0548688 0)
(0.250789 -0.0356909 0)
(0.261581 -0.0163855 0)
(0.253352 0.00323978 0)
(0.249806 0.0263937 0)
(0.235439 0.0410177 0)
(0.235247 0.0498919 0)
(0.230248 0.0533369 0)
(0.230127 0.0641977 0)
(0.221798 0.0710473 0)
(0.247252 0.086937 0)
(0.253123 0.107954 0)
(0.337595 0.158173 0)
(0.0114845 -0.168099 0)
(0.0187181 -0.159306 0)
(0.0340955 -0.159796 0)
(0.0438764 -0.157969 0)
(0.0566345 -0.14852 0)
(0.0553249 -0.138691 0)
(0.0613137 -0.127913 0)
(0.049605 -0.116467 0)
(0.0516543 -0.0948137 0)
(0.0687662 -0.0810835 0)
(0.157362 -0.0580753 0)
(0.201756 -0.0353309 0)
(0.242274 -0.00865848 0)
(0.244329 0.0182805 0)
(0.259938 0.0363129 0)
(0.256612 0.0399028 0)
(0.269645 0.0408671 0)
(0.266667 0.0543869 0)
(0.249432 0.0758713 0)
(0.249241 0.0766775 0)
(0.267199 0.0845615 0)
(0.284984 0.0940178 0)
(0.342027 0.127992 0)
(0.00246245 -0.168568 0)
(0.00383094 -0.158325 0)
(0.0142959 -0.158386 0)
(0.0113477 -0.152266 0)
(0.0226855 -0.135031 0)
(0.019816 -0.119737 0)
(0.0360676 -0.101588 0)
(0.0276387 -0.0857466 0)
(0.0478084 -0.110984 0)
(0.0329137 -0.172689 0)
(0.0593105 -0.187663 0)
(0.000689138 -0.120503 0)
(0.0419598 -0.0577295 0)
(-0.16505 -0.0142068 0)
(-0.0143258 0.0143673 0)
(0.0910565 0.0314614 0)
(0.170568 0.0397433 0)
(0.19361 0.0738186 0)
(0.20958 0.0819258 0)
(0.240894 0.0537125 0)
(0.279259 0.0515133 0)
(0.292854 0.0333767 0)
(0.330824 0.0381455 0)
(-0.00150454 -0.173492 0)
(-0.00189146 -0.170001 0)
(0.00233787 -0.166541 0)
(-0.00233398 -0.164657 0)
(0.00369203 -0.156065 0)
(0.00691758 -0.149726 0)
(0.0200549 -0.134104 0)
(0.0316326 -0.125205 0)
(0.0568084 -0.0964475 0)
(0.0429677 -0.0891536 0)
(0.0160265 -0.0326694 0)
(-0.0042077 -0.0184084 0)
(0.0139921 0.15184 0)
(0.0218355 0.0765324 0)
(0.0618071 -0.221902 0)
(0.0813833 -0.146837 0)
(0.0279908 -0.0619642 0)
(0.0470619 0.0152243 0)
(0.104689 0.0284616 0)
(0.15864 0.00651871 0)
(0.211243 0.0324873 0)
(0.246395 0.042652 0)
(0.309228 0.0471724 0)
(0.00120173 -0.165889 0)
(-0.00265222 -0.163011 0)
(0.0020634 -0.158738 0)
(-0.00400434 -0.154618 0)
(0.000690134 -0.145443 0)
(-0.00672866 -0.137288 0)
(-0.00028622 -0.128053 0)
(-0.00896971 -0.123979 0)
(0.00161261 -0.123466 0)
(-0.0027306 -0.135134 0)
(0.0118399 -0.13164 0)
(0.032874 -0.119144 0)
(0.0684504 -0.0782301 0)
(0.219137 -0.062845 0)
(0.198749 -0.0429168 0)
(0.119429 0.0639781 0)
(0.135615 0.0743001 0)
(0.11528 -0.00238592 0)
(0.162235 -0.0304761 0)
(0.0752263 -0.0526117 0)
(0.0785507 -0.0370865 0)
(0.0357176 -0.0655512 0)
(0.157868 -0.0882649 0)
(0.0018383 -0.17134 0)
(0.00102062 -0.169954 0)
(0.00554312 -0.164631 0)
(0.00580241 -0.162059 0)
(0.0118131 -0.152849 0)
(0.0149843 -0.147225 0)
(0.0247097 -0.131426 0)
(0.0289096 -0.125526 0)
(0.0396978 -0.102765 0)
(0.0381498 -0.0982851 0)
(0.0347705 -0.0720832 0)
(0.0322682 -0.0756147 0)
(0.035539 -0.0386876 0)
(0.0580448 -0.0549081 0)
(0.0640295 -0.121714 0)
(0.0957237 -0.0848861 0)
(0.179215 -0.0560964 0)
(0.219038 -0.0133763 0)
(0.240435 0.0658787 0)
(0.266903 0.0871434 0)
(0.264351 0.0704908 0)
(0.254039 -0.037217 0)
(0.182025 -0.171335 0)
(0.0028103 -0.169233 0)
(0.00156789 -0.167273 0)
(0.00720876 -0.164001 0)
(0.0075362 -0.161535 0)
(0.0136252 -0.155153 0)
(0.0143174 -0.150915 0)
(0.0228385 -0.142436 0)
(0.0254838 -0.139734 0)
(0.0353696 -0.132341 0)
(0.0435588 -0.131051 0)
(0.0517433 -0.122845 0)
(0.0677777 -0.119927 0)
(0.0732451 -0.101764 0)
(0.113046 -0.0912368 0)
(0.103352 -0.0797289 0)
(0.0895783 -0.0511753 0)
(0.102335 -0.0499411 0)
(0.109241 -0.0608536 0)
(0.146616 -0.0757398 0)
(0.217143 -0.0714611 0)
(0.272919 -0.0220791 0)
(0.345259 0.0181897 0)
(0.322027 0.0609686 0)
(0.0026764 -0.175292 0)
(0.00700262 -0.173786 0)
(0.013329 -0.1703 0)
(0.0180954 -0.167762 0)
(0.0248887 -0.159472 0)
(0.0301857 -0.155636 0)
(0.0382944 -0.142642 0)
(0.044355 -0.137348 0)
(0.0513309 -0.121361 0)
(0.0567767 -0.114305 0)
(0.0585246 -0.0978123 0)
(0.0613447 -0.0973005 0)
(0.0596977 -0.0854442 0)
(0.0681185 -0.0855699 0)
(0.0697217 -0.0982206 0)
(0.0799898 -0.0849698 0)
(0.0986891 -0.0754749 0)
(0.10423 -0.0602028 0)
(0.112055 -0.0433921 0)
(0.10131 -0.0439137 0)
(0.116424 -0.058291 0)
(0.137503 -0.0883639 0)
(0.19786 -0.0901524 0)
(0.00309704 -0.179202 0)
(0.00781993 -0.178251 0)
(0.014757 -0.17537 0)
(0.0192781 -0.173449 0)
(0.0268707 -0.167481 0)
(0.0318123 -0.164669 0)
(0.0402671 -0.156737 0)
(0.0475837 -0.153048 0)
(0.0561219 -0.144509 0)
(0.0676912 -0.138381 0)
(0.0764335 -0.126471 0)
(0.0906289 -0.120902 0)
(0.0948648 -0.107738 0)
(0.109855 -0.100899 0)
(0.109439 -0.0913466 0)
(0.107575 -0.0794988 0)
(0.112597 -0.0743887 0)
(0.111909 -0.0725201 0)
(0.120174 -0.0723444 0)
(0.125181 -0.0734496 0)
(0.128082 -0.0584977 0)
(0.117753 -0.0625516 0)
(0.0950508 -0.0586236 0)
(0.00430866 -0.186013 0)
(0.0107154 -0.185176 0)
(0.0194769 -0.181652 0)
(0.0260774 -0.179532 0)
(0.0349941 -0.172012 0)
(0.0420008 -0.168654 0)
(0.0508498 -0.158567 0)
(0.0586474 -0.152881 0)
(0.0660028 -0.141844 0)
(0.074413 -0.134478 0)
(0.0811318 -0.121398 0)
(0.0905844 -0.11579 0)
(0.0954422 -0.105188 0)
(0.104763 -0.10039 0)
(0.108183 -0.0958744 0)
(0.114144 -0.088742 0)
(0.120001 -0.0794336 0)
(0.118272 -0.0690766 0)
(0.118456 -0.0563021 0)
(0.103743 -0.0537798 0)
(0.0981899 -0.0497506 0)
(0.0803673 -0.0567698 0)
(0.0710886 -0.0553619 0)
(0.00454885 -0.194372 0)
(0.0117358 -0.193579 0)
(0.0209357 -0.190864 0)
(0.0282911 -0.189122 0)
(0.0378675 -0.183516 0)
(0.046024 -0.180653 0)
(0.0557133 -0.173456 0)
(0.0654253 -0.168274 0)
(0.0748094 -0.160231 0)
(0.086176 -0.153505 0)
(0.0958366 -0.142455 0)
(0.109347 -0.13508 0)
(0.117288 -0.121816 0)
(0.129852 -0.113393 0)
(0.134273 -0.100848 0)
(0.139681 -0.0908562 0)
(0.141972 -0.0788295 0)
(0.142749 -0.0700433 0)
(0.143272 -0.0580299 0)
(0.141286 -0.0518702 0)
(0.132101 -0.035482 0)
(0.117647 -0.0341777 0)
(0.0885458 -0.024259 0)
(0.00545951 -0.202267 0)
(0.0142476 -0.201489 0)
(0.0253181 -0.198232 0)
(0.0341862 -0.196349 0)
(0.0452357 -0.189839 0)
(0.054261 -0.186356 0)
(0.0646017 -0.178138 0)
(0.0739769 -0.171833 0)
(0.0829527 -0.162834 0)
(0.0921995 -0.155408 0)
(0.099727 -0.144855 0)
(0.109003 -0.13721 0)
(0.114966 -0.12586 0)
(0.124134 -0.117407 0)
(0.128174 -0.105566 0)
(0.134419 -0.0966248 0)
(0.136399 -0.0820739 0)
(0.136743 -0.0708874 0)
(0.135147 -0.0542087 0)
(0.126576 -0.0434631 0)
(0.118003 -0.0251157 0)
(0.0992594 -0.0142162 0)
(0.0775947 0.0045881 0)
(0.00581785 -0.214145 0)
(0.0154957 -0.213509 0)
(0.027327 -0.210867 0)
(0.0372247 -0.209103 0)
(0.0491595 -0.20366 0)
(0.0596128 -0.200062 0)
(0.0711765 -0.193247 0)
(0.0825579 -0.186644 0)
(0.0937038 -0.17852 0)
(0.105667 -0.170274 0)
(0.115903 -0.159332 0)
(0.127925 -0.150285 0)
(0.136173 -0.137102 0)
(0.146971 -0.126524 0)
(0.152648 -0.111423 0)
(0.16041 -0.0988878 0)
(0.162315 -0.0815467 0)
(0.166311 -0.0683543 0)
(0.163773 -0.0482106 0)
(0.16276 -0.0340028 0)
(0.152125 -0.00833099 0)
(0.143239 0.00732149 0)
(0.120314 0.0348946 0)
(0.00644954 -0.223649 0)
(0.0174717 -0.223044 0)
(0.0304306 -0.220059 0)
(0.0411606 -0.218192 0)
(0.0538945 -0.212362 0)
(0.0647017 -0.208343 0)
(0.0766833 -0.201243 0)
(0.0876951 -0.194296 0)
(0.0988364 -0.186103 0)
(0.109852 -0.177519 0)
(0.119857 -0.167222 0)
(0.130899 -0.157372 0)
(0.139146 -0.144892 0)
(0.149489 -0.133776 0)
(0.155142 -0.118791 0)
(0.163615 -0.106244 0)
(0.166123 -0.0875482 0)
(0.170823 -0.0724547 0)
(0.168814 -0.0500939 0)
(0.166851 -0.0321489 0)
(0.157928 -0.00501085 0)
(0.147792 0.0169821 0)
(0.127779 0.0486712 0)
(0.00703386 -0.238108 0)
(0.0192929 -0.237539 0)
(0.0334368 -0.234603 0)
(0.0455749 -0.23261 0)
(0.0595615 -0.227269 0)
(0.0720641 -0.222887 0)
(0.0856052 -0.216339 0)
(0.0985612 -0.20884 0)
(0.111616 -0.200811 0)
(0.124693 -0.191358 0)
(0.136718 -0.180567 0)
(0.149549 -0.169667 0)
(0.160165 -0.155949 0)
(0.172247 -0.142628 0)
(0.180443 -0.125882 0)
(0.19111 -0.109938 0)
(0.195305 -0.0891273 0)
(0.204096 -0.07098 0)
(0.203017 -0.0445017 0)
(0.207963 -0.0228303 0)
(0.199634 0.0108306 0)
(0.197753 0.0380953 0)
(0.179776 0.0791138 0)
(0.00762281 -0.250097 0)
(0.0205394 -0.249557 0)
(0.0357727 -0.246477 0)
(0.0485209 -0.244391 0)
(0.0633455 -0.239 0)
(0.0762269 -0.234412 0)
(0.0904117 -0.227886 0)
(0.103406 -0.220278 0)
(0.116974 -0.212345 0)
(0.130004 -0.202539 0)
(0.142727 -0.192103 0)
(0.1557 -0.180689 0)
(0.167044 -0.167489 0)
(0.179468 -0.153899 0)
(0.18879 -0.137387 0)
(0.200239 -0.120977 0)
(0.206426 -0.100103 0)
(0.216287 -0.0801334 0)
(0.217609 -0.05346 0)
(0.224804 -0.0288987 0)
(0.219928 0.00558511 0)
(0.222619 0.0364521 0)
(0.210285 0.0807213 0)
(0.00824857 -0.266318 0)
(0.022903 -0.265748 0)
(0.0394441 -0.262641 0)
(0.0538495 -0.260241 0)
(0.0700047 -0.255062 0)
(0.084576 -0.250019 0)
(0.100273 -0.243651 0)
(0.11495 -0.235494 0)
(0.130133 -0.227597 0)
(0.144855 -0.217249 0)
(0.159463 -0.206514 0)
(0.174251 -0.194184 0)
(0.187956 -0.180028 0)
(0.202277 -0.164638 0)
(0.214359 -0.147001 0)
(0.228116 -0.127873 0)
(0.237141 -0.105502 0)
(0.250343 -0.082432 0)
(0.254697 -0.0531961 0)
(0.266965 -0.0252971 0)
(0.265215 0.0132125 0)
(0.275019 0.0478124 0)
(0.266683 0.0972852 0)
(0.00866883 -0.281409 0)
(0.0238087 -0.28091 0)
(0.0411734 -0.277586 0)
(0.0562237 -0.275069 0)
(0.0732244 -0.269886 0)
(0.0885225 -0.264743 0)
(0.105182 -0.2584 0)
(0.120564 -0.250135 0)
(0.136902 -0.242337 0)
(0.152327 -0.231805 0)
(0.168057 -0.221496 0)
(0.183553 -0.209064 0)
(0.198435 -0.195388 0)
(0.21363 -0.180151 0)
(0.227479 -0.162945 0)
(0.242215 -0.143636 0)
(0.254093 -0.121882 0)
(0.268349 -0.0976684 0)
(0.276797 -0.0695365 0)
(0.291022 -0.039556 0)
(0.29453 -0.00200365 0)
(0.308749 0.0346372 0)
(0.307385 0.0852358 0)
(0.00921277 -0.298856 0)
(0.0253408 -0.298328 0)
(0.0437595 -0.295128 0)
(0.060093 -0.292375 0)
(0.0782588 -0.287471 0)
(0.0950727 -0.282077 0)
(0.113141 -0.275858 0)
(0.130168 -0.26735 0)
(0.148279 -0.259591 0)
(0.165612 -0.248598 0)
(0.18353 -0.238035 0)
(0.201266 -0.224833 0)
(0.218711 -0.210457 0)
(0.236412 -0.19404 0)
(0.253173 -0.175967 0)
(0.270662 -0.154932 0)
(0.285839 -0.13197 0)
(0.303217 -0.105654 0)
(0.315725 -0.0760331 0)
(0.333713 -0.0435852 0)
(0.34221 -0.00435732 0)
(0.361686 0.0344555 0)
(0.366358 0.0872855 0)
(0.00945334 -0.316157 0)
(0.0257078 -0.315654 0)
(0.0444422 -0.312528 0)
(0.0612359 -0.309728 0)
(0.0799244 -0.305046 0)
(0.0973536 -0.29973 0)
(0.11634 -0.293649 0)
(0.13429 -0.285312 0)
(0.153709 -0.277882 0)
(0.172086 -0.26703 0)
(0.191566 -0.257165 0)
(0.21063 -0.244164 0)
(0.229907 -0.230438 0)
(0.249387 -0.214496 0)
(0.268535 -0.196956 0)
(0.28795 -0.176201 0)
(0.30635 -0.15403 0)
(0.325476 -0.127552 0)
(0.342187 -0.0994778 0)
(0.361871 -0.0662117 0)
(0.3756 -0.0293653 0)
(0.39791 0.010114 0)
(0.408275 0.0615638 0)
(0.00962314 -0.334075 0)
(0.0256231 -0.333393 0)
(0.0444579 -0.33073 0)
(0.0616244 -0.327949 0)
(0.0806723 -0.323707 0)
(0.0989024 -0.318613 0)
(0.11884 -0.312975 0)
(0.138232 -0.304882 0)
(0.159396 -0.297642 0)
(0.17982 -0.286682 0)
(0.201763 -0.276909 0)
(0.223363 -0.263485 0)
(0.245639 -0.249609 0)
(0.268269 -0.233078 0)
(0.290804 -0.214967 0)
(0.314003 -0.193264 0)
(0.336375 -0.169902 0)
(0.359909 -0.142132 0)
(0.381572 -0.112685 0)
(0.405772 -0.0777939 0)
(0.425403 -0.0403902 0)
(0.452137 0.000862717 0)
(0.468514 0.0524241 0)
(0.00944351 -0.351625 0)
(0.0247108 -0.350714 0)
(0.0431072 -0.348747 0)
(0.0597736 -0.346142 0)
(0.0784392 -0.342534 0)
(0.0964576 -0.338056 0)
(0.116397 -0.33317 0)
(0.136 -0.325976 0)
(0.157798 -0.319624 0)
(0.178956 -0.309445 0)
(0.202264 -0.300795 0)
(0.225243 -0.288033 0)
(0.24971 -0.275334 0)
(0.274671 -0.259608 0)
(0.300326 -0.242557 0)
(0.326737 -0.221717 0)
(0.353334 -0.199654 0)
(0.380798 -0.172773 0)
(0.407576 -0.144887 0)
(0.435634 -0.110223 0)
(0.461076 -0.0750939 0)
(0.491187 -0.033385 0)
(0.51323 0.0158423 0)
(0.00875348 -0.36826 0)
(0.0232171 -0.367103 0)
(0.0404926 -0.365836 0)
(0.0563057 -0.363343 0)
(0.0741204 -0.360477 0)
(0.0916399 -0.356668 0)
(0.11114 -0.35267 0)
(0.130787 -0.346432 0)
(0.152909 -0.340833 0)
(0.175123 -0.331363 0)
(0.20009 -0.32352 0)
(0.225218 -0.311235 0)
(0.252694 -0.299451 0)
(0.281175 -0.284109 0)
(0.311013 -0.267519 0)
(0.342206 -0.246811 0)
(0.373966 -0.22446 0)
(0.407114 -0.197057 0)
(0.439831 -0.16793 0)
(0.473884 -0.132183 0)
(0.506398 -0.0961416 0)
(0.542182 -0.0524285 0)
(0.57167 -0.00323384 0)
(0.00788353 -0.383835 0)
(0.0216358 -0.382701 0)
(0.0375063 -0.382077 0)
(0.0521812 -0.380007 0)
(0.0687508 -0.378114 0)
(0.0850359 -0.375292 0)
(0.103229 -0.372561 0)
(0.121673 -0.367936 0)
(0.142662 -0.364192 0)
(0.164251 -0.356783 0)
(0.189172 -0.351096 0)
(0.214697 -0.340758 0)
(0.243451 -0.331443 0)
(0.273421 -0.318015 0)
(0.305647 -0.303659 0)
(0.339548 -0.284749 0)
(0.375093 -0.264519 0)
(0.412555 -0.238757 0)
(0.450708 -0.211442 0)
(0.490478 -0.177025 0)
(0.530148 -0.142926 0)
(0.572163 -0.0990883 0)
(0.609354 -0.0524571 0)
(0.00682299 -0.397754 0)
(0.0195136 -0.396715 0)
(0.0334888 -0.396363 0)
(0.046804 -0.394583 0)
(0.0617403 -0.393341 0)
(0.0766609 -0.391163 0)
(0.093396 -0.389367 0)
(0.110734 -0.385926 0)
(0.130514 -0.383546 0)
(0.15131 -0.378002 0)
(0.175549 -0.3742 0)
(0.201145 -0.365729 0)
(0.230795 -0.35852 0)
(0.262412 -0.346629 0)
(0.29747 -0.334094 0)
(0.335194 -0.316711 0)
(0.37576 -0.297985 0)
(0.419228 -0.273298 0)
(0.464181 -0.24637 0)
(0.511709 -0.212487 0)
(0.55973 -0.178217 0)
(0.609716 -0.132827 0)
(0.655955 -0.0865545 0)
(0.00598289 -0.410425 0)
(0.0175968 -0.409633 0)
(0.0299275 -0.409631 0)
(0.0420055 -0.40853 0)
(0.055373 -0.408257 0)
(0.0689079 -0.407226 0)
(0.0840204 -0.406944 0)
(0.0999108 -0.405341 0)
(0.117975 -0.405101 0)
(0.137302 -0.402111 0)
(0.159769 -0.401287 0)
(0.183872 -0.396304 0)
(0.212184 -0.393084 0)
(0.242789 -0.384998 0)
(0.277724 -0.376805 0)
(0.315979 -0.363359 0)
(0.358372 -0.348871 0)
(0.404367 -0.327526 0)
(0.453495 -0.304118 0)
(0.506454 -0.272996 0)
(0.561269 -0.24088 0)
(0.618443 -0.195904 0)
(0.674028 -0.152239 0)
(0.00510618 -0.42124 0)
(0.0152292 -0.420575 0)
(0.0257486 -0.420678 0)
(0.0362725 -0.419937 0)
(0.0477623 -0.420156 0)
(0.0596567 -0.419716 0)
(0.0728515 -0.4203 0)
(0.0871357 -0.419799 0)
(0.103279 -0.420903 0)
(0.121105 -0.419748 0)
(0.141776 -0.420801 0)
(0.164472 -0.41815 0)
(0.191187 -0.417565 0)
(0.220502 -0.412257 0)
(0.254562 -0.407535 0)
(0.292585 -0.397577 0)
(0.33557 -0.386751 0)
(0.383293 -0.368817 0)
(0.436147 -0.348934 0)
(0.494497 -0.320925 0)
(0.556648 -0.29068 0)
(0.62268 -0.24665 0)
(0.69037 -0.205895 0)
(0.00448197 -0.431032 0)
(0.0135364 -0.430559 0)
(0.0227311 -0.43096 0)
(0.0321429 -0.430842 0)
(0.0421924 -0.431965 0)
(0.0529233 -0.432648 0)
(0.0646003 -0.4348 0)
(0.0776845 -0.43615 0)
(0.0921806 -0.439516 0)
(0.108683 -0.44105 0)
(0.127455 -0.445182 0)
(0.148632 -0.446225 0)
(0.173325 -0.449733 0)
(0.200824 -0.448951 0)
(0.232887 -0.449595 0)
(0.268962 -0.445012 0)
(0.310005 -0.440338 0)
(0.356297 -0.428815 0)
(0.40882 -0.416077 0)
(0.467458 -0.394277 0)
(0.531724 -0.369655 0)
(0.601922 -0.330525 0)
(0.677813 -0.295396 0)
(0.00370524 -0.439097 0)
(0.0113359 -0.438668 0)
(0.0189211 -0.439118 0)
(0.0269093 -0.439225 0)
(0.0352191 -0.44076 0)
(0.044456 -0.441927 0)
(0.0541926 -0.44487 0)
(0.0656117 -0.447155 0)
(0.0778555 -0.451698 0)
(0.0924427 -0.454774 0)
(0.108619 -0.460544 0)
(0.127558 -0.463753 0)
(0.149272 -0.469571 0)
(0.174184 -0.471548 0)
(0.203133 -0.475545 0)
(0.236403 -0.474473 0)
(0.274787 -0.474055 0)
(0.31927 -0.467534 0)
(0.370343 -0.46022 0)
(0.428401 -0.443981 0)
(0.494067 -0.425452 0)
(0.5682 -0.393355 0)
(0.652291 -0.366491 0)
(0.00325242 -0.446364 0)
(0.0100858 -0.446074 0)
(0.0167157 -0.446842 0)
(0.0239215 -0.447462 0)
(0.0311597 -0.449864 0)
(0.0395694 -0.451994 0)
(0.0480788 -0.456384 0)
(0.0585896 -0.460265 0)
(0.0693506 -0.466884 0)
(0.0829041 -0.472377 0)
(0.0972296 -0.480977 0)
(0.114911 -0.48758 0)
(0.134342 -0.497219 0)
(0.157551 -0.503674 0)
(0.183802 -0.512882 0)
(0.214575 -0.517702 0)
(0.249682 -0.524473 0)
(0.29089 -0.525587 0)
(0.337402 -0.526636 0)
(0.391322 -0.519336 0)
(0.453023 -0.510884 0)
(0.52356 -0.490137 0)
(0.606202 -0.473858 0)
(0.00257266 -0.452216 0)
(0.00813706 -0.451911 0)
(0.0134018 -0.452725 0)
(0.0193525 -0.453427 0)
(0.0251185 -0.456157 0)
(0.0321234 -0.458563 0)
(0.0389106 -0.4636 0)
(0.0477063 -0.468084 0)
(0.056269 -0.475666 0)
(0.067658 -0.482231 0)
(0.0790193 -0.492138 0)
(0.0939386 -0.500343 0)
(0.109356 -0.511721 0)
(0.128979 -0.520363 0)
(0.150035 -0.532008 0)
(0.176051 -0.539587 0)
(0.204777 -0.549765 0)
(0.239832 -0.554414 0)
(0.279041 -0.560058 0)
(0.327068 -0.558852 0)
(0.382753 -0.557313 0)
(0.449968 -0.546144 0)
(0.53224 -0.542667 0)
(0.00223115 -0.457387 0)
(0.00715365 -0.457224 0)
(0.0117423 -0.458389 0)
(0.0170311 -0.459527 0)
(0.0220507 -0.463017 0)
(0.0282556 -0.466197 0)
(0.0341372 -0.472438 0)
(0.0418985 -0.478136 0)
(0.049206 -0.48744 0)
(0.059235 -0.495782 0)
(0.0686888 -0.508046 0)
(0.0818562 -0.518759 0)
(0.0943842 -0.533292 0)
(0.111678 -0.545434 0)
(0.128515 -0.561301 0)
(0.151173 -0.573817 0)
(0.174136 -0.589975 0)
(0.204309 -0.601575 0)
(0.235519 -0.615994 0)
(0.276376 -0.625128 0)
(0.318767 -0.636191 0)
(0.375215 -0.641887 0)
(0.43821 -0.657412 0)
(0.00160032 -0.461323 0)
(0.00528182 -0.461142 0)
(0.00861334 -0.462314 0)
(0.0125791 -0.463428 0)
(0.0162391 -0.467059 0)
(0.0208498 -0.470288 0)
(0.0251048 -0.476859 0)
(0.0307903 -0.482704 0)
(0.0359663 -0.492527 0)
(0.0432235 -0.50114 0)
(0.0497585 -0.51416 0)
(0.0592355 -0.525295 0)
(0.0676016 -0.540789 0)
(0.0799552 -0.553526 0)
(0.0906727 -0.570559 0)
(0.10669 -0.583949 0)
(0.120639 -0.601742 0)
(0.1416 -0.614179 0)
(0.159594 -0.630744 0)
(0.187591 -0.640107 0)
(0.211334 -0.654693 0)
(0.251302 -0.663424 0)
(0.29228 -0.695381 0)
(0.0012964 -0.464616 0)
(0.00431299 -0.464591 0)
(0.00700906 -0.466052 0)
(0.0102051 -0.467538 0)
(0.0131416 -0.471707 0)
(0.0167462 -0.475516 0)
(0.0200823 -0.482895 0)
(0.0243635 -0.489565 0)
(0.0282824 -0.500536 0)
(0.033561 -0.510304 0)
(0.038298 -0.524925 0)
(0.0449177 -0.537551 0)
(0.050554 -0.555151 0)
(0.0587316 -0.569738 0)
(0.0651282 -0.58953 0)
(0.0750363 -0.605386 0)
(0.0820194 -0.626834 0)
(0.0937036 -0.642613 0)
(0.100628 -0.664493 0)
(0.113615 -0.67959 0)
(0.118458 -0.702978 0)
(0.132073 -0.726191 0)
(0.144269 -0.79157 0)
(0.00070141 -0.466577 0)
(0.00250789 -0.466497 0)
(0.00398072 -0.46784 0)
(0.00586443 -0.469171 0)
(0.00742996 -0.473191 0)
(0.00944824 -0.476769 0)
(0.0110916 -0.483983 0)
(0.0133622 -0.49033 0)
(0.0151113 -0.501104 0)
(0.0177353 -0.510412 0)
(0.0195629 -0.524721 0)
(0.0224928 -0.536574 0)
(0.0241152 -0.553573 0)
(0.0269782 -0.566808 0)
(0.0276267 -0.585528 0)
(0.0295722 -0.599123 0)
(0.0276787 -0.618676 0)
(0.0268816 -0.630492 0)
(0.0188462 -0.648394 0)
(0.010477 -0.654828 0)
(-0.0113307 -0.670234 0)
(-0.0344227 -0.685275 0)
(-0.0611719 -0.767404 0)
(0.000426579 -0.468241 0)
(0.00162478 -0.468288 0)
(0.00245734 -0.469839 0)
(0.00359201 -0.471435 0)
(0.00435892 -0.475777 0)
(0.00541681 -0.479702 0)
(0.00606278 -0.487403 0)
(0.00706558 -0.494234 0)
(0.00749854 -0.50567 0)
(0.0083174 -0.51559 0)
(0.00825748 -0.530676 0)
(0.00844735 -0.543184 0)
(0.00722977 -0.56094 0)
(0.00580945 -0.57465 0)
(0.00196679 -0.59383 0)
(-0.00302056 -0.607246 0)
(-0.0125688 -0.626356 0)
(-0.025381 -0.636105 0)
(-0.0477498 -0.650913 0)
(-0.0791628 -0.652419 0)
(-0.128766 -0.661553 0)
(-0.197139 -0.680003 0)
(-0.276072 -0.786589 0)
(-1.9641e-05 -0.468154 0)
(0.000213986 -0.468048 0)
(-6.03436e-06 -0.46932 0)
(1.30092e-05 -0.470558 0)
(-0.000454161 -0.47447 0)
(-0.000716544 -0.477867 0)
(-0.00156546 -0.484972 0)
(-0.00224561 -0.491005 0)
(-0.00372389 -0.50152 0)
(-0.00516393 -0.510184 0)
(-0.00771476 -0.523764 0)
(-0.0106232 -0.534237 0)
(-0.015106 -0.549506 0)
(-0.0208615 -0.559789 0)
(-0.0291984 -0.574804 0)
(-0.0404332 -0.582206 0)
(-0.0572899 -0.593794 0)
(-0.0806106 -0.592053 0)
(-0.11776 -0.591209 0)
(-0.173488 -0.56927 0)
(-0.264027 -0.547577 0)
(-0.398106 -0.531834 0)
(-0.567011 -0.605785 0)
(-0.000238534 -0.468971 0)
(-0.000422861 -0.468843 0)
(-0.00109178 -0.470192 0)
(-0.00157136 -0.471564 0)
(-0.00261845 -0.475672 0)
(-0.00353707 -0.479264 0)
(-0.00512315 -0.486633 0)
(-0.00675087 -0.492913 0)
(-0.00924777 -0.503721 0)
(-0.0121312 -0.512676 0)
(-0.0161523 -0.526485 0)
(-0.0212727 -0.537202 0)
(-0.0279383 -0.552378 0)
(-0.0370817 -0.56241 0)
(-0.0487877 -0.576479 0)
(-0.0651708 -0.581581 0)
(-0.0876358 -0.589099 0)
(-0.119903 -0.578709 0)
(-0.16733 -0.561693 0)
(-0.243512 -0.509622 0)
(-0.363054 -0.44077 0)
(-0.55581 -0.38021 0)
(-0.805876 -0.423376 0)
(-0.000656879 -0.466842 0)
(-0.00161885 -0.466533 0)
(-0.00309112 -0.467489 0)
(-0.00440236 -0.468311 0)
(-0.00636496 -0.471731 0)
(-0.00833278 -0.47451 0)
(-0.0110875 -0.480815 0)
(-0.0141086 -0.485808 0)
(-0.0180927 -0.494929 0)
(-0.0228014 -0.501872 0)
(-0.0286926 -0.513022 0)
(-0.0361261 -0.520557 0)
(-0.0450592 -0.531545 0)
(-0.0568942 -0.536343 0)
(-0.0711384 -0.543787 0)
(-0.0901485 -0.539743 0)
(-0.114821 -0.535029 0)
(-0.148578 -0.507299 0)
(-0.194537 -0.462017 0)
(-0.265588 -0.366641 0)
(-0.366586 -0.2281 0)
(-0.515309 -0.079894 0)
(-0.724281 0.0207239 0)
(-0.000723003 -0.467429 0)
(-0.00180515 -0.467154 0)
(-0.00339129 -0.468183 0)
(-0.00476851 -0.469103 0)
(-0.00679081 -0.472623 0)
(-0.00884093 -0.475502 0)
(-0.0116894 -0.481938 0)
(-0.0148841 -0.487113 0)
(-0.0189958 -0.496421 0)
(-0.0239577 -0.503653 0)
(-0.0299696 -0.515013 0)
(-0.0376231 -0.522951 0)
(-0.046524 -0.534121 0)
(-0.0581484 -0.539211 0)
(-0.071714 -0.546671 0)
(-0.0891777 -0.541837 0)
(-0.110937 -0.535403 0)
(-0.139995 -0.504252 0)
(-0.179437 -0.451035 0)
(-0.243181 -0.343478 0)
(-0.357254 -0.19799 0)
(-0.617831 -0.0265846 0)
(-1.04033 0.188699 0)
(-0.00108754 -0.463406 0)
(-0.00294814 -0.462939 0)
(-0.00533253 -0.46356 0)
(-0.00764369 -0.463887 0)
(-0.0106808 -0.466545 0)
(-0.0139489 -0.468385 0)
(-0.0181358 -0.473396 0)
(-0.0229935 -0.476943 0)
(-0.0289884 -0.484068 0)
(-0.0362864 -0.488832 0)
(-0.0450255 -0.496958 0)
(-0.0559398 -0.501186 0)
(-0.0688045 -0.507739 0)
(-0.0848891 -0.507256 0)
(-0.103939 -0.508219 0)
(-0.127307 -0.49509 0)
(-0.15554 -0.477893 0)
(-0.190768 -0.431305 0)
(-0.235737 -0.349919 0)
(-0.300534 -0.179051 0)
(-0.410681 0.159344 0)
(-0.669131 0.614907 0)
(-1.06454 0.933271 0)
(0.321062 0.197078 0)
(0.186186 0.20486 0)
(0.178337 0.157695 0)
(0.0819299 0.105065 0)
(0.370808 0.108543 0)
(0.384585 0.0941312 0)
(0.414288 0.065284 0)
(0.415242 0.0266383 0)
(0.38786 0.122888 0)
(0.402581 0.11025 0)
(0.426997 0.093873 0)
(0.435632 0.0692788 0)
(0.362286 0.0160853 0)
(0.386603 0.0097494 0)
(0.406148 -0.00512754 0)
(0.427027 -0.0142053 0)
(0.355302 0.0296593 0)
(0.384189 0.0176342 0)
(0.405609 0.00930091 0)
(0.421745 0.000318266 0)
(0.22758 -0.108557 0)
(0.257268 -0.0972003 0)
(0.295286 -0.085027 0)
(0.312437 -0.0636246 0)
(0.124781 -0.129907 0)
(0.0784511 -0.127469 0)
(0.0451622 -0.10897 0)
(0.00688243 -0.086776 0)
(0.282989 0.0669523 0)
(0.268617 0.0735102 0)
(0.233422 0.0618748 0)
(0.204196 0.069052 0)
(0.239663 -0.0490562 0)
(0.27985 -0.016407 0)
(0.307675 0.0283345 0)
(0.3442 0.0932527 0)
(0.0879935 -0.0756415 0)
(0.0909047 -0.0725913 0)
(0.102052 -0.0750192 0)
(0.12358 -0.0526549 0)
(0.0521437 -0.0479615 0)
(0.0438166 -0.0433738 0)
(0.0308725 -0.0432154 0)
(0.0285941 -0.0331273 0)
(0.0667569 -0.0306757 0)
(0.0486953 -0.0283103 0)
(0.0343402 -0.0403867 0)
(0.0128429 -0.0417454 0)
(0.0502044 0.0182074 0)
(0.0295081 0.0264851 0)
(0.00567932 0.0311305 0)
(-0.0241097 0.0367883 0)
(0.104989 0.0520878 0)
(0.0881198 0.0664684 0)
(0.0750798 0.0757644 0)
(0.0521073 0.0916842 0)
(0.110569 0.0736433 0)
(0.0943527 0.090024 0)
(0.0806411 0.106246 0)
(0.0581927 0.125212 0)
(0.169461 0.110486 0)
(0.156149 0.131435 0)
(0.146656 0.153232 0)
(0.128882 0.176985 0)
(0.206613 0.115022 0)
(0.197927 0.138418 0)
(0.194768 0.16307 0)
(0.183037 0.190778 0)
(0.269675 0.133498 0)
(0.264424 0.158339 0)
(0.26604 0.184157 0)
(0.259701 0.212418 0)
(0.316177 0.121199 0)
(0.314762 0.146733 0)
(0.321021 0.172119 0)
(0.318549 0.201105 0)
(0.380744 0.12336 0)
(0.383022 0.149548 0)
(0.393196 0.174653 0)
(0.395124 0.203744 0)
(0.426507 0.0958083 0)
(0.43165 0.121542 0)
(0.444878 0.14544 0)
(0.449309 0.1742 0)
(0.49065 0.085968 0)
(0.498746 0.111736 0)
(0.514645 0.135291 0)
(0.522126 0.164099 0)
(0.537986 0.0474753 0)
(0.548376 0.0722429 0)
(0.565849 0.094782 0)
(0.575085 0.122839 0)
(0.600759 0.0283393 0)
(0.614272 0.0535508 0)
(0.63387 0.0765554 0)
(0.645914 0.104937 0)
(0.643183 -0.0218608 0)
(0.659864 0.00371082 0)
(0.682214 0.0265481 0)
(0.697348 0.0549191 0)
(0.695684 -0.0550951 0)
(0.716578 -0.0284203 0)
(0.742685 -0.00511695 0)
(0.762172 0.024213 0)
(0.720724 -0.121473 0)
(0.746503 -0.0944032 0)
(0.777276 -0.0714148 0)
(0.8022 -0.0413386 0)
(0.745816 -0.175281 0)
(0.777416 -0.147559 0)
(0.814474 -0.1254 0)
(0.845784 -0.0937692 0)
(0.739858 -0.265431 0)
(0.776927 -0.238753 0)
(0.82045 -0.217985 0)
(0.858059 -0.184772 0)
(0.720935 -0.339905 0)
(0.764926 -0.317625 0)
(0.815666 -0.299653 0)
(0.862121 -0.267278 0)
(0.674946 -0.453658 0)
(0.722508 -0.439195 0)
(0.77685 -0.426188 0)
(0.831589 -0.403104 0)
(0.605057 -0.534618 0)
(0.658579 -0.533257 0)
(0.721352 -0.532429 0)
(0.791939 -0.530251 0)
(0.504939 -0.668015 0)
(0.555787 -0.687114 0)
(0.624668 -0.711114 0)
(0.705077 -0.747585 0)
(0.35836 -0.731846 0)
(0.411351 -0.786315 0)
(0.486077 -0.849029 0)
(0.562743 -0.929315 0)
(0.190717 -0.874331 0)
(0.236694 -0.960156 0)
(0.280858 -1.03648 0)
(0.308624 -1.09711 0)
(-0.0484165 -0.889876 0)
(-0.044011 -0.974627 0)
(-0.0640855 -0.998248 0)
(-0.104748 -0.988245 0)
(-0.332679 -0.906222 0)
(-0.403694 -0.930472 0)
(-0.50944 -0.911606 0)
(-0.614739 -0.927303 0)
(-0.713054 -0.655815 0)
(-0.848263 -0.592479 0)
(-0.974826 -0.54376 0)
(-1.1018 -0.553343 0)
(-1.07791 -0.426153 0)
(-1.27882 -0.379912 0)
(-1.44739 -0.378228 0)
(-1.59864 -0.39966 0)
(-1.02356 0.15083 0)
(-1.22659 0.200957 0)
(-1.42069 0.143587 0)
(-1.59718 0.0559589 0)
(-1.39041 0.407054 0)
(-1.58947 0.458915 0)
(-1.78774 0.3999 0)
(-1.95264 0.313583 0)
(-1.33307 1.06077 0)
(-1.47751 1.05679 0)
(-1.6232 0.922974 0)
(-1.73032 0.69596 0)
(0.138037 0.0921582 0)
(0.39737 -0.00648432 0)
(0.574975 -0.213182 0)
(0.504617 -0.407675 0)
(0.414973 -0.523935 0)
(0.367273 -0.541313 0)
(0.359638 -0.410832 0)
(1.1318 1.45878 0)
(1.63947 2.82879 0)
(1.30653 2.19339 0)
(1.1472 1.08036 0)
(0.666198 0.0283179 0)
(0.600738 -0.332637 0)
(0.30875 -0.395856 0)
(0.332079 -0.3965 0)
(0.174054 -0.598596 0)
(0.583783 -0.738802 0)
(-0.0693497 -1.35313 0)
(0.173655 -1.71041 0)
(0.439489 0.00543718 0)
(0.488529 -0.0494346 0)
(0.511747 -0.180784 0)
(0.474748 -0.349746 0)
(0.416414 -0.462114 0)
(0.331359 -0.507372 0)
(0.308811 -0.544445 0)
(0.452805 0.810863 0)
(1.38913 2.52695 0)
(1.3654 2.13716 0)
(1.64301 1.19056 0)
(1.23771 0.444211 0)
(1.00524 0.0656163 0)
(0.605448 -0.0980741 0)
(0.580193 -0.217815 0)
(0.367777 -0.414741 0)
(0.376746 -0.600892 0)
(0.065924 -1.35128 0)
(0.154836 -1.60794 0)
(0.452655 0.0173225 0)
(0.47509 -0.0720051 0)
(0.490823 -0.201386 0)
(0.444814 -0.321278 0)
(0.350905 -0.394289 0)
(0.230704 -0.443497 0)
(0.125771 -0.52688 0)
(0.149797 0.506764 0)
(1.05662 2.00588 0)
(1.23966 1.95557 0)
(1.5273 1.20523 0)
(1.21866 0.620202 0)
(1.09339 0.240885 0)
(0.763768 0.0131182 0)
(0.690526 -0.177476 0)
(0.413954 -0.383693 0)
(0.379755 -0.460844 0)
(0.0966871 -1.13698 0)
(0.135638 -1.51425 0)
(0.446877 -0.0379433 0)
(0.472972 -0.0861994 0)
(0.462698 -0.154254 0)
(0.394481 -0.22361 0)
(0.285718 -0.269399 0)
(0.147475 -0.302042 0)
(-0.0606772 -0.483174 0)
(-0.157366 0.00698257 0)
(0.433389 1.53942 0)
(0.908299 1.73765 0)
(1.23915 1.21495 0)
(1.09483 0.857139 0)
(1.03787 0.474571 0)
(0.74392 0.287819 0)
(0.65243 0.092996 0)
(0.303007 -0.114063 0)
(0.212402 -0.322879 0)
(0.156476 -1.1091 0)
(0.114767 -1.40225 0)
(0.43379 -0.0301645 0)
(0.449239 -0.0854469 0)
(0.423542 -0.130515 0)
(0.360396 -0.160654 0)
(0.254937 -0.171622 0)
(0.14352 -0.128326 0)
(-0.0627184 -0.263961 0)
(-0.477589 0.104162 0)
(0.45641 0.992751 0)
(0.58919 1.26053 0)
(0.8362 1.02777 0)
(0.786288 0.827606 0)
(0.790499 0.562412 0)
(0.548417 0.38307 0)
(0.490776 0.224193 0)
(0.249484 0.0399851 0)
(0.314633 -0.328651 0)
(0.209447 -1.01237 0)
(0.111922 -1.27453 0)
(0.351748 -0.0668971 0)
(0.445296 -0.0757256 0)
(0.442252 -0.0728199 0)
(0.383947 -0.0700561 0)
(0.272179 -0.0746665 0)
(0.175491 -0.0136122 0)
(0.0505301 0.0650004 0)
(-0.333656 -0.461729 0)
(-0.0387503 0.58783 0)
(0.50489 1.43327 0)
(0.693416 1.0224 0)
(0.656268 0.923402 0)
(0.676371 0.681094 0)
(0.46061 0.583489 0)
(0.469672 0.360329 0)
(0.10443 0.0664042 0)
(0.31639 -0.289409 0)
(0.287756 -0.919367 0)
(0.104844 -1.11336 0)
(-0.0307905 -0.16426 0)
(-0.121525 -0.165731 0)
(0.0851799 -0.0754946 0)
(0.326324 -0.00590428 0)
(0.314459 0.0183355 0)
(0.224143 0.0702874 0)
(0.134 0.192838 0)
(0.04631 0.327797 0)
(-0.815151 0.0896102 0)
(0.236395 0.655069 0)
(0.124125 0.904544 0)
(0.44808 0.867322 0)
(0.539742 0.751966 0)
(0.401034 0.584895 0)
(0.284446 0.549137 0)
(0.191324 0.20486 0)
(0.431431 -0.495426 0)
(0.324577 -0.817978 0)
(0.104091 -0.920002 0)
(0.114981 0.0538849 0)
(-0.101502 -0.184706 0)
(-0.347817 -0.476243 0)
(-0.334059 -0.270327 0)
(0.13821 0.0176552 0)
(0.256759 0.151428 0)
(0.226958 0.224727 0)
(0.169107 0.364178 0)
(0.193358 0.488749 0)
(-0.291473 0.656604 0)
(0.111955 0.746278 0)
(0.162543 0.578142 0)
(0.351278 0.707299 0)
(0.405373 0.849888 0)
(0.423735 0.555881 0)
(0.744963 -0.0670159 0)
(0.642982 -0.397866 0)
(0.397976 -0.624245 0)
(0.122568 -0.727574 0)
(0.377185 0.149292 0)
(0.406324 0.258945 0)
(0.0797897 0.116358 0)
(0.0129744 -0.450007 0)
(-0.344359 -0.527929 0)
(0.176874 -0.0100169 0)
(0.232912 0.272574 0)
(0.274685 0.358532 0)
(0.252297 0.510949 0)
(0.284613 0.618895 0)
(0.387739 0.66276 0)
(0.448736 0.619353 0)
(0.466463 0.570265 0)
(0.735363 0.494348 0)
(1.06328 0.248512 0)
(1.01154 0.0242363 0)
(0.804886 -0.152045 0)
(0.545176 -0.349743 0)
(0.191186 -0.449466 0)
(0.188519 -0.0131925 0)
(0.27244 0.0804803 0)
(0.406565 -0.100883 0)
(0.406937 0.122991 0)
(0.123934 -0.115066 0)
(0.0185164 -0.373114 0)
(0.178378 0.140452 0)
(0.277149 0.346747 0)
(0.306985 0.479297 0)
(0.340866 0.546241 0)
(0.415585 0.572502 0)
(0.516024 0.519149 0)
(0.638172 0.433023 0)
(0.771378 0.390749 0)
(0.860779 0.298207 0)
(0.835322 0.174458 0)
(0.727578 0.0189719 0)
(0.517345 -0.0707992 0)
(0.193671 -0.0625497 0)
(0.0227464 -0.0106062 0)
(0.0962847 0.0590996 0)
(0.13238 -0.0146989 0)
(0.0568236 -0.205717 0)
(0.344784 -0.181859 0)
(0.253527 -0.0815563 0)
(0.259068 0.0248008 0)
(0.197043 0.240951 0)
(0.184978 0.45318 0)
(0.22192 0.520905 0)
(0.290384 0.503435 0)
(0.419697 0.4204 0)
(0.57422 0.34302 0)
(0.697979 0.282524 0)
(0.755011 0.190435 0)
(0.734749 0.147254 0)
(0.637725 0.133409 0)
(0.427389 0.13415 0)
(0.15058 0.192761 0)
(-0.00638339 -0.0687402 0)
(-0.0402229 -0.0181235 0)
(-0.0047789 -0.0545111 0)
(-0.114216 -0.0634348 0)
(-0.244594 -0.279432 0)
(-0.51245 -0.277334 0)
(-1.16802 0.219 0)
(-1.31309 0.411887 0)
(-1.00758 0.450982 0)
(-0.662038 0.443173 0)
(-0.315553 0.396562 0)
(0.0569172 0.261561 0)
(0.364078 0.184368 0)
(0.620331 0.229987 0)
(0.691647 0.264873 0)
(0.550292 0.278597 0)
(0.423966 0.299129 0)
(0.282363 0.370044 0)
(0.111108 0.460302 0)
(-0.0795159 0.0424088 0)
(-0.196128 0.0549763 0)
(-0.284742 0.0480765 0)
(-0.478362 0.00315069 0)
(-0.66673 0.17556 0)
(-1.35591 0.729375 0)
(-1.87899 0.744291 0)
(-2.17961 0.0785244 0)
(-1.92933 -0.0967417 0)
(-1.67259 -0.106533 0)
(-1.28412 -0.162465 0)
(-0.946486 -0.203784 0)
(-0.665141 -0.179128 0)
(-0.446061 -0.032314 0)
(-0.205293 0.240357 0)
(-0.106861 0.380316 0)
(0.00578323 0.368124 0)
(0.058575 0.417498 0)
(0.0350964 0.547531 0)
(0.020416 0.110288 0)
(-0.0693463 0.167335 0)
(-0.179961 0.209048 0)
(-0.397664 0.279579 0)
(-0.7343 0.525064 0)
(-1.00813 0.820073 0)
(-1.02707 0.958331 0)
(-1.29073 0.462943 0)
(-1.1788 -0.0274771 0)
(-1.02715 -0.15219 0)
(-0.926837 -0.253243 0)
(-0.834282 -0.29507 0)
(-0.742019 -0.257646 0)
(-0.683141 -0.168057 0)
(-0.5407 -0.0197885 0)
(-0.317914 0.0974502 0)
(-0.110697 0.157949 0)
(-0.0185718 0.345243 0)
(0.0174364 0.546341 0)
(0.0298453 0.162228 0)
(-0.053685 0.234533 0)
(-0.120841 0.34281 0)
(-0.292026 0.503321 0)
(-0.456316 0.72657 0)
(-0.694158 0.98751 0)
(-0.775724 1.00316 0)
(-0.928459 0.263809 0)
(-0.992172 -0.304837 0)
(-0.918743 -0.332929 0)
(-0.820058 -0.339493 0)
(-0.735115 -0.370748 0)
(-0.664054 -0.317474 0)
(-0.607637 -0.219672 0)
(-0.498284 -0.0978498 0)
(-0.335433 -0.0133641 0)
(-0.126397 0.0934145 0)
(-0.0371212 0.300677 0)
(0.0133159 0.544798 0)
(0.106769 0.223205 0)
(0.0453022 0.304995 0)
(-0.0104505 0.427032 0)
(-0.0897118 0.583912 0)
(-0.134933 0.88771 0)
(-0.209541 1.11162 0)
(-0.254513 1.1584 0)
(-0.526453 0.626074 0)
(-1.0166 -0.0606134 0)
(-1.25038 -0.309212 0)
(-1.16225 -0.412264 0)
(-1.15926 -0.443232 0)
(-0.781616 -0.366552 0)
(-0.628376 -0.317349 0)
(-0.527547 -0.264803 0)
(-0.390706 -0.238559 0)
(-0.135819 -0.111023 0)
(-0.04097 0.220363 0)
(0.00598316 0.525865 0)
(0.176547 0.244945 0)
(0.136557 0.339779 0)
(0.115953 0.464192 0)
(0.0704101 0.617009 0)
(0.075947 0.834361 0)
(0.150986 1.09818 0)
(0.210378 1.28916 0)
(0.105905 0.991936 0)
(-0.360003 0.349617 0)
(-0.932553 -0.188471 0)
(-1.36551 -0.448964 0)
(-1.4131 -0.71339 0)
(-1.10283 -0.771435 0)
(-0.757547 -0.475693 0)
(-0.525735 -0.318361 0)
(-0.387049 -0.367493 0)
(-0.225255 -0.22499 0)
(-0.070075 0.17219 0)
(-0.00406527 0.511811 0)
(0.26269 0.267329 0)
(0.247483 0.361895 0)
(0.252416 0.485194 0)
(0.257339 0.622722 0)
(0.295812 0.809174 0)
(0.396916 0.992508 0)
(0.588077 1.18612 0)
(0.766819 1.13548 0)
(0.642885 0.863089 0)
(0.286379 0.595796 0)
(-0.139203 0.0305949 0)
(-0.43267 -0.684391 0)
(-0.781414 -0.961826 0)
(-0.730961 -0.833732 0)
(-0.514373 -0.581371 0)
(-0.407833 -0.517291 0)
(-0.331706 -0.397378 0)
(-0.149312 0.0212641 0)
(-0.014131 0.459151 0)
(0.331026 0.254529 0)
(0.324617 0.349277 0)
(0.347173 0.455366 0)
(0.35978 0.579545 0)
(0.416586 0.70892 0)
(0.501839 0.83933 0)
(0.663514 0.954793 0)
(0.862395 0.961141 0)
(0.96074 0.790663 0)
(0.934535 0.53573 0)
(0.916894 0.196044 0)
(0.545464 -0.116468 0)
(0.0527369 -0.504537 0)
(-0.417441 -0.717235 0)
(-0.534302 -0.608525 0)
(-0.447103 -0.533235 0)
(-0.413517 -0.459537 0)
(-0.256537 -0.114141 0)
(-0.0186961 0.363534 0)
(0.414228 0.256231 0)
(0.42125 0.348762 0)
(0.455075 0.4507 0)
(0.480927 0.561591 0)
(0.543371 0.674742 0)
(0.616406 0.7704 0)
(0.736341 0.848834 0)
(0.883596 0.864966 0)
(1.00944 0.781149 0)
(1.00361 0.631194 0)
(0.950006 0.377852 0)
(0.728359 0.101152 0)
(0.462242 -0.103788 0)
(-0.00107169 -0.296044 0)
(-0.513911 -0.562361 0)
(-0.47181 -0.625862 0)
(-0.403063 -0.569088 0)
(-0.325887 -0.33605 0)
(-0.117805 0.211035 0)
(0.474296 0.2238 0)
(0.485797 0.313281 0)
(0.528104 0.401694 0)
(0.552448 0.501922 0)
(0.613546 0.587265 0)
(0.671954 0.669593 0)
(0.767719 0.713734 0)
(0.867928 0.723151 0)
(0.982595 0.68466 0)
(1.0016 0.597633 0)
(1.01988 0.44078 0)
(0.867418 0.330858 0)
(0.664185 0.149214 0)
(0.402094 0.17306 0)
(0.00843303 -0.185916 0)
(-0.263953 -0.630046 0)
(-0.373986 -0.593933 0)
(-0.254204 -0.370601 0)
(-0.332879 -0.0413943 0)
(0.55156 0.21281 0)
(0.570881 0.300849 0)
(0.618131 0.387945 0)
(0.645589 0.484909 0)
(0.700646 0.562336 0)
(0.746562 0.631545 0)
(0.820483 0.665251 0)
(0.87687 0.671265 0)
(0.947715 0.65277 0)
(0.957301 0.598405 0)
(0.971001 0.494264 0)
(0.842762 0.430259 0)
(0.75284 0.309939 0)
(0.482236 0.302838 0)
(0.435382 0.0405051 0)
(-0.129955 -0.283284 0)
(-0.334408 -0.573665 0)
(-0.208793 -0.374402 0)
(-0.150994 -0.318563 0)
(0.607185 0.168909 0)
(0.629193 0.254379 0)
(0.679399 0.334411 0)
(0.70868 0.429388 0)
(0.765217 0.496641 0)
(0.804703 0.56433 0)
(0.867874 0.596051 0)
(0.900397 0.61274 0)
(0.956942 0.610864 0)
(0.946883 0.58275 0)
(0.95681 0.539583 0)
(0.849863 0.535226 0)
(0.77012 0.464997 0)
(0.56072 0.473405 0)
(0.436975 0.348582 0)
(0.0416716 0.0809554 0)
(-0.235548 -0.533004 0)
(-0.127815 -0.534267 0)
(0.0746205 -0.368523 0)
(0.680884 0.150833 0)
(0.707579 0.23586 0)
(0.75902 0.314032 0)
(0.790041 0.407468 0)
(0.845609 0.472621 0)
(0.874438 0.538986 0)
(0.924098 0.575253 0)
(0.929498 0.591602 0)
(0.964082 0.606728 0)
(0.923609 0.600427 0)
(0.917973 0.577926 0)
(0.808912 0.605478 0)
(0.76273 0.564138 0)
(0.579946 0.613072 0)
(0.539448 0.502332 0)
(0.33099 0.334464 0)
(0.154316 -0.425134 0)
(-0.104819 -0.644082 0)
(0.105714 -0.370724 0)
(0.736517 0.100304 0)
(0.768336 0.185089 0)
(0.824169 0.26 0)
(0.85936 0.352765 0)
(0.917811 0.420755 0)
(0.938041 0.495204 0)
(0.981306 0.54662 0)
(0.961126 0.579196 0)
(0.977449 0.615136 0)
(0.909169 0.629112 0)
(0.889396 0.638026 0)
(0.752038 0.684385 0)
(0.700109 0.66087 0)
(0.492652 0.690823 0)
(0.475236 0.556287 0)
(0.301457 0.449055 0)
(0.324888 -0.161064 0)
(-0.0387882 -0.475556 0)
(0.114653 -0.371979 0)
(0.806955 0.0710247 0)
(0.847562 0.15683 0)
(0.910651 0.230041 0)
(0.951178 0.322907 0)
(1.00841 0.39963 0)
(1.02106 0.481593 0)
(1.0496 0.552529 0)
(1.00301 0.595359 0)
(0.991878 0.650897 0)
(0.888425 0.682904 0)
(0.842746 0.71462 0)
(0.670694 0.78388 0)
(0.608945 0.78857 0)
(0.355174 0.827909 0)
(0.341113 0.661 0)
(0.110168 0.483767 0)
(0.229602 -0.128171 0)
(-0.00835319 -0.438621 0)
(0.130665 -0.306506 0)
(0.854317 0.00654622 0)
(0.908508 0.0926405 0)
(0.985855 0.166269 0)
(1.03523 0.265681 0)
(1.0991 0.357892 0)
(1.11183 0.459184 0)
(1.13169 0.563465 0)
(1.06586 0.633431 0)
(1.01942 0.717509 0)
(0.8753 0.768614 0)
(0.784726 0.829204 0)
(0.556671 0.906182 0)
(0.456164 0.933984 0)
(0.125407 0.951565 0)
(0.103258 0.75817 0)
(-0.108792 0.576975 0)
(0.232728 -0.0895267 0)
(-0.0596204 -0.364764 0)
(0.144588 -0.268549 0)
(0.907722 -0.0453614 0)
(0.98368 0.0381545 0)
(1.07822 0.113891 0)
(1.1432 0.220779 0)
(1.221 0.328763 0)
(1.23241 0.452463 0)
(1.23761 0.592085 0)
(1.14846 0.698036 0)
(1.06037 0.819962 0)
(0.867214 0.899375 0)
(0.732608 0.995808 0)
(0.430748 1.08987 0)
(0.310821 1.16603 0)
(-0.155828 1.16177 0)
(-0.217248 0.853535 0)
(-0.475857 0.38043 0)
(0.123582 -0.183219 0)
(0.0232971 -0.335155 0)
(0.171315 -0.23677 0)
(0.932833 -0.141063 0)
(1.0359 -0.0603488 0)
(1.15863 0.0218409 0)
(1.26256 0.137905 0)
(1.36103 0.277326 0)
(1.37175 0.445637 0)
(1.35907 0.639468 0)
(1.23748 0.795844 0)
(1.10104 0.970357 0)
(0.845744 1.06907 0)
(0.656224 1.21854 0)
(0.269773 1.29748 0)
(0.0856424 1.45276 0)
(-0.521117 1.44972 0)
(-0.769448 1.0328 0)
(-0.709636 0.303717 0)
(-0.0430652 -0.584965 0)
(-0.16089 -0.385179 0)
(0.209966 -0.101431 0)
(0.957569 -0.234502 0)
(1.10407 -0.165873 0)
(1.27992 -0.092571 0)
(1.42489 0.0380956 0)
(1.52555 0.228373 0)
(1.53081 0.454823 0)
(1.48852 0.7113 0)
(1.3318 0.933405 0)
(1.13852 1.17079 0)
(0.833803 1.30738 0)
(0.564665 1.50974 0)
(0.114542 1.61658 0)
(-0.193466 1.86879 0)
(-0.934172 1.94899 0)
(-1.10559 1.00691 0)
(-0.366575 -0.280786 0)
(-0.190986 -0.681838 0)
(-0.260264 -0.557287 0)
(0.17788 -0.192779 0)
(0.948391 -0.395223 0)
(1.14773 -0.350871 0)
(1.37785 -0.268738 0)
(1.52676 -0.0827362 0)
(1.6272 0.181257 0)
(1.61732 0.480569 0)
(1.55841 0.819294 0)
(1.37614 1.11346 0)
(1.16 1.42001 0)
(0.814851 1.58832 0)
(0.548278 1.86612 0)
(0.0699275 1.98598 0)
(-0.279504 2.38454 0)
(-1.02356 2.28825 0)
(-0.55536 0.50217 0)
(-0.302336 -0.513305 0)
(-0.222401 -0.684553 0)
(-0.240628 -0.714516 0)
(-0.0209977 -0.176847 0)
(0.945431 -0.563855 0)
(1.19379 -0.554655 0)
(1.42745 -0.436698 0)
(1.56216 -0.187522 0)
(1.65137 0.144521 0)
(1.61322 0.517787 0)
(1.5329 0.927312 0)
(1.33738 1.29512 0)
(1.10616 1.67541 0)
(0.74739 1.86492 0)
(0.465211 2.17874 0)
(0.063769 2.37426 0)
(-0.276845 2.84455 0)
(-0.715743 2.23768 0)
(-0.362077 0.317471 0)
(-0.316958 -0.572267 0)
(-0.203921 -0.738924 0)
(-0.0885885 -0.736172 0)
(-0.293403 -0.430908 0)
(0.885643 -0.816002 0)
(1.11077 -0.786581 0)
(1.28048 -0.601383 0)
(1.42865 -0.284696 0)
(1.50708 0.136361 0)
(1.46845 0.588505 0)
(1.39004 1.07047 0)
(1.19825 1.50026 0)
(0.994475 1.95648 0)
(0.662439 2.1652 0)
(0.383701 2.49208 0)
(0.0612078 2.64815 0)
(-0.182803 3.10489 0)
(-0.435887 2.32663 0)
(-0.301553 0.207216 0)
(-0.466463 -0.672347 0)
(-0.0333988 -0.889332 0)
(0.0859719 -0.63438 0)
(-0.12175 -0.524097 0)
(0.708855 -0.996831 0)
(0.81233 -0.910376 0)
(0.99492 -0.727879 0)
(1.15792 -0.392334 0)
(1.28956 0.106006 0)
(1.22437 0.623406 0)
(1.12478 1.16911 0)
(0.92509 1.65133 0)
(0.740714 2.15838 0)
(0.494475 2.4149 0)
(0.258742 2.72202 0)
(0.0656534 2.8831 0)
(-0.167496 3.29647 0)
(-0.175313 2.34113 0)
(-0.340048 0.341995 0)
(-0.415798 -0.82512 0)
(0.104524 -1.23933 0)
(0.204979 -0.654966 0)
(0.00368813 -0.462979 0)
(0.310126 -1.0965 0)
(0.321408 -1.04628 0)
(0.464677 -0.913002 0)
(0.607571 -0.549214 0)
(0.796443 0.0789737 0)
(0.734853 0.73854 0)
(0.679146 1.34459 0)
(0.501327 1.84807 0)
(0.368546 2.35199 0)
(0.231313 2.5981 0)
(0.0756926 2.89264 0)
(0.00749747 3.02062 0)
(-0.0512353 3.34322 0)
(0.0587358 2.45118 0)
(-0.217622 0.467293 0)
(-0.0509461 -1.11686 0)
(0.300591 -1.41348 0)
(0.238792 -0.553316 0)
(0.00700286 -0.335326 0)
(-0.173066 -1.00629 0)
(-0.215609 -1.04898 0)
(-0.199162 -0.989737 0)
(-0.164222 -0.696063 0)
(-0.0753146 -0.0106482 0)
(-0.0702067 0.723883 0)
(-0.0261062 1.37809 0)
(-0.080295 1.92763 0)
(-0.111929 2.40161 0)
(-0.102391 2.67221 0)
(-0.159808 2.92764 0)
(-0.0102274 2.98924 0)
(4.02781e-05 3.25505 0)
(0.363221 2.47876 0)
(0.136306 0.457952 0)
(0.394867 -1.30772 0)
(0.200489 -1.50146 0)
(0.264771 -0.390092 0)
(-0.034789 -0.241506 0)
(-0.776434 -0.974823 0)
(-0.955898 -1.02335 0)
(-1.06948 -0.958866 0)
(-1.1221 -0.655953 0)
(-1.07945 0.00217084 0)
(-0.998724 0.699297 0)
(-0.893211 1.35986 0)
(-0.763797 1.9284 0)
(-0.667425 2.38007 0)
(-0.480651 2.64035 0)
(-0.375716 2.82134 0)
(-0.0758686 2.86414 0)
(0.0529656 3.02883 0)
(0.551112 2.29991 0)
(0.5883 0.485573 0)
(0.811352 -1.198 0)
(0.123138 -1.27722 0)
(0.281833 -0.343728 0)
(-0.00853321 -0.127437 0)
(-1.31213 -0.633233 0)
(-1.58096 -0.78145 0)
(-1.76149 -0.841014 0)
(-1.90483 -0.689036 0)
(-1.84001 -0.121504 0)
(-1.69378 0.55334 0)
(-1.53261 1.16525 0)
(-1.26669 1.71866 0)
(-1.03861 2.14363 0)
(-0.715117 2.39898 0)
(-0.505115 2.56384 0)
(-0.150911 2.59383 0)
(0.0365624 2.69089 0)
(0.571715 1.9852 0)
(0.641648 0.229923 0)
(0.945093 -0.898592 0)
(-0.215352 -1.01745 0)
(0.200244 -0.271567 0)
(0.0916931 0.00545925 0)
(-1.81938 -0.471399 0)
(-2.07544 -0.619958 0)
(-2.27687 -0.667321 0)
(-2.44045 -0.583761 0)
(-2.43859 -0.183988 0)
(-2.21757 0.421426 0)
(-2.01098 0.978159 0)
(-1.66887 1.48194 0)
(-1.35439 1.88884 0)
(-0.98279 2.15928 0)
(-0.697763 2.32282 0)
(-0.33504 2.37099 0)
(-0.0950459 2.38901 0)
(0.403457 1.74002 0)
(0.721776 0.165632 0)
(0.860899 -0.436362 0)
(0.348127 -0.588598 0)
(0.246747 -0.624408 0)
(0.108958 0.137459 0)
(-1.86981 -0.114035 0)
(-2.18689 -0.362053 0)
(-2.41325 -0.512023 0)
(-2.54673 -0.544002 0)
(-2.61873 -0.326821 0)
(-2.40784 0.164228 0)
(-2.15802 0.664296 0)
(-1.83999 1.12015 0)
(-1.51457 1.51734 0)
(-1.16929 1.79424 0)
(-0.88349 1.97167 0)
(-0.555763 2.03461 0)
(-0.341057 2.01882 0)
(0.298817 1.23224 0)
(0.61223 -0.186558 0)
(0.54844 -0.584384 0)
(0.563211 -0.428499 0)
(0.207915 -0.104557 0)
(0.0962652 0.338602 0)
(-2.17402 0.15369 0)
(-2.35531 -0.136512 0)
(-2.39782 -0.342621 0)
(-2.41459 -0.39732 0)
(-2.36481 -0.307322 0)
(-2.21113 0.0115958 0)
(-2.00007 0.465516 0)
(-1.79666 0.905752 0)
(-1.52358 1.29025 0)
(-1.24673 1.59841 0)
(-0.961573 1.78497 0)
(-0.67267 1.89152 0)
(-0.39748 1.63734 0)
(0.408769 0.884905 0)
(0.393808 -0.0430807 0)
(0.621629 -0.37998 0)
(0.225562 -0.282644 0)
(1.57772 -0.170436 0)
(0.106004 0.412623 0)
(-1.86051 0.338557 0)
(-1.88691 -0.152703 0)
(-1.83976 -0.455799 0)
(-1.75804 -0.571636 0)
(-1.63694 -0.518274 0)
(-1.50725 -0.173333 0)
(-1.41907 0.287868 0)
(-1.30797 0.6814 0)
(-1.15565 1.00815 0)
(-0.976182 1.26727 0)
(-0.756161 1.43285 0)
(-0.553647 1.49672 0)
(-0.27684 1.021 0)
(0.163839 0.487327 0)
(0.187994 -0.386372 0)
(0.57412 -0.464942 0)
(0.287533 -1.2675 0)
(1.76435 -0.0630961 0)
(0.116747 1.9256 0)
)
;

boundaryField
{
    leftWall
    {
        type            noSlip;
    }
    rightWall
    {
        type            noSlip;
    }
    lowerWall
    {
        type            noSlip;
    }
    atmosphere
    {
        type            zeroGradient;
    }
    defaultFaces
    {
        type            empty;
    }
}


// ************************************************************************* //
