/*--------------------------------*- C++ -*----------------------------------*\
| =========                 |                                                 |
| \\      /  F ield         | OpenFOAM: The Open Source CFD Toolbox           |
|  \\    /   O peration     | Version:  2012                                  |
|   \\  /    A nd           | Website:  www.openfoam.com                      |
|    \\/     M anipulation  |                                                 |
\*---------------------------------------------------------------------------*/
FoamFile
{
    version     2.0;
    format      ascii;
    class       volScalarField;
    location    "0.00014";
    object      T;
}
// * * * * * * * * * * * * * * * * * * * * * * * * * * * * * * * * * * * * * //

dimensions      [0 0 0 1 0 0 0];


internalField   nonuniform List<scalar> 
5000
(
308.15
308.15
308.15
308.15
308.15
308.15
308.15
308.15
308.15
308.15
308.15
308.15
308.15
308.15
308.15
308.15
308.15
308.15
308.15
308.15
308.15
308.15
308.15
308.15
308.15
308.15
308.15
308.15
308.15
308.15
308.15
308.15
308.15
308.15
308.15
308.15
308.15
308.15
308.15
308.15
308.15
308.15
308.15
308.15
308.15
308.15
308.15
308.15
308.15
308.15
308.15
308.15
308.15
308.15
308.15
308.15
308.15
308.15
308.15
308.15
308.15
308.15
308.15
308.15
308.15
308.15
308.15
308.15
308.15
308.15
308.15
308.15
308.15
308.15
308.15
308.15
308.15
308.15
308.15
308.15
308.15
308.15
308.15
308.15
308.15
308.15
308.15
308.15
308.15
308.15
308.15
308.15
308.15
308.15
308.15
308.15
308.15
308.15
308.15
308.15
308.15
308.15
308.15
308.15
308.15
308.15
308.15
308.15
308.15
308.15
308.15
308.15
308.15
308.15
308.15
308.15
308.15
308.15
308.15
308.15
308.15
308.15
308.15
308.15
308.15
308.15
308.15
308.15
308.15
308.15
308.15
308.15
308.15
308.15
308.15
308.15
308.15
308.15
308.15
308.15
308.15
308.15
308.15
308.15
308.15
308.15
308.15
308.15
308.15
308.15
308.15
308.15
308.15
308.15
308.15
308.15
308.15
308.15
308.15
308.15
308.15
308.15
308.15
308.15
308.15
308.15
308.15
308.15
308.15
308.15
308.15
308.15
308.15
308.15
308.15
308.15
308.15
308.15
308.15
308.15
308.15
308.15
308.15
308.15
308.15
308.15
308.15
308.15
308.15
308.15
308.15
308.15
308.15
308.15
308.15
308.15
308.15
308.15
308.15
308.15
308.15
308.15
308.15
308.15
308.15
308.15
308.15
308.15
308.15
308.15
308.15
308.15
308.15
308.15
308.15
308.15
308.15
308.15
308.15
308.15
308.15
308.15
308.15
308.15
308.15
308.15
308.15
308.15
308.15
308.15
308.15
308.15
308.15
308.15
308.15
308.15
308.15
308.15
308.15
308.15
308.15
308.15
308.15
308.15
308.15
308.15
308.15
308.15
308.15
308.15
308.15
308.15
308.15
308.15
308.15
308.15
308.15
308.15
308.15
308.15
308.15
308.15
308.15
308.15
308.15
308.15
308.15
308.15
308.15
308.15
308.15
308.15
308.15
308.15
308.15
308.15
308.15
308.15
308.15
308.15
308.15
308.15
308.15
308.15
308.15
308.15
308.15
308.15
308.15
308.15
308.15
308.15
308.15
308.15
308.15
308.15
308.15
308.15
308.15
308.15
308.15
308.15
308.15
308.15
308.15
308.15
308.15
308.15
308.15
308.15
308.15
308.15
308.15
308.15
308.15
308.15
308.15
308.15
308.15
308.15
308.15
308.15
308.15
308.15
308.15
308.15
308.15
308.15
308.15
308.15
308.15
308.15
308.15
308.15
308.15
308.15
308.15
308.15
308.15
308.15
308.15
308.15
308.15
308.15
308.15
308.15
308.15
308.15
308.15
308.15
308.15
308.15
308.15
308.15
308.15
308.15
308.15
308.15
308.15
308.15
308.15
308.15
308.15
308.15
308.15
308.15
308.15
308.15
308.15
308.15
308.15
308.15
308.15
308.15
308.15
308.15
308.15
308.15
308.15
308.15
308.15
308.15
308.15
308.15
308.15
308.15
308.15
308.15
308.15
308.15
308.15
308.15
308.15
308.15
308.15
308.15
308.15
308.15
308.15
308.15
308.15
308.15
308.15
308.15
308.15
308.15
308.15
308.15
308.15
308.15
308.15
308.15
308.15
308.15
308.15
308.15
308.15
308.15
308.15
308.15
308.15
308.15
308.15
308.15
308.15
308.15
308.15
308.15
308.15
308.15
308.15
308.15
308.15
308.15
308.15
308.15
308.15
308.15
308.15
308.15
308.15
308.15
308.15
308.15
308.15
308.15
308.15
308.15
308.15
308.15
308.15
308.15
308.15
308.15
308.15
308.15
308.15
308.15
308.15
308.15
308.15
308.15
308.15
308.15
308.15
308.15
308.15
308.15
308.15
308.15
308.15
308.15
308.15
308.15
308.15
308.15
308.15
308.15
308.15
308.15
308.15
308.15
308.15
308.15
308.15
308.15
308.15
308.15
308.15
308.15
308.15
308.15
308.15
308.15
308.15
308.15
308.15
308.15
308.15
308.15
308.15
308.15
308.15
308.15
308.15
308.15
308.15
308.15
308.15
308.15
308.15
308.15
308.15
308.15
308.15
308.15
308.15
308.15
308.15
308.15
308.15
308.15
308.15
308.15
308.15
308.15
308.15
308.15
308.15
308.15
308.15
308.15
308.15
308.15
308.15
308.15
308.15
308.15
308.15
308.15
308.15
308.15
308.15
308.15
308.15
308.15
308.15
308.15
308.15
308.15
308.15
308.15
308.15
308.15
308.15
308.15
308.15
308.15
308.15
308.15
308.15
308.15
308.15
308.15
308.15
308.15
308.15
308.15
308.15
308.15
308.15
308.15
308.15
308.15
308.15
308.15
308.15
308.15
308.15
308.15
308.15
308.15
308.15
308.15
308.15
308.15
308.15
308.15
308.15
308.15
308.15
308.15
308.15
308.15
308.15
308.15
308.15
308.15
308.15
308.15
308.15
308.15
308.15
308.15
308.15
308.15
308.15
308.15
308.15
308.15
308.15
308.15
308.15
308.15
308.15
308.15
308.15
308.15
308.15
308.15
308.15
308.15
308.15
308.15
308.15
308.15
308.15
308.15
308.15
308.15
308.15
308.15
308.15
308.15
308.15
308.15
308.15
308.15
308.15
308.15
308.15
308.15
308.15
308.15
308.15
308.15
308.15
308.15
308.15
308.15
308.15
308.15
308.15
308.15
308.15
308.15
308.15
308.15
308.15
308.15
308.15
308.15
308.15
308.15
308.15
308.15
308.15
308.15
308.15
308.15
308.15
308.15
308.15
308.15
308.15
308.15
308.15
308.15
308.15
308.15
308.15
308.15
308.15
308.15
308.15
308.15
308.15
308.15
308.15
308.15
308.15
308.15
308.15
308.15
308.15
308.15
308.15
308.15
308.15
308.15
308.15
308.15
308.15
308.15
308.15
308.15
308.15
308.15
308.15
308.15
308.15
308.15
308.15
308.15
308.15
308.15
308.15
308.15
308.15
308.15
308.15
308.15
308.15
308.15
308.15
308.15
308.15
308.15
308.15
308.15
308.15
308.15
308.15
308.15
308.15
308.15
308.15
308.15
308.15
308.15
308.15
308.15
308.15
308.15
308.15
308.15
308.15
308.15
308.15
308.15
308.15
308.15
308.15
308.15
308.15
308.15
308.15
308.15
308.15
308.15
308.15
308.15
308.15
308.15
308.15
308.15
308.15
308.15
308.15
308.15
308.15
308.15
308.15
308.15
308.15
308.15
308.15
308.15
308.15
308.15
308.15
308.15
308.15
308.15
308.15
308.15
308.15
308.15
308.15
308.15
308.15
308.15
308.15
308.15
308.15
308.15
308.15
308.15
308.15
308.15
308.15
308.15
308.15
308.15
308.15
308.15
308.15
308.15
308.15
308.15
308.15
308.15
308.15
308.15
308.15
308.15
308.15
308.15
308.15
308.15
308.15
308.15
308.15
308.15
308.15
308.15
308.15
308.15
308.15
308.15
308.15
308.15
308.15
308.15
308.15
308.15
308.15
308.15
308.15
308.15
308.15
308.15
308.15
308.15
308.15
308.15
308.15
308.15
308.15
308.15
308.15
308.15
308.15
308.15
308.15
308.15
308.15
308.15
308.15
308.15
308.15
308.15
308.15
308.15
308.15
308.15
308.15
308.15
308.15
308.15
308.15
308.15
308.15
308.15
308.15
308.15
308.15
308.15
308.15
308.15
308.15
308.15
308.15
308.15
308.15
308.15
308.15
308.15
308.15
308.15
308.15
308.15
308.15
308.15
308.15
308.15
308.15
308.15
308.15
308.15
308.15
308.15
308.15
308.15
308.15
308.15
308.15
308.15
308.15
308.15
308.15
308.15
308.15
308.15
308.15
308.15
308.15
308.15
308.15
308.15
308.15
308.15
308.15
308.15
308.15
308.15
308.15
308.15
308.15
308.15
308.15
308.15
308.15
308.15
308.15
308.15
308.15
308.15
308.15
308.15
308.15
308.15
308.15
308.15
308.15
308.15
308.15
308.15
308.15
308.15
308.15
308.15
308.15
308.15
308.15
308.15
308.15
308.15
308.15
308.15
308.15
308.15
308.15
308.15
308.15
308.15
308.15
308.15
308.15
308.15
308.15
308.15
308.15
308.15
308.15
308.15
308.15
308.15
308.15
308.15
308.15
308.15
308.15
308.15
308.15
308.15
308.15
308.15
308.15
308.15
308.15
308.15
308.15
308.15
308.15
308.15
308.15
308.15
308.15
308.15
308.15
308.15
308.15
308.15
308.15
308.15
308.15
308.15
308.15
308.15
308.15
308.15
308.15
308.15
308.15
308.15
308.15
308.15
308.15
308.15
308.15
308.15
308.15
308.15
308.15
308.15
308.15
308.15
308.15
308.15
308.15
308.15
308.15
308.15
308.15
308.15
308.15
308.15
308.15
308.15
308.15
308.15
308.15
308.15
308.15
308.15
308.15
308.15
308.15
308.15
308.15
308.15
308.15
308.15
308.15
308.15
308.15
308.15
308.15
308.15
308.15
308.15
308.15
308.15
308.15
308.15
308.15
308.15
308.15
308.15
308.15
308.15
308.15
308.15
308.15
308.15
308.15
308.15
308.15
308.15
308.15
308.15
308.15
308.15
308.15
308.15
308.15
308.15
308.15
308.15
308.15
308.15
308.15
308.15
308.15
308.15
308.15
308.15
308.15
308.15
308.15
308.15
308.15
308.15
308.15
308.15
308.15
308.15
308.15
308.15
308.15
308.15
308.15
308.15
308.15
308.15
308.15
308.15
308.15
308.15
308.15
308.15
308.15
308.15
308.15
308.15
308.15
308.15
308.15
308.15
308.15
308.15
308.15
308.15
308.15
308.15
308.15
308.15
308.15
308.15
308.15
308.15
308.15
308.15
308.15
308.15
308.15
308.15
308.15
308.15
308.15
308.15
308.15
308.15
308.15
308.15
308.15
308.15
308.15
308.15
308.15
308.15
308.15
308.15
308.15
308.15
308.15
308.15
308.15
308.15
308.15
308.15
308.15
308.15
308.15
308.15
308.15
308.15
308.15
308.15
308.15
308.15
308.15
308.15
308.15
308.15
308.15
308.15
308.15
308.15
308.15
308.15
308.15
308.15
308.15
308.15
308.15
308.15
308.15
308.15
308.15
308.15
308.15
308.15
308.15
308.15
308.15
308.15
308.15
308.15
308.15
308.15
308.15
308.15
308.15
308.15
308.15
308.15
308.15
308.15
308.15
308.15
308.15
308.15
308.15
308.15
308.15
308.15
308.15
308.15
308.15
308.15
308.15
308.15
308.15
308.15
308.15
308.15
308.15
308.15
308.15
308.15
308.15
308.15
308.15
308.15
308.15
308.15
308.15
308.15
308.15
308.15
308.15
308.15
308.15
308.15
308.15
308.15
308.15
308.15
308.15
308.15
308.15
308.15
308.15
308.15
308.15
308.15
308.15
308.15
308.15
308.15
308.15
308.15
308.15
308.15
308.15
308.15
308.15
308.15
308.15
308.15
308.15
308.15
308.15
308.15
308.15
308.15
308.15
308.15
308.15
308.15
308.15
308.15
308.15
308.15
308.15
308.15
308.15
308.15
308.15
308.15
308.15
308.15
308.15
308.15
308.15
308.15
308.15
308.15
308.15
308.15
308.15
308.15
308.15
308.15
308.15
308.15
308.15
308.15
308.15
308.15
308.15
308.15
308.15
308.15
308.15
308.15
308.15
308.15
308.15
308.15
308.15
308.15
308.15
308.15
308.15
308.15
308.15
308.15
308.15
308.15
308.15
308.15
308.15
308.15
308.15
308.15
308.15
308.15
308.15
308.15
308.15
308.15
308.15
308.15
308.15
308.15
308.15
308.15
308.15
308.15
308.15
308.15
308.15
308.15
308.15
308.15
308.15
308.15
308.15
308.15
308.15
308.15
308.15
308.15
308.15
308.15
308.15
308.15
308.15
308.15
308.15
308.15
308.15
308.15
308.15
308.15
308.15
308.15
308.15
308.15
308.15
308.15
308.15
308.15
308.15
308.15
308.15
308.15
308.15
308.15
308.15
308.15
308.15
308.15
308.15
308.15
308.15
308.15
308.15
308.15
308.15
308.15
308.15
308.15
308.15
308.15
308.15
308.15
308.15
308.15
308.15
308.15
308.15
308.15
308.15
308.15
308.15
308.15
308.15
308.15
308.15
308.15
308.15
308.15
308.15
308.15
308.15
308.15
308.15
308.15
308.15
308.15
308.15
308.15
308.15
308.15
308.15
308.15
308.15
308.15
308.15
308.15
308.15
308.15
308.15
308.15
308.15
308.15
308.15
308.15
308.15
308.15
308.15
308.15
308.15
308.15
308.15
308.15
308.15
308.15
308.15
308.15
308.15
308.15
308.15
308.15
308.15
308.15
308.15
308.15
308.15
308.15
308.15
308.15
308.15
308.15
308.15
308.15
308.15
308.15
308.15
308.15
308.15
308.15
308.15
308.15
308.15
308.15
308.15
308.15
308.15
308.15
308.15
308.15
308.15
308.15
308.15
308.15
308.15
308.15
308.15
308.15
308.15
308.15
308.15
308.15
308.15
308.15
308.15
308.15
308.15
308.15
308.15
308.15
308.15
308.15
308.15
308.15
308.15
308.15
308.15
308.15
308.15
308.15
308.15
308.15
308.15
308.15
308.15
308.15
308.15
308.15
308.15
308.15
308.15
308.15
308.15
308.15
308.15
308.15
308.15
308.15
308.15
308.15
308.15
308.15
308.15
308.15
308.15
308.15
308.15
308.15
308.15
308.15
308.15
308.15
308.15
308.15
308.15
308.15
308.15
308.15
308.15
308.15
308.15
308.15
308.15
308.15
308.15
308.15
308.15
308.15
308.15
308.15
308.15
308.15
308.15
308.15
308.15
308.15
308.15
308.15
308.15
308.15
308.15
308.15
308.15
308.15
308.15
308.15
308.15
308.15
308.15
308.15
308.15
308.15
308.15
308.15
308.15
308.15
308.15
308.15
308.15
308.15
308.15
308.15
308.15
308.15
308.15
308.15
308.15
308.15
308.15
308.15
308.15
308.15
308.15
308.15
308.15
308.15
308.15
308.15
308.15
308.15
308.15
308.15
308.15
308.15
308.15
308.15
308.15
308.15
308.15
308.15
308.15
308.15
308.15
308.15
308.15
308.15
308.15
308.15
308.15
308.15
308.15
308.15
308.15
308.15
308.15
308.15
308.15
308.15
308.15
308.15
308.15
308.15
308.15
308.15
308.15
308.15
308.15
308.15
308.15
308.15
308.15
308.15
308.15
308.15
308.15
308.15
308.15
308.15
308.15
308.15
308.15
308.15
308.15
308.15
308.15
308.15
308.15
308.15
308.15
308.15
308.15
308.15
308.15
308.15
308.15
308.15
308.15
308.15
308.15
308.15
308.15
308.15
308.15
308.15
308.15
308.15
308.15
308.15
308.15
308.15
308.15
308.15
308.15
308.15
308.15
308.15
308.15
308.15
308.15
308.15
308.15
308.15
308.15
308.15
308.15
308.15
308.15
308.15
308.15
308.15
308.15
308.15
308.15
308.15
308.15
308.15
308.15
308.15
308.15
308.15
308.15
308.15
308.15
308.15
308.15
308.15
308.15
308.15
308.15
308.15
308.15
308.15
308.15
308.15
308.15
308.15
308.15
308.15
308.15
308.15
308.15
308.15
308.15
308.15
308.15
308.15
308.15
308.15
308.15
308.15
308.15
308.15
308.15
308.15
308.15
308.15
308.15
308.15
308.15
308.15
308.15
308.15
308.15
308.15
308.15
308.15
308.15
308.15
308.15
308.15
308.15
308.15
308.15
308.15
308.15
308.15
308.15
308.15
308.15
308.15
308.15
308.15
308.15
308.15
308.15
308.15
308.15
308.15
308.15
308.15
308.15
308.15
308.15
308.15
308.15
308.15
308.15
308.15
308.15
308.15
308.15
308.15
308.15
308.15
308.15
308.15
308.15
308.15
308.15
308.15
308.15
308.15
308.15
308.15
308.15
308.15
308.15
308.15
308.15
308.15
308.15
308.15
308.15
308.15
308.15
308.15
308.15
308.15
308.15
308.15
308.15
308.15
308.15
308.15
308.15
308.15
308.15
308.15
308.15
308.15
308.15
308.15
308.15
308.15
308.15
308.15
308.15
308.15
308.15
308.15
308.15
308.15
308.15
308.15
308.15
308.15
308.15
308.15
308.15
308.15
308.15
308.15
308.15
308.15
308.15
308.15
308.15
308.15
308.15
308.15
308.15
308.15
308.15
308.15
308.15
308.15
308.15
308.15
308.15
308.15
308.15
308.15
308.15
308.15
308.15
308.15
308.15
308.15
308.15
308.15
308.15
308.15
308.15
308.15
308.15
308.15
308.15
308.15
308.15
308.15
308.15
308.15
308.15
308.15
308.15
308.15
308.15
308.15
308.15
308.15
308.15
308.15
308.15
308.15
308.15
308.15
308.15
308.15
308.15
308.15
308.15
308.15
308.15
308.15
308.15
308.15
308.15
308.15
308.15
308.15
308.15
308.15
308.15
308.15
308.15
308.15
308.15
308.15
308.15
308.15
308.15
308.15
308.15
308.15
308.15
308.15
308.15
308.15
308.15
308.15
308.15
308.15
308.15
308.15
308.15
308.15
308.15
308.15
308.15
308.15
308.15
308.15
308.15
308.15
308.15
308.15
308.15
308.15
308.15
308.15
308.15
308.15
308.15
308.15
308.15
308.15
308.15
308.15
308.15
308.15
308.15
308.15
308.15
308.15
308.15
308.15
308.15
308.15
308.15
308.15
308.15
308.15
308.15
308.15
308.15
308.15
308.15
308.15
308.15
308.15
308.15
308.15
308.15
308.15
308.15
308.15
308.15
308.15
308.15
308.15
308.15
308.15
308.15
308.15
308.15
308.15
308.15
308.15
308.15
308.15
308.15
308.15
308.15
308.15
308.15
308.15
308.15
308.15
308.15
308.15
308.15
308.15
308.15
308.15
308.15
308.15
308.15
308.15
308.15
308.15
308.15
308.15
308.15
308.15
308.15
308.15
308.15
308.15
308.15
308.15
308.15
308.15
308.15
308.15
308.15
308.15
308.15
308.15
308.15
308.15
308.15
308.15
308.15
308.15
308.15
308.15
308.15
308.15
308.15
308.15
308.15
308.15
308.15
308.15
308.15
308.15
308.15
308.15
308.15
308.15
308.15
308.15
308.15
308.15
308.15
308.15
308.15
308.15
308.15
308.15
308.15
308.15
308.15
308.15
308.15
308.15
308.15
308.15
308.15
308.15
308.15
308.15
308.15
308.15
308.15
308.15
308.15
308.15
308.15
308.15
308.15
308.15
308.15
308.15
308.15
308.15
308.15
308.15
308.15
308.15
308.15
308.15
308.15
308.15
308.15
308.15
308.15
308.15
308.15
308.15
308.15
308.15
308.15
308.15
308.15
308.15
308.15
308.15
308.15
308.15
308.15
308.15
308.15
308.15
308.15
308.15
308.15
308.15
308.15
308.15
308.15
308.15
308.15
308.15
308.15
308.15
308.15
308.15
308.15
308.15
308.15
308.15
308.15
308.15
308.15
308.15
308.15
308.15
308.15
308.15
308.15
308.15
308.15
308.15
308.15
308.15
308.15
308.15
308.15
308.15
308.15
308.15
308.15
308.15
308.15
308.15
308.15
308.15
308.15
308.15
308.15
308.15
308.15
308.15
308.15
308.15
308.15
308.15
308.15
308.15
308.15
308.15
308.15
308.15
308.15
308.15
308.15
308.15
308.15
308.15
308.15
308.15
308.15
308.15
308.15
308.15
308.15
308.15
308.15
308.15
308.15
308.15
308.15
308.15
308.15
308.15
308.15
308.15
308.15
308.15
308.15
308.15
308.15
308.15
308.15
308.15
308.15
308.15
308.15
308.15
308.15
308.15
308.15
308.15
308.15
308.15
308.15
308.15
308.15
308.15
308.15
308.15
308.15
308.15
308.15
308.15
308.15
308.15
308.15
308.15
308.15
308.15
308.15
308.15
308.15
308.15
308.15
308.15
308.15
308.15
308.15
308.15
308.15
308.15
308.15
308.15
308.15
308.15
308.15
308.15
308.15
308.15
308.15
308.15
308.15
308.15
308.15
308.15
308.15
308.15
308.15
308.15
308.15
308.15
308.15
308.15
308.15
308.15
308.15
308.15
308.15
308.15
308.15
308.15
308.15
308.15
308.15
308.15
308.15
308.15
308.15
308.15
308.1499999
308.1499999
308.1499999
308.1499998
308.1499997
308.1499996
308.1499994
308.1499991
308.1499986
308.149998
308.1499971
308.1499958
308.1499939
308.1499912
308.1499873
308.1499819
308.1499742
308.1499635
308.1499485
308.1499277
308.1498989
308.1498595
308.1498054
308.1497321
308.1496324
308.1494988
308.1493194
308.149081
308.1487656
308.148349
308.1478083
308.1470958
308.1461919
308.1450009
308.1435279
308.1415828
308.1392445
308.136137
308.1325263
308.1275957
308.1222069
308.1144248
308.1068033
308.0953655
308.0846521
308.0684515
308.0538839
308.0318282
308.0127529
307.9842139
307.9600525
307.92477
307.8955159
307.8537725
307.819774
307.7723581
307.7344315
307.6821275
307.6419249
307.5850411
307.5448153
307.4866603
307.4496484
307.3996012
307.366537
307.3224453
307.2924318
307.2538961
307.2270942
307.1940051
307.1712155
307.1442128
307.1261823
307.1054243
307.0916113
307.0755867
307.0649356
307.0527831
307.045017
307.0367911
307.0318576
307.0269647
307.0240999
307.0212646
307.0195855
307.0179306
307.0170039
307.016175
307.01575
307.0153459
307.0150846
307.0147724
307.0145324
307.0142627
307.0140297
307.0138187
307.0136284
307.0134787
307.0133346
307.0132087
307.0131027
307.0130199
307.0129636
307.0129289
307.0129062
307.0128886
307.0128706
307.0128503
307.0128234
307.0127958
307.0127665
307.0127393
307.0127152
307.0126965
307.012685
307.0126808
307.0126842
307.0126962
307.0127158
307.0127401
307.012763
307.0127859
307.0128073
307.0128236
307.01284
307.0128524
307.0128671
307.0128786
307.0128916
307.0129011
307.0129077
307.0129106
307.012909
307.0128997
307.0128819
307.0128667
307.0128618
307.0128634
307.0128725
307.0128958
307.0129403
307.0130174
307.0131433
307.0133389
307.0136424
307.0141161
307.0148773
307.0161276
307.0182133
307.0216884
307.0274137
307.0366694
307.0512976
307.0738614
307.1078152
307.1576596
307.2290545
307.3288392
307.4649078
307.6458778
307.8804877
308.1766901
308.4971467
308.7743219
308.9813157
309.1225774
309.2110075
309.2614661
309.2871789
309.2982861
309.3017226
309.3019834
309.3005911
309.298434
309.2971133
309.2968468
309.2981892
309.3023166
309.3097826
309.3210485
309.3325582
309.3369163
309.3359414
309.3256669
309.2970898
309.2412879
309.1498162
309.0174114
308.8442816
308.6495629
308.4821355
308.3612787
308.2789912
308.2258114
308.1930016
308.1735911
308.1625411
308.1564707
308.153245
308.1515838
308.1507532
308.1503494
308.1501582
308.15007
308.1500303
308.1500128
308.1500053
308.1500022
308.1500009
308.1500003
308.1500001
308.15
308.15
308.15
308.15
308.15
308.15
308.15
308.15
308.15
308.15
308.15
308.15
308.15
308.15
308.15
308.15
308.15
308.15
308.15
308.15
308.15
308.15
308.15
308.15
308.15
308.15
308.15
308.15
308.15
308.15
308.15
308.15
308.15
308.15
308.15
308.15
308.15
308.15
308.15
308.15
308.15
308.15
308.15
308.15
308.15
308.15
308.15
308.15
308.15
308.15
308.15
308.15
308.15
308.15
308.15
308.15
308.15
308.15
308.15
308.15
308.15
308.15
308.15
308.15
308.15
308.15
308.15
308.15
308.15
308.15
308.15
308.15
308.15
308.15
308.15
308.15
308.15
308.15
308.15
308.15
308.15
308.15
308.15
308.15
308.15
308.15
308.15
308.15
308.15
308.15
308.15
308.15
308.15
308.15
308.15
308.15
308.15
308.15
308.15
308.15
308.15
308.15
308.15
308.15
308.15
308.15
308.15
308.15
308.15
308.15
308.15
308.15
308.15
308.15
308.15
308.15
308.15
308.15
308.15
308.15
308.15
308.15
308.15
308.15
308.15
308.15
308.15
308.15
308.15
308.15
308.15
308.15
308.15
308.15
308.15
308.15
308.15
308.15
308.15
308.15
308.15
308.15
308.15
308.15
308.15
308.15
308.15
308.15
308.15
308.15
308.15
308.15
308.15
308.15
308.15
308.15
308.15
308.15
308.15
308.15
308.15
308.15
308.15
308.15
308.15
308.15
308.15
308.15
308.15
308.15
308.15
308.15
308.15
308.15
308.15
308.15
308.15
308.15
308.15
308.15
308.15
308.15
308.15
308.15
308.15
308.15
308.15
308.15
308.15
308.15
308.15
308.15
308.15
308.15
308.15
308.15
308.15
308.15
308.15
308.15
308.15
308.15
308.15
308.15
308.15
308.15
308.15
308.15
308.15
308.15
308.15
308.15
308.15
308.15
308.15
308.15
308.15
308.15
308.15
308.15
308.15
308.15
308.15
308.15
308.15
308.15
308.15
308.15
308.15
308.15
308.15
308.15
308.15
308.15
308.15
308.15
308.15
308.15
308.15
308.15
308.15
308.15
308.15
308.15
308.15
308.15
308.15
308.15
308.15
308.15
308.15
308.15
308.15
308.15
308.15
308.15
308.15
308.15
308.15
308.15
308.15
308.15
308.15
308.15
308.15
308.15
308.15
308.15
308.15
308.15
308.15
308.15
308.15
308.15
308.15
308.15
308.15
308.15
308.15
308.15
308.15
308.15
308.15
308.15
308.15
308.15
308.15
308.15
308.15
308.15
308.15
308.15
308.15
308.15
308.15
308.15
308.15
308.15
308.15
308.15
308.15
308.15
308.15
308.15
308.15
308.15
308.15
308.15
308.15
308.15
308.15
308.15
308.15
308.15
308.15
308.15
308.15
308.15
308.15
308.15
308.15
308.15
308.15
308.15
308.15
308.15
308.15
308.15
308.15
308.15
308.15
308.15
308.15
308.15
308.15
308.15
308.15
308.15
308.15
308.15
308.15
308.15
308.15
308.15
308.15
308.15
308.15
308.15
308.15
308.15
308.15
308.15
308.15
308.15
308.15
308.15
308.15
308.15
308.15
308.15
308.15
308.15
308.15
308.15
308.15
308.15
308.15
308.15
308.15
308.15
308.15
308.15
308.15
308.15
308.15
308.15
308.15
308.15
308.15
308.15
308.15
308.15
308.15
308.15
308.15
308.15
308.15
308.15
308.15
308.15
308.15
308.15
308.15
308.15
308.15
308.15
308.15
308.15
308.15
308.15
308.15
308.15
308.15
308.15
308.15
308.15
308.15
308.15
308.15
308.15
308.15
308.15
308.15
308.15
308.15
308.15
308.15
308.15
308.15
308.15
308.15
308.15
308.15
308.15
308.15
308.15
308.15
308.15
308.15
308.15
308.15
308.15
308.15
308.15
308.15
308.15
308.15
308.15
308.15
308.15
308.15
308.15
308.15
308.15
308.15
308.15
308.15
308.15
308.15
308.15
308.15
308.15
308.15
308.15
308.15
308.15
308.15
308.15
308.15
308.15
308.15
308.15
308.15
308.15
308.15
308.15
308.15
308.15
308.15
308.15
308.15
308.15
308.15
308.15
308.15
308.15
308.15
308.15
308.15
308.15
308.15
308.15
308.15
308.15
308.15
308.15
308.15
308.15
308.15
308.15
308.15
308.15
308.15
308.15
308.15
308.15
308.15
308.15
308.15
308.15
308.15
308.15
308.15
308.15
308.15
308.15
308.15
308.15
308.15
308.15
308.15
308.15
308.15
308.15
308.15
308.15
308.15
308.15
308.15
308.15
308.15
308.15
308.15
308.15
308.15
308.15
308.15
308.15
308.15
308.15
308.15
308.15
308.15
308.15
308.15
308.15
308.15
308.15
308.15
308.15
308.15
308.15
308.15
308.15
308.15
308.15
308.15
308.15
308.15
308.15
308.15
308.15
308.15
308.15
308.15
308.15
308.15
308.15
308.15
308.15
308.15
308.15
308.15
308.15
308.15
308.15
308.15
308.15
308.15
308.15
308.15
308.15
308.15
308.15
308.15
308.15
308.15
308.15
308.15
308.15
308.15
308.15
308.15
308.15
308.15
308.15
308.15
308.15
308.15
308.15
308.15
308.15
308.15
308.15
308.15
308.15
308.15
308.15
308.15
308.15
308.15
308.15
308.15
308.15
308.15
308.15
308.15
308.15
308.15
308.15
308.15
308.15
308.15
308.15
308.15
308.15
308.15
308.15
308.15
308.15
308.15
308.15
308.15
308.15
308.15
308.15
308.15
308.15
308.15
308.15
308.15
308.15
308.15
308.15
308.15
308.15
308.15
308.15
308.15
308.15
308.15
308.15
308.15
308.15
308.15
308.15
308.15
308.15
308.15
308.15
308.15
308.15
308.15
308.15
308.15
308.15
308.15
308.15
308.15
308.15
308.15
308.15
308.15
308.15
308.15
308.15
308.15
308.15
308.15
308.15
308.15
308.15
308.15
308.15
308.15
308.15
308.15
308.15
308.15
308.15
308.15
308.15
308.15
308.15
308.15
308.15
308.15
308.15
308.15
308.15
308.15
308.15
308.15
308.15
308.15
308.15
308.15
308.15
308.15
308.15
308.15
308.15
308.15
308.15
308.15
308.15
308.15
308.15
308.15
308.15
308.15
308.15
308.15
308.15
308.15
308.15
308.15
308.15
308.15
308.15
308.15
308.15
308.15
308.15
308.15
308.15
308.15
308.15
308.15
308.15
308.15
308.15
308.15
308.15
308.15
308.15
308.15
308.15
308.15
308.15
308.15
308.15
308.15
308.15
308.15
308.15
308.15
308.15
308.15
308.15
308.15
308.15
308.15
308.15
308.15
308.15
308.15
308.15
308.15
308.15
308.15
308.15
308.15
308.15
308.15
308.15
308.15
308.15
308.15
308.15
308.15
308.15
308.15
308.15
308.15
308.15
308.15
308.15
308.15
308.15
308.15
308.15
308.15
308.15
308.15
308.15
308.15
308.15
308.15
308.15
308.15
308.15
308.15
308.15
308.15
308.15
308.15
308.15
308.15
308.15
308.15
308.15
308.15
308.15
308.15
308.15
308.15
308.15
308.15
308.15
308.15
308.15
308.15
308.15
308.15
308.15
308.15
308.15
308.15
308.15
308.15
308.15
308.15
308.15
308.15
308.15
308.15
308.15
308.15
308.15
308.15
308.15
308.15
308.15
308.15
308.15
308.15
308.15
308.15
308.15
308.15
308.15
308.15
308.15
308.15
308.15
308.15
308.15
308.15
308.15
308.15
308.15
308.15
308.15
308.15
308.15
308.15
308.15
308.15
308.15
308.15
308.15
308.15
308.15
308.15
308.15
308.15
308.15
308.15
308.15
308.15
308.15
308.15
308.15
308.15
308.15
308.15
308.15
308.15
308.15
308.15
308.15
308.15
308.15
308.15
308.15
308.15
308.15
308.15
308.15
308.15
308.15
308.15
308.15
308.15
308.15
308.15
308.15
308.15
308.15
308.15
308.15
308.15
308.15
308.15
308.15
308.15
308.15
308.15
308.15
308.15
308.15
308.15
308.15
308.15
308.15
308.15
308.15
308.15
308.15
308.15
308.15
308.15
308.15
308.15
308.15
308.15
308.15
308.15
308.15
308.15
308.15
308.15
308.15
308.15
308.15
308.15
308.15
308.15
308.15
308.15
308.15
308.15
308.15
308.15
308.15
308.15
308.15
308.15
308.15
308.15
308.15
308.15
308.15
308.15
308.15
308.15
308.15
308.15
308.15
308.15
308.15
308.15
308.15
308.15
308.15
308.15
308.15
308.15
308.15
308.15
308.15
308.15
308.15
308.15
308.15
308.15
308.15
308.15
308.15
308.15
308.15
308.15
308.15
308.15
308.15
308.15
308.15
308.15
308.15
308.15
308.15
308.15
308.15
308.15
308.15
308.15
308.15
308.15
308.15
308.15
308.15
308.15
308.15
308.15
308.15
308.15
308.15
308.15
308.15
308.15
308.15
308.15
308.15
308.15
308.15
308.15
308.15
308.15
308.15
308.15
308.15
308.15
308.15
308.15
308.15
308.15
308.15
308.15
308.15
308.15
308.15
308.15
308.15
308.15
308.15
308.15
308.15
308.15
308.15
308.15
308.15
308.15
308.15
308.15
308.15
308.15
308.15
308.15
308.15
308.15
308.15
308.15
308.15
308.15
308.15
308.15
308.15
308.15
308.15
308.15
308.15
308.15
308.15
308.15
308.15
308.15
308.15
308.15
308.15
308.15
308.15
308.15
308.15
308.15
308.15
308.15
308.15
308.15
308.15
308.15
308.15
308.15
308.15
308.15
308.15
308.15
308.15
308.15
308.15
308.15
308.15
308.15
308.15
308.15
308.15
308.15
308.15
308.15
308.15
308.15
308.15
308.15
308.15
308.15
308.15
308.15
308.15
308.15
308.15
308.15
308.15
308.15
308.15
308.15
308.15
308.15
308.15
308.15
308.15
308.15
308.15
308.15
308.15
308.15
308.15
308.15
308.15
308.15
308.15
308.15
308.15
308.15
308.15
308.15
308.15
308.15
308.15
308.15
308.15
308.15
308.15
308.15
308.15
308.15
308.15
308.15
308.15
308.15
308.15
308.15
308.15
308.15
308.15
308.15
308.15
308.15
308.15
308.15
308.15
308.15
308.15
308.15
308.15
308.15
308.15
308.15
308.15
308.15
308.15
308.15
308.15
308.15
308.15
308.15
308.15
308.15
308.15
308.15
308.15
308.15
308.15
308.15
308.15
308.15
308.15
308.15
308.15
308.15
308.15
308.15
308.15
308.15
308.15
308.15
308.15
308.15
308.15
308.15
308.15
308.15
308.15
308.15
308.15
308.15
308.15
308.15
308.15
308.15
308.15
308.15
308.15
308.15
308.15
308.15
308.15
308.15
308.15
308.15
308.15
308.15
308.15
308.15
308.15
308.15
308.15
308.15
308.15
308.15
308.15
308.15
308.15
308.15
308.15
308.15
308.15
308.15
308.15
308.15
308.15
308.15
308.15
308.15
308.15
308.15
308.15
308.15
308.15
308.15
308.15
308.15
308.15
308.15
308.15
308.15
308.15
308.15
308.15
308.15
308.15
308.15
308.15
308.15
308.15
308.15
308.15
308.15
308.15
308.15
308.15
308.15
308.15
308.15
308.15
308.15
308.15
308.15
308.15
308.15
308.15
308.15
308.15
308.15
308.15
308.15
308.15
308.15
308.15
308.15
308.15
308.15
308.15
308.15
308.15
308.15
308.15
308.15
308.15
308.15
308.15
308.15
308.15
308.15
308.15
308.15
308.15
308.15
308.15
308.15
308.15
308.15
308.15
308.15
308.15
308.15
308.15
308.15
308.15
308.15
308.15
308.15
308.15
308.15
308.15
308.15
308.15
308.15
308.15
308.15
308.15
308.15
308.15
308.15
308.15
308.15
308.15
308.15
308.15
308.15
308.15
308.15
308.15
308.15
308.15
308.15
308.15
308.15
308.15
308.15
308.15
308.15
308.15
308.15
308.15
308.15
308.15
308.15
308.15
308.15
308.15
308.15
308.15
308.15
308.15
308.15
308.15
308.15
308.15
308.15
308.15
308.15
308.15
308.15
308.15
308.15
308.15
308.15
308.15
308.15
308.15
308.15
308.15
308.15
308.15
308.15
308.15
308.15
308.15
308.15
308.15
308.15
308.15
308.15
308.15
308.15
308.15
308.15
308.15
308.15
308.15
308.15
308.15
308.15
308.15
308.15
308.15
308.15
308.15
308.15
308.15
308.15
308.15
308.15
308.15
308.15
308.15
308.15
308.15
308.15
308.15
308.15
308.15
308.15
308.15
308.15
308.15
308.15
308.15
308.15
308.15
308.15
308.15
308.15
308.15
308.15
308.15
308.15
308.15
308.15
308.15
308.15
308.15
308.15
308.15
308.15
308.15
308.15
308.15
308.15
308.15
308.15
308.15
308.15
308.15
308.15
308.15
308.15
308.15
308.15
308.15
308.15
308.15
308.15
308.15
308.15
308.15
308.15
308.15
308.15
308.15
308.15
308.15
308.15
308.15
308.15
308.15
308.15
308.15
308.15
308.15
308.15
308.15
308.15
308.15
308.15
308.15
308.15
308.15
308.15
308.15
308.15
308.15
308.15
308.15
308.15
308.15
308.15
308.15
308.15
308.15
308.15
308.15
308.15
308.15
308.15
308.15
308.15
308.15
308.15
308.15
308.15
308.15
308.15
308.15
308.15
308.15
308.15
308.15
308.15
308.15
308.15
308.15
308.15
308.15
308.15
308.15
308.15
308.15
308.15
308.15
308.15
308.15
308.15
308.15
308.15
308.15
308.15
308.15
308.15
308.15
308.15
308.15
308.15
308.15
308.15
308.15
308.15
308.15
308.15
308.15
308.15
308.15
308.15
308.15
308.15
308.15
308.15
308.15
308.15
308.15
308.15
308.15
308.15
308.15
308.15
308.15
308.15
308.15
308.15
308.15
308.15
308.15
308.15
308.15
308.15
308.15
308.15
308.15
308.15
308.15
308.15
308.15
308.15
308.15
308.15
308.15
308.15
308.15
308.15
308.15
308.15
308.15
308.15
308.15
308.15
308.15
308.15
308.15
308.15
308.15
308.15
308.15
308.15
308.15
308.15
308.15
308.15
308.15
308.15
308.15
308.15
308.15
308.15
308.15
308.15
308.15
308.15
308.15
308.15
308.15
308.15
308.15
308.15
308.15
308.15
308.15
308.15
308.15
308.15
308.15
308.15
308.15
308.15
308.15
308.15
308.15
308.15
308.15
308.15
308.15
308.15
308.15
308.15
308.15
308.15
308.15
308.15
308.15
308.15
308.15
308.15
308.15
308.15
308.15
308.15
308.15
308.15
308.15
308.15
308.15
308.15
308.15
308.15
308.15
308.15
308.15
308.15
308.15
308.15
308.15
308.15
308.15
308.15
308.15
308.15
308.15
308.15
308.15
308.15
308.15
308.15
308.15
308.15
308.15
308.15
308.15
308.15
308.15
308.15
308.15
308.15
308.15
308.15
308.15
308.15
308.15
308.15
308.15
308.15
308.15
308.15
308.15
308.15
308.15
308.15
308.15
308.15
308.15
308.15
308.15
308.15
308.15
308.15
308.15
308.15
308.15
308.15
308.15
308.15
308.15
308.15
308.15
308.15
308.15
308.15
308.15
308.15
308.15
308.15
308.15
308.15
308.15
308.15
308.15
308.15
308.15
308.15
308.15
308.15
308.15
308.15
308.15
308.15
308.15
308.15
308.15
308.15
308.15
308.15
308.15
308.15
308.15
308.15
308.15
308.15
308.15
308.15
308.15
308.15
308.15
308.15
308.15
308.15
308.15
308.15
308.15
308.15
308.15
308.15
308.15
308.15
308.15
308.15
308.15
308.15
308.15
308.15
308.15
308.15
308.15
308.15
308.15
308.15
308.15
308.15
308.15
308.15
308.15
308.15
308.15
308.15
308.15
308.15
308.15
308.15
308.15
308.15
308.15
308.15
308.15
308.15
308.15
308.15
308.15
308.15
308.15
308.15
308.15
308.15
308.15
308.15
308.15
308.15
308.15
308.15
308.15
308.15
308.15
308.15
308.15
308.15
308.15
308.15
308.15
308.15
308.15
308.15
308.15
308.15
308.15
308.15
308.15
308.15
308.15
308.15
308.15
308.15
308.15
308.15
308.15
308.15
308.15
308.15
308.15
308.15
308.15
308.15
308.15
308.15
308.15
308.15
308.15
308.15
308.15
308.15
308.15
308.15
308.15
308.15
308.15
308.15
308.15
308.15
308.15
308.15
308.15
308.15
308.15
308.15
308.15
308.15
308.15
308.15
308.15
308.15
308.15
308.15
308.15
308.15
308.15
308.15
308.15
308.15
308.15
308.15
308.15
308.15
308.15
308.15
308.15
308.15
308.15
308.15
308.15
308.15
308.15
308.15
308.15
308.15
308.15
308.15
308.15
308.15
308.15
308.15
308.15
308.15
308.15
308.15
308.15
308.15
308.15
308.15
308.15
308.15
308.15
308.15
308.15
308.15
308.15
308.15
308.15
308.15
308.15
308.15
308.15
308.15
308.15
308.15
308.15
308.15
308.15
308.15
308.15
308.15
308.15
308.15
308.15
308.15
308.15
308.15
308.15
308.15
308.15
308.15
308.15
308.15
308.15
308.15
308.15
308.15
308.15
308.15
308.15
308.15
308.15
308.15
308.15
308.15
308.15
308.15
308.15
308.15
308.15
308.15
308.15
308.15
308.15
308.15
308.15
308.15
308.15
308.15
308.15
308.15
308.15
308.15
308.15
308.15
308.15
308.15
308.15
308.15
308.15
308.15
308.15
308.15
308.15
308.15
308.15
308.15
308.15
308.15
308.15
308.15
308.15
308.15
308.15
308.15
308.15
308.15
308.15
308.15
308.15
308.15
308.15
308.15
308.15
308.15
308.15
308.15
308.15
308.15
308.15
308.15
308.15
308.15
308.15
308.15
308.15
308.15
308.15
308.15
308.15
308.15
308.15
308.15
308.15
308.15
308.15
308.15
308.15
308.15
308.15
308.15
308.15
308.15
308.15
308.15
308.15
308.15
308.15
308.15
308.15
308.15
308.15
308.15
308.15
308.15
308.15
308.15
308.15
308.15
308.15
308.15
308.15
308.15
308.15
308.15
308.15
308.15
308.15
308.15
308.15
308.15
308.15
308.15
308.15
308.15
308.15
308.15
308.15
308.15
308.15
308.15
308.15
308.15
308.15
308.15
308.15
308.15
308.15
308.15
308.15
308.15
308.15
308.15
308.15
308.15
308.15
308.15
308.15
308.15
308.15
308.15
308.15
308.15
308.15
308.15
308.15
308.15
308.15
308.15
308.15
308.15
308.15
308.15
308.15
308.15
308.15
308.15
308.15
308.15
308.15
308.15
308.15
308.15
308.15
308.15
308.15
308.15
308.15
308.15
308.15
308.15
308.15
308.15
308.15
308.15
308.15
308.15
308.15
308.15
308.15
308.15
308.15
308.15
308.15
308.15
308.15
308.15
308.15
308.15
308.15
308.15
308.15
308.15
308.15
308.15
308.15
308.15
308.15
308.15
308.15
308.15
308.15
308.15
308.15
308.15
308.15
308.15
308.15
308.15
308.15
308.15
308.15
308.15
308.15
308.15
308.15
308.15
308.15
308.15
308.15
308.15
308.15
308.15
308.15
308.15
308.15
308.15
308.15
308.15
308.15
308.15
308.15
308.15
308.15
308.15
308.15
308.15
308.15
308.15
308.15
308.15
308.15
308.15
308.15
308.15
308.15
308.15
308.15
308.15
308.15
308.15
308.15
308.15
308.15
308.15
308.15
308.15
308.15
308.15
308.15
308.15
308.15
308.15
308.15
308.15
308.15
308.15
308.15
308.15
308.15
308.15
308.15
308.15
308.15
308.15
308.15
308.15
308.15
308.15
308.15
308.15
308.15
308.15
308.15
308.15
308.15
308.15
308.15
308.15
308.15
308.15
308.15
308.15
308.15
308.15
308.15
308.15
308.15
308.15
308.15
308.15
308.15
308.15
308.15
308.15
308.15
308.15
308.15
308.15
308.15
308.15
308.15
308.15
308.15
308.15
308.15
308.15
308.15
308.15
308.15
308.15
308.15
308.15
308.15
308.15
308.15
308.15
308.15
308.15
308.15
308.15
308.15
308.15
308.15
308.15
308.15
308.15
308.15
308.15
308.15
308.15
308.15
308.15
308.15
308.15
308.15
308.15
308.15
308.15
308.15
308.15
308.15
308.15
308.15
308.15
308.15
308.15
308.15
308.15
308.15
308.15
308.15
308.15
308.15
308.15
308.15
308.15
308.15
308.15
308.15
308.15
308.15
308.15
308.15
308.15
308.15
308.15
308.15
308.15
308.15
308.15
308.15
308.15
308.15
308.15
308.15
308.15
308.15
308.15
308.15
308.15
308.15
308.15
308.15
308.15
308.15
308.15
308.15
308.15
308.15
308.15
308.15
308.15
308.15
308.15
308.15
308.15
308.15
308.15
308.15
308.15
308.15
308.15
308.15
308.15
308.15
308.15
308.15
308.15
308.15
308.15
308.15
308.15
308.15
308.15
308.15
308.15
308.15
308.15
308.15
308.15
308.15
308.15
308.15
308.15
308.15
308.15
308.15
308.15
308.15
308.15
308.15
308.15
308.15
308.15
308.15
308.15
308.15
308.15
308.15
308.15
308.15
308.15
308.15
308.15
308.15
308.15
308.15
308.15
308.15
308.15
308.15
308.15
308.15
308.15
308.15
308.15
308.15
308.15
308.15
308.15
308.15
308.15
308.15
308.15
308.15
308.15
308.15
308.15
308.15
308.15
308.15
308.15
308.15
308.15
308.15
308.15
308.15
308.15
308.15
308.15
308.15
308.15
308.15
308.15
308.15
308.15
)
;

boundaryField
{
    sides
    {
        type            zeroGradient;
    }
    empty1
    {
        type            empty;
    }
    empty2
    {
        type            empty;
    }
}


// ************************************************************************* //
