/*--------------------------------*- C++ -*----------------------------------*\
| =========                 |                                                 |
| \\      /  F ield         | OpenFOAM: The Open Source CFD Toolbox           |
|  \\    /   O peration     | Version:  2012                                  |
|   \\  /    A nd           | Website:  www.openfoam.com                      |
|    \\/     M anipulation  |                                                 |
\*---------------------------------------------------------------------------*/
FoamFile
{
    version     2.0;
    format      ascii;
    class       volScalarField;
    location    "0.13";
    object      pcorr;
}
// * * * * * * * * * * * * * * * * * * * * * * * * * * * * * * * * * * * * * //

dimensions      [1 -1 -2 0 0 0 0];


internalField   nonuniform List<scalar> 
2268
(
102266
102275
102294
102322
102360
102408
102466
102535
102614
102701
102792
102880
102953
102990
102966
102860
102661
102379
102027
101660
101303
100891
100259
102264
102273
102292
102320
102358
102406
102464
102533
102612
102700
102793
102884
102961
103003
102985
102881
102680
102394
102031
101657
101316
100956
100411
102260
102269
102287
102315
102353
102401
102459
102529
102608
102698
102794
102891
102976
103030
103023
102923
102717
102427
102036
101647
101333
101071
100680
102254
102263
102281
102309
102346
102394
102452
102522
102602
102694
102795
102900
102999
103071
103082
102988
102774
102482
102040
101621
101339
101224
101066
102245
102254
102273
102300
102337
102385
102443
102512
102594
102688
102795
102910
103027
103125
103164
103081
102847
102571
102040
101566
101345
101372
101388
102235
102244
102262
102289
102326
102373
102431
102500
102583
102680
102793
102921
103060
103193
103273
103207
102930
102717
101904
101485
101382
101382
101385
102223
102232
102249
102276
102312
102359
102416
102485
102569
102668
102787
102928
103094
103273
103415
103381
102998
102998
101722
101423
101384
101381
101381
102209
102217
102235
102261
102296
102342
102398
102467
102551
102652
102776
102931
103125
103361
103596
103632
102981
102309
101522
101395
101383
101380
101379
101363
101363
101363
101362
101361
101360
101360
101359
101358
101358
101357
101357
101356
101356
101356
101355
101355
101355
101355
101363
101363
101363
101362
101361
101360
101360
101359
101358
101358
101357
101357
101356
101356
101355
101355
101355
101355
101355
101364
101363
101363
101362
101361
101360
101360
101359
101358
101358
101357
101357
101356
101356
101355
101355
101355
101355
101355
101364
101363
101363
101362
101361
101360
101360
101359
101358
101358
101357
101357
101356
101356
101355
101355
101355
101355
101355
101364
101364
101363
101362
101361
101360
101360
101359
101358
101358
101357
101356
101356
101356
101355
101355
101355
101355
101355
101364
101364
101363
101362
101361
101360
101359
101359
101358
101357
101357
101356
101356
101356
101355
101355
101355
101355
101355
101365
101364
101363
101362
101361
101360
101359
101359
101358
101357
101357
101356
101356
101356
101355
101355
101355
101355
101355
101365
101364
101363
101362
101361
101360
101359
101359
101358
101357
101357
101356
101356
101355
101355
101355
101355
101355
101355
102184
102192
102209
102234
102268
102312
102367
102434
102517
102619
102749
102921
103159
103498
103948
104265
102635
101600
101400
101387
101382
101379
101377
102141
102149
102164
102188
102220
102260
102311
102374
102450
102545
102669
102841
103104
103572
104563
107104
102063
101418
101393
101386
101382
101378
101376
102091
102098
102112
102133
102162
102199
102244
102299
102364
102443
102541
102667
102843
103118
103609
102554
101444
101398
101389
101384
101380
101377
101374
102034
102040
102053
102071
102097
102128
102167
102213
102265
102323
102384
102443
102482
102446
102103
101481
101397
101389
101385
101382
101378
101375
101373
101971
101976
101987
102003
102024
102051
102083
102120
102159
102199
102230
102239
102197
102089
101552
101395
101387
101384
101382
101379
101376
101374
101371
101902
101906
101915
101929
101947
101969
101995
102024
102054
102083
102100
102084
101980
101680
101412
101384
101381
101380
101378
101376
101374
101371
101369
101828
101832
101839
101850
101865
101882
101903
101927
101952
101978
102003
102019
101963
101506
101386
101378
101377
101376
101374
101373
101371
101369
101368
101751
101754
101760
101768
101779
101793
101809
101827
101848
101874
101916
102025
102406
101439
101378
101374
101373
101372
101371
101370
101368
101367
101366
101672
101674
101677
101683
101691
101701
101713
101726
101739
101753
101763
101755
101641
101385
101371
101370
101369
101369
101368
101367
101366
101365
101363
101590
101591
101593
101596
101601
101607
101615
101623
101630
101634
101630
101591
101416
101370
101366
101366
101366
101365
101365
101364
101363
101362
101361
101507
101507
101507
101507
101509
101512
101517
101522
101525
101524
101533
101589
101370
101364
101362
101362
101362
101362
101362
101361
101361
101360
101359
101425
101423
101421
101417
101415
101416
101419
101424
101421
101404
101386
101377
101351
101358
101358
101359
101359
101359
101359
101359
101358
101358
101357
101345
101341
101335
101326
101319
101315
101320
101334
101334
101291
101244
101240
101339
101353
101355
101355
101356
101356
101356
101356
101356
101356
101355
101271
101265
101256
101241
101229
101222
101233
101285
101320
101323
101325
101329
101336
101349
101351
101352
101352
101353
101353
101354
101354
101354
101354
101317
101317
101317
101318
101319
101320
101321
101323
101325
101326
101329
101331
101335
101341
101347
101348
101350
101350
101351
101351
101352
101352
101352
101320
101320
101320
101321
101322
101322
101323
101325
101326
101328
101330
101332
101335
101339
101344
101346
101347
101348
101349
101349
101350
101350
101350
101321
101321
101322
101322
101323
101324
101325
101326
101327
101329
101330
101332
101334
101338
101342
101343
101345
101346
101347
101347
101348
101348
101348
101322
101322
101323
101323
101324
101325
101326
101327
101328
101329
101331
101333
101335
101337
101340
101341
101343
101344
101345
101346
101346
101347
101347
101323
101323
101324
101324
101325
101325
101326
101327
101328
101330
101331
101333
101334
101336
101338
101340
101341
101342
101343
101344
101345
101345
101345
101324
101324
101325
101325
101326
101326
101327
101328
101329
101330
101331
101333
101334
101336
101337
101339
101340
101341
101342
101343
101343
101344
101344
101325
101325
101325
101326
101326
101327
101327
101328
101329
101330
101331
101333
101334
101335
101337
101338
101339
101340
101341
101341
101342
101342
101343
101326
101326
101326
101326
101327
101327
101328
101329
101329
101330
101331
101332
101334
101335
101336
101337
101338
101339
101339
101340
101341
101341
101341
101326
101326
101326
101327
101327
101328
101328
101329
101330
101330
101331
101332
101333
101334
101335
101336
101337
101338
101338
101339
101340
101340
101340
101327
101327
101327
101327
101327
101328
101328
101329
101330
101330
101331
101332
101333
101334
101335
101335
101336
101337
101337
101338
101338
101339
101339
101327
101327
101327
101327
101328
101328
101329
101329
101330
101330
101331
101332
101332
101333
101334
101335
101335
101336
101337
101337
101338
101338
101338
101327
101327
101327
101328
101328
101328
101329
101329
101330
101330
101331
101331
101332
101333
101333
101334
101335
101335
101336
101336
101337
101337
101337
101327
101327
101327
101328
101328
101328
101329
101329
101329
101330
101331
101331
101332
101332
101333
101333
101334
101334
101335
101335
101336
101336
101336
101327
101327
101328
101328
101328
101328
101329
101329
101329
101330
101330
101331
101331
101332
101332
101333
101333
101334
101334
101335
101335
101335
101336
101327
101327
101328
101328
101328
101328
101328
101329
101329
101330
101330
101330
101331
101331
101332
101332
101333
101333
101333
101334
101334
101334
101335
101327
101327
101328
101328
101328
101328
101328
101329
101329
101329
101330
101330
101330
101331
101331
101332
101332
101332
101333
101333
101333
101334
101334
101327
101327
101328
101328
101328
101328
101328
101328
101329
101329
101329
101330
101330
101330
101331
101331
101331
101332
101332
101332
101333
101333
101333
101327
101327
101327
101328
101328
101328
101328
101328
101328
101329
101329
101329
101330
101330
101330
101331
101331
101331
101331
101332
101332
101332
101332
101327
101327
101327
101327
101327
101328
101328
101328
101328
101328
101329
101329
101329
101329
101330
101330
101330
101331
101331
101331
101331
101331
101332
101327
101327
101327
101327
101327
101327
101328
101328
101328
101328
101328
101329
101329
101329
101329
101329
101330
101330
101330
101330
101331
101331
101331
101327
101327
101327
101327
101327
101327
101327
101327
101328
101328
101328
101328
101328
101329
101329
101329
101329
101329
101329
101330
101330
101330
101330
101327
101327
101327
101327
101327
101327
101327
101327
101327
101327
101328
101328
101328
101328
101328
101328
101329
101329
101329
101329
101329
101329
101329
101326
101326
101326
101327
101327
101327
101327
101327
101327
101327
101327
101327
101327
101328
101328
101328
101328
101328
101328
101328
101329
101329
101329
101326
101326
101326
101326
101326
101326
101326
101327
101327
101327
101327
101327
101327
101327
101327
101327
101327
101328
101328
101328
101328
101328
101328
101326
101326
101326
101326
101326
101326
101326
101326
101326
101326
101326
101326
101327
101327
101327
101327
101327
101327
101327
101327
101327
101327
101327
101326
101326
101326
101326
101326
101326
101326
101326
101326
101326
101326
101326
101326
101326
101326
101326
101326
101326
101326
101327
101327
101327
101327
101325
101325
101325
101325
101325
101325
101325
101326
101326
101326
101326
101326
101326
101326
101326
101326
101326
101326
101326
101326
101326
101326
101326
101325
101325
101325
101325
101325
101325
101325
101325
101325
101325
101325
101325
101325
101325
101325
101325
101325
101325
101325
101325
101325
101325
101325
101374
101372
101371
101369
101373
101372
101370
101369
101372
101371
101370
101369
101371
101370
101369
101368
101370
101369
101368
101367
101368
101367
101366
101366
101366
101366
101365
101364
101365
101364
101363
101363
101363
101362
101362
101361
101361
101360
101360
101360
101359
101359
101358
101358
101357
101357
101357
101356
101355
101355
101355
101355
101353
101353
101353
101353
101352
101352
101352
101351
101350
101350
101350
101350
101348
101348
101348
101348
101347
101347
101347
101347
101345
101346
101346
101346
101344
101344
101344
101344
101343
101343
101343
101343
101342
101342
101342
101342
101341
101341
101341
101341
101340
101340
101340
101340
101338
101339
101339
101339
101338
101338
101338
101338
101337
101337
101337
101337
101336
101336
101336
101336
101335
101335
101335
101335
101334
101334
101334
101334
101333
101333
101333
101334
101332
101333
101333
101333
101332
101332
101332
101332
101331
101331
101331
101331
101330
101330
101330
101330
101330
101330
101330
101330
101329
101329
101329
101329
101328
101328
101328
101328
101327
101327
101327
101327
101327
101327
101327
101327
101326
101326
101326
101326
101325
101325
101325
101325
101367
101365
101363
101362
101361
101360
101359
101358
101358
101357
101357
101356
101356
101355
101355
101355
101355
101355
101354
101367
101365
101363
101362
101361
101360
101359
101358
101358
101357
101356
101356
101355
101355
101355
101355
101354
101354
101354
101367
101365
101363
101362
101361
101360
101359
101358
101357
101357
101356
101356
101355
101355
101355
101354
101354
101354
101354
101366
101364
101363
101361
101360
101359
101358
101358
101357
101356
101356
101355
101355
101354
101354
101354
101354
101354
101354
101365
101364
101362
101361
101360
101359
101358
101357
101356
101356
101355
101355
101354
101354
101354
101354
101353
101353
101353
101364
101363
101361
101360
101359
101358
101357
101357
101356
101355
101355
101354
101354
101354
101353
101353
101353
101353
101353
101363
101362
101360
101359
101358
101357
101357
101356
101355
101355
101354
101354
101353
101353
101353
101353
101353
101352
101352
101362
101361
101359
101358
101357
101357
101356
101355
101355
101354
101354
101353
101353
101353
101352
101352
101352
101352
101352
101360
101359
101358
101357
101357
101356
101355
101355
101354
101353
101353
101353
101352
101352
101352
101352
101352
101351
101351
101359
101358
101357
101356
101356
101355
101354
101354
101353
101353
101352
101352
101352
101351
101351
101351
101351
101351
101351
101357
101357
101356
101355
101355
101354
101353
101353
101352
101352
101352
101351
101351
101351
101351
101350
101350
101350
101350
101356
101355
101355
101354
101353
101353
101352
101352
101352
101351
101351
101351
101350
101350
101350
101350
101350
101350
101350
101354
101354
101353
101353
101352
101352
101352
101351
101351
101350
101350
101350
101350
101349
101349
101349
101349
101349
101349
101353
101352
101352
101352
101351
101351
101351
101350
101350
101350
101349
101349
101349
101349
101349
101348
101348
101348
101348
101351
101351
101351
101350
101350
101350
101350
101349
101349
101349
101349
101348
101348
101348
101348
101348
101348
101348
101348
101350
101350
101350
101349
101349
101349
101349
101348
101348
101348
101348
101347
101347
101347
101347
101347
101347
101347
101347
101348
101348
101348
101348
101348
101348
101348
101347
101347
101347
101347
101347
101347
101346
101346
101346
101346
101346
101346
101347
101347
101347
101347
101347
101347
101347
101346
101346
101346
101346
101346
101346
101346
101346
101345
101345
101345
101345
101346
101346
101346
101346
101346
101346
101346
101345
101345
101345
101345
101345
101345
101345
101345
101345
101345
101345
101345
101345
101345
101345
101345
101345
101345
101345
101344
101344
101344
101344
101344
101344
101344
101344
101344
101344
101344
101344
101343
101343
101344
101344
101344
101344
101344
101343
101343
101343
101343
101343
101343
101343
101343
101343
101343
101343
101343
101342
101342
101342
101343
101343
101343
101343
101343
101342
101342
101342
101342
101342
101342
101342
101342
101342
101342
101342
101341
101341
101341
101342
101342
101342
101342
101342
101342
101342
101342
101341
101341
101341
101341
101341
101341
101341
101341
101340
101340
101340
101340
101341
101341
101341
101341
101341
101341
101341
101341
101341
101341
101341
101341
101340
101340
101340
101339
101339
101339
101340
101340
101340
101340
101340
101340
101340
101340
101340
101340
101340
101340
101340
101340
101340
101340
101338
101338
101338
101339
101339
101339
101339
101339
101339
101339
101339
101339
101339
101339
101339
101339
101339
101339
101339
101337
101337
101337
101338
101338
101338
101338
101338
101338
101338
101338
101338
101338
101338
101338
101338
101338
101338
101338
101336
101336
101337
101337
101337
101337
101337
101337
101337
101337
101337
101337
101337
101337
101337
101337
101337
101337
101337
101335
101336
101336
101336
101336
101336
101336
101336
101336
101336
101336
101336
101336
101336
101336
101336
101336
101336
101336
101334
101335
101335
101335
101335
101335
101335
101335
101335
101335
101335
101335
101335
101335
101335
101335
101335
101335
101335
101334
101334
101334
101334
101334
101334
101334
101334
101334
101334
101335
101335
101335
101335
101335
101335
101335
101335
101335
101333
101333
101333
101333
101333
101333
101333
101334
101334
101334
101334
101334
101334
101334
101334
101334
101334
101334
101334
101332
101332
101332
101332
101333
101333
101333
101333
101333
101333
101333
101333
101333
101333
101333
101333
101333
101333
101333
101331
101331
101332
101332
101332
101332
101332
101332
101332
101332
101332
101332
101332
101332
101332
101332
101332
101332
101332
101331
101331
101331
101331
101331
101331
101331
101331
101331
101331
101331
101331
101331
101331
101331
101331
101331
101331
101331
101330
101330
101330
101330
101330
101330
101330
101330
101330
101330
101330
101330
101330
101330
101330
101330
101330
101330
101330
101329
101329
101329
101329
101329
101329
101329
101329
101329
101329
101329
101330
101330
101330
101330
101330
101330
101330
101330
101328
101328
101328
101328
101329
101329
101329
101329
101329
101329
101329
101329
101329
101329
101329
101329
101329
101329
101329
101328
101328
101328
101328
101328
101328
101328
101328
101328
101328
101328
101328
101328
101328
101328
101328
101328
101328
101328
101327
101327
101327
101327
101327
101327
101327
101327
101327
101327
101327
101327
101327
101327
101327
101327
101327
101327
101327
101326
101326
101326
101326
101326
101326
101326
101326
101326
101326
101326
101326
101326
101326
101326
101326
101326
101326
101326
101325
101325
101325
101325
101325
101325
101325
101325
101325
101325
101325
101325
101325
101325
101325
101325
101325
101325
101325
)
;

boundaryField
{
    leftWall
    {
        type            zeroGradient;
    }
    rightWall
    {
        type            zeroGradient;
    }
    lowerWall
    {
        type            zeroGradient;
    }
    atmosphere
    {
        type            fixedValue;
        value           uniform 101325;
    }
    defaultFaces
    {
        type            empty;
    }
}


// ************************************************************************* //
