/*--------------------------------*- C++ -*----------------------------------*\
| =========                 |                                                 |
| \\      /  F ield         | OpenFOAM: The Open Source CFD Toolbox           |
|  \\    /   O peration     | Version:  2012                                  |
|   \\  /    A nd           | Website:  www.openfoam.com                      |
|    \\/     M anipulation  |                                                 |
\*---------------------------------------------------------------------------*/
FoamFile
{
    version     2.0;
    format      ascii;
    class       volScalarField;
    location    "0.21";
    object      p;
}
// * * * * * * * * * * * * * * * * * * * * * * * * * * * * * * * * * * * * * //

dimensions      [1 -1 -2 0 0 0 0];


internalField   nonuniform List<scalar> 
2268
(
103254
103253
103251
103249
103245
103242
103237
103233
103230
103225
103226
103223
103235
103238
103271
103293
103354
103410
103516
103613
103755
103857
103950
103194
103193
103191
103189
103185
103182
103177
103173
103169
103164
103165
103162
103173
103177
103209
103230
103294
103348
103454
103550
103691
103791
103879
103133
103132
103130
103128
103124
103121
103116
103111
103107
103102
103102
103098
103109
103111
103143
103161
103226
103275
103378
103469
103608
103707
103814
103071
103070
103068
103066
103062
103058
103053
103048
103043
103038
103038
103033
103043
103045
103075
103093
103156
103206
103309
103403
103544
103647
103716
103008
103007
103005
103002
102998
102994
102988
102983
102978
102971
102970
102965
102973
102973
103001
103013
103077
103118
103214
103285
103413
103486
103601
102944
102943
102941
102938
102933
102929
102923
102917
102911
102904
102901
102896
102902
102901
102927
102937
102999
103038
103135
103215
103355
103459
103502
102879
102878
102875
102872
102867
102862
102856
102849
102842
102834
102829
102822
102825
102822
102845
102848
102910
102932
103023
103062
103161
103161
103206
102813
102812
102809
102806
102801
102795
102788
102780
102772
102763
102757
102749
102749
102744
102763
102764
102821
102836
102929
102976
103094
103162
103161
101330
101330
101330
101330
101330
101330
101330
101330
101330
101330
101330
101330
101330
101330
101330
101330
101330
101330
101330
101330
101330
101330
101330
101330
101330
101330
101330
101330
101330
101330
101330
101330
101330
101330
101330
101330
101330
101330
101330
101330
101330
101330
101330
101330
101330
101330
101330
101330
101330
101330
101330
101330
101330
101330
101330
101330
101330
101330
101330
101330
101330
101330
101330
101330
101330
101330
101330
101330
101330
101330
101330
101330
101330
101330
101330
101330
101330
101330
101330
101330
101330
101330
101330
101330
101330
101330
101330
101330
101330
101330
101330
101330
101330
101330
101330
101330
101330
101330
101330
101329
101330
101330
101330
101330
101330
101330
101330
101330
101330
101330
101330
101330
101330
101330
101330
101330
101329
101329
101329
101329
101329
101330
101330
101330
101330
101330
101330
101330
101330
101330
101330
101330
101330
101330
101330
101329
101329
101329
101329
101329
101330
101330
101330
101330
101330
101330
101330
101330
101330
101330
101330
101330
102708
102707
102704
102700
102694
102687
102679
102669
102659
102648
102638
102626
102620
102610
102619
102607
102663
102642
102728
102678
102708
102374
101928
102563
102561
102558
102553
102545
102537
102526
102514
102501
102486
102470
102454
102437
102424
102411
102401
102415
102389
102460
102414
102526
102425
102487
102412
102410
102406
102400
102391
102381
102367
102352
102333
102312
102289
102262
102234
102202
102167
102132
102115
102086
102116
102026
102033
101827
101698
102262
102259
102254
102247
102236
102223
102205
102186
102163
102136
102104
102069
102023
101977
101916
101856
101773
101695
101590
101530
101557
101597
101567
102106
102103
102097
102088
102076
102061
102041
102016
101987
101950
101907
101857
101797
101713
101609
101467
101374
101347
101330
101321
101314
101308
101293
101953
101950
101943
101933
101917
101898
101872
101843
101806
101766
101712
101651
101552
101449
101357
101331
101317
101316
101316
101316
101316
101314
101313
101795
101792
101783
101771
101755
101734
101708
101676
101636
101580
101511
101431
101356
101332
101317
101316
101316
101315
101315
101314
101314
101314
101313
101644
101640
101632
101619
101601
101576
101541
101502
101447
101400
101357
101333
101318
101319
101318
101316
101315
101315
101314
101314
101313
101312
101311
101489
101484
101475
101460
101439
101413
101391
101366
101344
101329
101318
101317
101317
101317
101316
101315
101314
101314
101314
101313
101313
101312
101311
101366
101363
101358
101350
101343
101335
101327
101320
101317
101317
101317
101317
101317
101317
101315
101315
101314
101314
101313
101313
101312
101311
101310
101321
101320
101319
101318
101318
101318
101318
101318
101317
101317
101317
101316
101316
101316
101314
101314
101314
101313
101313
101312
101311
101310
101308
101318
101318
101318
101318
101318
101318
101318
101317
101317
101317
101316
101316
101316
101315
101315
101314
101314
101313
101312
101312
101310
101309
101308
101318
101318
101318
101318
101318
101318
101318
101317
101317
101316
101316
101315
101315
101315
101314
101314
101314
101313
101312
101311
101310
101309
101307
101318
101318
101318
101318
101318
101317
101317
101317
101317
101316
101316
101315
101315
101315
101315
101314
101314
101313
101312
101311
101310
101308
101306
101318
101318
101318
101318
101317
101317
101317
101317
101317
101316
101315
101315
101315
101315
101314
101314
101314
101313
101312
101311
101310
101308
101305
101318
101318
101318
101317
101317
101317
101317
101317
101317
101316
101315
101315
101315
101315
101315
101314
101314
101313
101313
101312
101310
101309
101306
101317
101317
101317
101317
101317
101317
101317
101317
101317
101316
101316
101315
101315
101315
101315
101315
101314
101314
101313
101312
101311
101310
101307
101317
101317
101317
101317
101317
101317
101317
101317
101317
101316
101316
101316
101315
101315
101315
101315
101314
101314
101314
101313
101312
101312
101311
101317
101317
101317
101317
101317
101317
101317
101317
101317
101316
101316
101316
101316
101315
101315
101315
101315
101314
101314
101314
101313
101313
101312
101317
101317
101317
101317
101317
101317
101317
101317
101317
101316
101316
101316
101316
101316
101315
101315
101315
101315
101315
101315
101314
101314
101314
101317
101317
101317
101317
101317
101317
101317
101317
101317
101317
101316
101316
101316
101316
101316
101316
101315
101315
101315
101315
101315
101315
101315
101317
101317
101317
101317
101317
101317
101317
101317
101317
101317
101317
101316
101316
101316
101316
101316
101316
101316
101316
101316
101316
101316
101316
101317
101317
101317
101317
101317
101317
101317
101317
101317
101317
101317
101317
101316
101316
101316
101316
101316
101316
101316
101316
101316
101317
101317
101317
101317
101317
101317
101317
101317
101317
101317
101317
101317
101317
101317
101317
101317
101316
101316
101316
101316
101316
101317
101317
101317
101317
101317
101317
101317
101317
101317
101317
101317
101317
101317
101317
101317
101317
101317
101317
101317
101317
101317
101317
101317
101317
101317
101317
101318
101317
101317
101317
101317
101317
101317
101317
101317
101317
101317
101317
101317
101317
101317
101317
101317
101317
101317
101317
101317
101317
101318
101318
101317
101317
101317
101317
101317
101317
101317
101317
101317
101317
101317
101317
101317
101317
101317
101317
101317
101317
101317
101317
101318
101318
101318
101317
101317
101317
101317
101317
101317
101317
101317
101317
101317
101317
101317
101317
101317
101317
101317
101317
101317
101317
101318
101318
101318
101318
101317
101317
101317
101317
101317
101317
101317
101317
101317
101317
101317
101317
101317
101317
101317
101317
101317
101317
101317
101318
101318
101318
101318
101317
101317
101317
101317
101317
101317
101317
101317
101317
101317
101317
101317
101317
101317
101317
101317
101317
101318
101318
101318
101318
101318
101318
101317
101317
101317
101317
101317
101317
101317
101317
101317
101317
101317
101317
101317
101317
101317
101317
101317
101318
101318
101318
101318
101318
101318
101317
101317
101317
101317
101317
101317
101317
101317
101317
101317
101317
101317
101317
101317
101317
101318
101318
101318
101318
101318
101318
101318
101318
101317
101317
101317
101317
101317
101317
101317
101317
101317
101317
101317
101317
101317
101317
101317
101318
101318
101318
101318
101318
101318
101318
101318
101317
101317
101317
101317
101317
101317
101317
101317
101317
101317
101317
101317
101317
101318
101318
101318
101318
101318
101318
101318
101318
101318
101318
101317
101317
101317
101317
101317
101317
101317
101317
101317
101317
101317
101317
101318
101318
101318
101318
101318
101318
101318
101318
101318
101318
101318
101317
101317
101317
101317
101317
101317
101317
101317
101317
101317
101317
101318
101318
101318
101318
101318
101318
101318
101318
101318
101318
101318
101318
101317
101317
101317
101317
101317
101317
101317
101317
101317
101318
101318
101318
101318
101318
101318
101318
101318
101318
101318
101318
101318
101318
101318
101317
101317
101317
101317
101317
101318
101318
101318
101318
101318
101318
101318
101318
101318
101318
101318
101318
101318
101318
101318
101318
101318
101318
101318
101318
101318
101318
101318
101318
101318
101318
101318
101318
101318
101318
101318
101318
101318
101318
101318
101318
101318
101318
101318
101318
101318
101318
101318
101318
101318
101318
101318
101318
101318
101318
101318
101318
101318
101318
101318
101318
101318
101318
101318
101318
101318
101318
101318
101318
101318
101318
101318
101318
101318
101318
101318
101318
101318
101318
101318
101318
101318
101318
101318
101318
101318
101318
101318
101318
101318
101318
101318
101318
101318
101318
101318
101318
101318
101318
101318
101318
101318
101318
101318
101318
101318
101318
101318
101318
101318
101318
101318
101318
101318
101318
100186
101333
101330
101329
101997
101724
101280
101285
101219
101342
101236
101262
101498
101470
101388
101403
101267
101261
101235
101241
101312
101313
101314
101317
101312
101311
101310
101309
101311
101311
101310
101310
101310
101310
101309
101309
101309
101308
101308
101308
101307
101307
101306
101306
101306
101306
101305
101305
101305
101304
101303
101303
101304
101302
101302
101301
101302
101300
101298
101298
101303
101301
101299
101298
101305
101303
101301
101298
101311
101310
101310
101310
101312
101312
101312
101312
101315
101315
101315
101316
101316
101316
101316
101317
101317
101317
101317
101318
101317
101317
101318
101318
101318
101318
101318
101318
101318
101318
101318
101318
101318
101318
101318
101319
101318
101318
101318
101319
101318
101318
101319
101319
101318
101318
101319
101319
101318
101318
101319
101319
101318
101318
101319
101319
101318
101318
101318
101319
101318
101318
101318
101318
101318
101318
101318
101318
101318
101318
101318
101318
101318
101318
101318
101318
101318
101318
101318
101318
101318
101318
101318
101318
101318
101318
101318
101318
101318
101318
101318
101318
101318
101318
101318
101318
101318
101318
101318
101318
101329
101329
101328
101329
101329
101329
101329
101329
101329
101330
101330
101330
101330
101330
101330
101330
101330
101330
101330
101321
101328
101330
101328
101329
101329
101329
101329
101329
101329
101329
101330
101329
101330
101329
101329
101329
101329
101329
101239
101316
101328
101329
101328
101328
101329
101329
101329
101329
101329
101329
101329
101329
101329
101329
101329
101329
101329
101328
101267
101321
101327
101328
101327
101329
101329
101329
101329
101329
101329
101329
101329
101329
101329
101329
101329
101329
101226
101279
101267
101324
101329
101326
101329
101328
101329
101329
101329
101329
101329
101329
101329
101329
101329
101329
101329
101307
101278
101264
101310
101330
101326
101329
101329
101329
101329
101329
101329
101329
101329
101329
101329
101329
101329
101329
101312
101285
101274
101299
101328
101328
101330
101329
101329
101329
101329
101329
101329
101329
101329
101329
101329
101329
101329
101310
101309
101252
101299
101328
101330
101330
101330
101330
101329
101329
101329
101329
101329
101329
101329
101329
101328
101328
101309
101312
101276
101302
101329
101332
101330
101330
101329
101329
101329
101329
101329
101329
101328
101328
101328
101328
101328
101308
101309
101273
101320
101329
101332
101330
101330
101329
101329
101329
101329
101329
101328
101328
101328
101328
101328
101328
101307
101305
101257
101329
101329
101332
101330
101330
101329
101329
101329
101329
101328
101328
101328
101328
101328
101328
101328
101305
101305
101228
101327
101328
101331
101329
101330
101329
101329
101328
101328
101328
101328
101328
101328
101328
101328
101328
101303
101273
101279
101326
101327
101330
101329
101329
101328
101328
101328
101328
101328
101328
101327
101327
101327
101327
101327
101303
101303
101309
101328
101328
101329
101328
101329
101328
101328
101328
101328
101327
101327
101327
101327
101327
101327
101327
101297
101325
101333
101327
101328
101329
101328
101328
101328
101328
101327
101327
101327
101327
101327
101327
101327
101327
101327
101296
101313
101320
101326
101328
101328
101328
101328
101327
101327
101327
101327
101327
101327
101326
101326
101326
101326
101326
101301
101315
101320
101326
101329
101328
101328
101327
101327
101327
101327
101326
101326
101326
101326
101326
101326
101326
101326
101312
101315
101319
101322
101325
101326
101326
101326
101326
101326
101326
101326
101326
101326
101326
101326
101326
101326
101326
101314
101318
101321
101323
101325
101325
101326
101326
101326
101325
101326
101325
101325
101325
101325
101325
101325
101325
101325
101317
101318
101320
101322
101324
101324
101325
101325
101325
101325
101325
101325
101325
101325
101325
101325
101325
101325
101325
101317
101319
101321
101322
101323
101324
101324
101324
101324
101324
101325
101324
101325
101324
101324
101324
101324
101324
101324
101318
101319
101320
101321
101322
101323
101323
101324
101324
101324
101324
101324
101324
101324
101324
101324
101324
101324
101324
101318
101319
101320
101321
101322
101322
101323
101323
101323
101323
101324
101324
101324
101324
101324
101324
101324
101324
101324
101319
101319
101320
101321
101322
101322
101322
101323
101323
101323
101323
101323
101323
101323
101323
101323
101323
101323
101323
101319
101319
101320
101321
101321
101321
101322
101322
101322
101322
101323
101323
101323
101323
101323
101323
101323
101323
101323
101319
101319
101320
101320
101321
101321
101322
101322
101322
101322
101322
101322
101322
101322
101323
101323
101323
101323
101323
101319
101319
101320
101320
101321
101321
101321
101321
101322
101322
101322
101322
101322
101322
101322
101322
101322
101322
101322
101319
101319
101320
101320
101320
101321
101321
101321
101321
101321
101322
101322
101322
101322
101322
101322
101322
101322
101322
101319
101319
101319
101320
101320
101320
101321
101321
101321
101321
101321
101321
101321
101321
101321
101321
101322
101322
101322
101319
101319
101319
101320
101320
101320
101320
101320
101321
101321
101321
101321
101321
101321
101321
101321
101321
101321
101321
101319
101319
101319
101319
101320
101320
101320
101320
101320
101320
101321
101321
101321
101321
101321
101321
101321
101321
101321
101319
101319
101319
101319
101319
101320
101320
101320
101320
101320
101320
101320
101320
101320
101320
101321
101321
101321
101321
101319
101319
101319
101319
101319
101319
101320
101320
101320
101320
101320
101320
101320
101320
101320
101320
101320
101320
101320
101319
101319
101319
101319
101319
101319
101319
101319
101320
101320
101320
101320
101320
101320
101320
101320
101320
101320
101320
101318
101319
101319
101319
101319
101319
101319
101319
101319
101319
101319
101319
101320
101320
101320
101320
101320
101320
101320
101318
101318
101319
101319
101319
101319
101319
101319
101319
101319
101319
101319
101319
101319
101319
101319
101319
101319
101319
101318
101318
101318
101318
101319
101319
101319
101319
101319
101319
101319
101319
101319
101319
101319
101319
101319
101319
101319
101318
101318
101318
101318
101318
101318
101318
101319
101319
101319
101319
101319
101319
101319
101319
101319
101319
101319
101319
101318
101318
101318
101318
101318
101318
101318
101318
101318
101318
101318
101318
101318
101318
101319
101319
101319
101319
101319
101318
101318
101318
101318
101318
101318
101318
101318
101318
101318
101318
101318
101318
101318
101318
101318
101318
101318
101318
101318
101318
101318
101318
101318
101318
101318
101318
101318
101318
101318
101318
101318
101318
101318
101318
101318
101318
101318
101318
101318
101318
101318
101318
101318
101318
101318
101318
101318
101318
101318
101318
101318
101318
101318
101318
101318
101318
)
;

boundaryField
{
    leftWall
    {
        type            zeroGradient;
    }
    rightWall
    {
        type            zeroGradient;
    }
    lowerWall
    {
        type            zeroGradient;
    }
    atmosphere
    {
        type            fixedValue;
        value           uniform 101325;
    }
    defaultFaces
    {
        type            empty;
    }
}


// ************************************************************************* //
