/*--------------------------------*- C++ -*----------------------------------*\
| =========                 |                                                 |
| \\      /  F ield         | OpenFOAM: The Open Source CFD Toolbox           |
|  \\    /   O peration     | Version:  2012                                  |
|   \\  /    A nd           | Website:  www.openfoam.com                      |
|    \\/     M anipulation  |                                                 |
\*---------------------------------------------------------------------------*/
FoamFile
{
    version     2.0;
    format      ascii;
    class       volVectorField;
    location    "0.42";
    object      U;
}
// * * * * * * * * * * * * * * * * * * * * * * * * * * * * * * * * * * * * * //

dimensions      [0 1 -1 0 0 0 0];


internalField   nonuniform List<vector> 
2268
(
(0.017036 -0.00875192 0)
(0.0560062 -0.00879928 0)
(0.0905369 -0.00828939 0)
(0.125198 -0.00827995 0)
(0.159456 -0.00842927 0)
(0.19514 -0.00827067 0)
(0.227853 -0.00725679 0)
(0.254768 -0.00722341 0)
(0.286884 -0.00653454 0)
(0.30801 -0.0056646 0)
(0.331177 -0.00509898 0)
(0.350059 -0.00476972 0)
(0.366397 -0.003172 0)
(0.373617 -0.00144207 0)
(0.376344 -0.000295533 0)
(0.371687 0.000673738 0)
(0.362065 0.00207275 0)
(0.342156 0.0021856 0)
(0.313753 0.00328925 0)
(0.271137 0.00247652 0)
(0.212871 0.00306222 0)
(0.146775 0.00313472 0)
(0.0572303 0.026733 0)
(0.0169755 -0.025763 0)
(0.0558762 -0.0259369 0)
(0.0906703 -0.0244034 0)
(0.125548 -0.02429 0)
(0.159747 -0.0246169 0)
(0.195362 -0.0240582 0)
(0.228013 -0.0209108 0)
(0.255335 -0.0206656 0)
(0.287526 -0.0186465 0)
(0.308677 -0.015214 0)
(0.331996 -0.0148311 0)
(0.351993 -0.0117857 0)
(0.365944 -0.00803167 0)
(0.374866 -0.00315463 0)
(0.378735 0.00114135 0)
(0.374409 0.006202 0)
(0.36393 0.0118075 0)
(0.342714 0.0208252 0)
(0.312247 0.0301798 0)
(0.267768 0.0454297 0)
(0.20542 0.0556109 0)
(0.130963 0.0705634 0)
(0.0326664 0.0696021 0)
(0.0168783 -0.0431899 0)
(0.0558605 -0.0436399 0)
(0.0910363 -0.0412232 0)
(0.126226 -0.0409383 0)
(0.160363 -0.0414301 0)
(0.19587 -0.0405528 0)
(0.228391 -0.0356066 0)
(0.256553 -0.0353589 0)
(0.288834 -0.0317875 0)
(0.310041 -0.0266537 0)
(0.334539 -0.025662 0)
(0.353612 -0.0207655 0)
(0.367611 -0.0141063 0)
(0.3772 -0.00745526 0)
(0.383383 -0.000228414 0)
(0.379673 0.00767979 0)
(0.370198 0.0168457 0)
(0.350767 0.0266087 0)
(0.325022 0.038412 0)
(0.285603 0.052938 0)
(0.229328 0.0674334 0)
(0.157919 0.0847905 0)
(0.0474281 0.104032 0)
(0.0167561 -0.0601204 0)
(0.0559746 -0.0609697 0)
(0.0914753 -0.0576365 0)
(0.127018 -0.0570366 0)
(0.161176 -0.0575067 0)
(0.196503 -0.0561946 0)
(0.228868 -0.0495573 0)
(0.258145 -0.0492033 0)
(0.290421 -0.043914 0)
(0.311906 -0.036735 0)
(0.337908 -0.0354424 0)
(0.35559 -0.0272798 0)
(0.370812 -0.0192006 0)
(0.380982 -0.0104198 0)
(0.386996 -2.70563e-05 0)
(0.384223 0.0126886 0)
(0.374077 0.0255128 0)
(0.35357 0.0425352 0)
(0.324589 0.0610788 0)
(0.284421 0.0911647 0)
(0.225586 0.116062 0)
(0.155789 0.156933 0)
(0.0426188 0.166457 0)
(0.0166012 -0.0775865 0)
(0.0563054 -0.0789785 0)
(0.0921109 -0.0748222 0)
(0.128046 -0.0739081 0)
(0.162405 -0.0742946 0)
(0.1977 -0.072581 0)
(0.229929 -0.0647684 0)
(0.260596 -0.0644818 0)
(0.292571 -0.0572629 0)
(0.31456 -0.0491049 0)
(0.342343 -0.0464366 0)
(0.358654 -0.0363148 0)
(0.375843 -0.0262923 0)
(0.385884 -0.0151392 0)
(0.393298 -0.00200515 0)
(0.391653 0.0136913 0)
(0.385449 0.031008 0)
(0.368026 0.0498229 0)
(0.345166 0.0706118 0)
(0.309503 0.0993951 0)
(0.257649 0.127683 0)
(0.189581 0.170801 0)
(0.0671029 0.197899 0)
(0.016699 -0.09454 0)
(0.0565761 -0.0966248 0)
(0.0926396 -0.0915027 0)
(0.129045 -0.0902205 0)
(0.163746 -0.0903822 0)
(0.19901 -0.0880687 0)
(0.23136 -0.0792284 0)
(0.263354 -0.0787567 0)
(0.294631 -0.069367 0)
(0.31771 -0.0601525 0)
(0.347091 -0.0562536 0)
(0.362975 -0.0429245 0)
(0.380812 -0.0320355 0)
(0.392411 -0.0183936 0)
(0.399499 -0.00267241 0)
(0.398811 0.0167579 0)
(0.392221 0.0368204 0)
(0.376017 0.0620826 0)
(0.35071 0.0889722 0)
(0.314943 0.133372 0)
(0.258375 0.173114 0)
(0.193592 0.248162 0)
(0.0592918 0.287521 0)
(0.0173878 -0.11226 0)
(0.0566769 -0.114911 0)
(0.0933146 -0.109116 0)
(0.130373 -0.107562 0)
(0.165585 -0.107409 0)
(0.200944 -0.104594 0)
(0.233715 -0.095236 0)
(0.266942 -0.0944453 0)
(0.297353 -0.0830497 0)
(0.322164 -0.0739508 0)
(0.353086 -0.0679982 0)
(0.368272 -0.0523122 0)
(0.388757 -0.0404517 0)
(0.39934 -0.0240901 0)
(0.408498 -0.00536309 0)
(0.408044 0.0169475 0)
(0.406945 0.0413573 0)
(0.393092 0.0691839 0)
(0.377336 0.0989083 0)
(0.347444 0.142433 0)
(0.30303 0.184227 0)
(0.244889 0.263579 0)
(0.10071 0.317193 0)
(0.0183338 -0.129487 0)
(0.0566749 -0.132454 0)
(0.0938156 -0.126273 0)
(0.131617 -0.124314 0)
(0.1674 -0.123668 0)
(0.202861 -0.120198 0)
(0.236239 -0.11034 0)
(0.270469 -0.108747 0)
(0.300253 -0.0953691 0)
(0.327566 -0.0863562 0)
(0.35901 -0.077951 0)
(0.374262 -0.0595374 0)
(0.397303 -0.0466164 0)
(0.407597 -0.0273453 0)
(0.418319 -0.00663155 0)
(0.418543 0.0179622 0)
(0.418047 0.0440873 0)
(0.406006 0.0766385 0)
(0.389006 0.110767 0)
(0.362981 0.169541 0)
(0.313127 0.222032 0)
(0.260293 0.346053 0)
(0.10737 0.451202 0)
(0.019506 -0.0204333 0)
(-0.0819296 -0.0165672 0)
(-0.00196391 -0.0245513 0)
(-0.0556758 -0.00858807 0)
(-0.0181044 -0.00036839 0)
(-0.106864 0.00812357 0)
(-0.106684 0.00776446 0)
(-0.226038 0.0135739 0)
(-0.264666 0.0181677 0)
(-0.443949 0.0296294 0)
(-0.539663 0.0403232 0)
(-0.825339 0.0659195 0)
(-1.08706 0.084712 0)
(-1.61423 0.115394 0)
(-2.23298 0.115237 0)
(-2.74879 0.0749206 0)
(-2.88671 -0.0635679 0)
(-1.961 -0.240719 0)
(-0.831828 -0.289627 0)
(0.0193042 0.043617 0)
(-0.0869444 0.0260159 0)
(-0.01557 0.00700803 0)
(-0.0562492 0.0165969 0)
(-0.0112331 0.0149882 0)
(-0.105987 0.0311542 0)
(-0.104393 0.0352555 0)
(-0.224625 0.0560969 0)
(-0.262401 0.0659058 0)
(-0.439366 0.0913407 0)
(-0.5325 0.112017 0)
(-0.814614 0.172828 0)
(-1.07246 0.239994 0)
(-1.64266 0.378184 0)
(-2.20355 0.350338 0)
(-2.61335 0.212608 0)
(-2.57207 -0.280588 0)
(-1.57509 -0.631132 0)
(-1.01051 -0.911836 0)
(-0.0120345 0.00382442 0)
(-0.118121 -0.00352607 0)
(-0.0160211 -0.0438515 0)
(-0.049365 -0.00923365 0)
(-0.00828122 0.0143263 0)
(-0.0954716 0.0498008 0)
(-0.0959823 0.0510052 0)
(-0.21432 0.0833889 0)
(-0.245038 0.100819 0)
(-0.421593 0.148145 0)
(-0.505933 0.189244 0)
(-0.780346 0.300436 0)
(-1.03557 0.422337 0)
(-1.53019 0.604246 0)
(-1.95693 0.51045 0)
(-2.27867 0.252396 0)
(-2.02283 -0.526301 0)
(-1.07683 -0.902244 0)
(-0.694047 -1.39012 0)
(-0.00255912 0.0966917 0)
(-0.107861 0.0310347 0)
(-0.00759414 -0.0290528 0)
(-0.0348607 0.0147316 0)
(0.00692454 0.0267241 0)
(-0.0901736 0.069727 0)
(-0.0882458 0.0776156 0)
(-0.208305 0.121948 0)
(-0.233675 0.145313 0)
(-0.398449 0.206705 0)
(-0.463454 0.255009 0)
(-0.709833 0.404657 0)
(-0.922245 0.549236 0)
(-1.31998 0.777325 0)
(-1.63104 0.651223 0)
(-1.93933 0.251454 0)
(-1.63508 -0.795218 0)
(-0.774871 -1.19207 0)
(-0.404264 -1.67246 0)
(-0.0409736 0.044729 0)
(-0.171417 -0.00642616 0)
(-0.0262496 -0.0815924 0)
(-0.0262929 -0.0143949 0)
(0.0189931 0.0317951 0)
(-0.0707605 0.0927775 0)
(-0.0715095 0.0943637 0)
(-0.191383 0.148093 0)
(-0.206819 0.17293 0)
(-0.369233 0.249696 0)
(-0.412995 0.310736 0)
(-0.638263 0.500665 0)
(-0.786621 0.667096 0)
(-1.09081 0.913654 0)
(-1.26388 0.755936 0)
(-1.55716 0.267518 0)
(-1.18269 -1.03991 0)
(-0.568355 -1.42213 0)
(-0.237981 -1.89625 0)
(-0.0278685 0.186202 0)
(-0.169761 0.0343317 0)
(-0.00973816 -0.0983129 0)
(0.00494578 -0.00199781 0)
(0.046088 0.0373525 0)
(-0.0595113 0.109354 0)
(-0.0638041 0.12018 0)
(-0.182503 0.18205 0)
(-0.190913 0.211825 0)
(-0.344672 0.299131 0)
(-0.359956 0.359292 0)
(-0.555047 0.571385 0)
(-0.620387 0.72908 0)
(-0.846666 0.992149 0)
(-0.86892 0.826554 0)
(-1.13111 0.238563 0)
(-0.645237 -1.23177 0)
(-0.453139 -1.58663 0)
(-0.0339679 -2.02561 0)
(-0.109817 0.119939 0)
(-0.281388 -0.0261931 0)
(-0.0451156 -0.163297 0)
(0.0278683 -0.0380013 0)
(0.0644364 0.0530282 0)
(-0.0326939 0.142379 0)
(-0.036668 0.140053 0)
(-0.163018 0.205307 0)
(-0.158801 0.233012 0)
(-0.307039 0.325909 0)
(-0.289989 0.388576 0)
(-0.473157 0.617695 0)
(-0.44494 0.7745 0)
(-0.618282 1.03029 0)
(-0.467742 0.853503 0)
(-0.723087 0.195975 0)
(-0.192765 -1.34752 0)
(-0.39902 -1.67109 0)
(0.167654 -2.11034 0)
(-0.0620807 0.354769 0)
(-0.0666339 0.0294489 0)
(-0.00348756 -0.239914 0)
(0.0788562 -0.0441343 0)
(0.104455 0.0552861 0)
(-0.0149547 0.153417 0)
(-0.0313253 0.166173 0)
(-0.157112 0.236741 0)
(-0.144868 0.263281 0)
(-0.282208 0.360314 0)
(-0.228981 0.418551 0)
(-0.392798 0.647202 0)
(-0.285521 0.775266 0)
(-0.410859 1.01686 0)
(-0.116676 0.846037 0)
(-0.335989 0.146501 0)
(0.116725 -1.39783 0)
(-0.382902 -1.7288 0)
(0.362966 -2.13516 0)
(0.019398 -0.158079 0)
(0.0574829 -0.160903 0)
(0.0952737 -0.154933 0)
(0.134233 -0.152611 0)
(0.171115 -0.151013 0)
(0.207035 -0.146802 0)
(0.241595 -0.136831 0)
(0.277138 -0.133844 0)
(0.30705 -0.118509 0)
(0.338362 -0.110556 0)
(0.368406 -0.0972392 0)
(0.385316 -0.0767541 0)
(0.414399 -0.062115 0)
(0.421483 -0.0381361 0)
(0.438657 -0.0134139 0)
(0.435174 0.0161447 0)
(0.446688 0.0482959 0)
(0.432337 0.0860629 0)
(0.448712 0.123147 0)
(0.428118 0.182286 0)
(0.466856 0.237551 0)
(0.446195 0.365843 0)
(0.554686 0.511383 0)
(0.0205713 -0.196398 0)
(0.058508 -0.198391 0)
(0.0969687 -0.193024 0)
(0.137111 -0.190269 0)
(0.175296 -0.186906 0)
(0.21216 -0.181355 0)
(0.248315 -0.171162 0)
(0.285281 -0.165358 0)
(0.316875 -0.148447 0)
(0.352179 -0.139112 0)
(0.37964 -0.118014 0)
(0.40533 -0.0992204 0)
(0.434886 -0.0772102 0)
(0.44527 -0.0472054 0)
(0.468423 -0.01778 0)
(0.46701 0.0113612 0)
(0.479761 0.0454699 0)
(0.462064 0.0720932 0)
(0.469742 0.1102 0)
(0.447964 0.148402 0)
(0.479905 0.197621 0)
(0.469731 0.255491 0)
(0.592553 0.353874 0)
(0.0218431 -0.237781 0)
(0.0598568 -0.23791 0)
(0.099229 -0.234175 0)
(0.140836 -0.231577 0)
(0.18049 -0.226708 0)
(0.218623 -0.220467 0)
(0.256871 -0.210643 0)
(0.295187 -0.203071 0)
(0.329239 -0.18614 0)
(0.366283 -0.174049 0)
(0.395529 -0.151189 0)
(0.428928 -0.13277 0)
(0.453651 -0.103027 0)
(0.472097 -0.0724021 0)
(0.49758 -0.0362093 0)
(0.496291 0.00431998 0)
(0.512796 0.0524117 0)
(0.498163 0.0962813 0)
(0.516213 0.13661 0)
(0.513443 0.172189 0)
(0.543877 0.214134 0)
(0.547607 0.251224 0)
(0.622745 0.326578 0)
(0.0241862 -0.278467 0)
(0.0614166 -0.276077 0)
(0.101641 -0.274355 0)
(0.144502 -0.271836 0)
(0.184745 -0.264945 0)
(0.221855 -0.25794 0)
(0.261197 -0.24793 0)
(0.296503 -0.237813 0)
(0.329356 -0.219689 0)
(0.365118 -0.205449 0)
(0.394234 -0.180688 0)
(0.428701 -0.157321 0)
(0.451123 -0.12028 0)
(0.489937 -0.0910478 0)
(0.506474 -0.0420378 0)
(0.526855 -0.00391362 0)
(0.545919 0.0431294 0)
(0.529184 0.0683364 0)
(0.538985 0.0942093 0)
(0.542442 0.120725 0)
(0.556037 0.163886 0)
(0.560232 0.178451 0)
(0.610631 0.224358 0)
(0.00827774 -0.322584 0)
(0.0239762 -0.314581 0)
(0.041531 -0.316575 0)
(0.0556489 -0.314037 0)
(0.0749896 -0.303634 0)
(0.0886521 -0.296441 0)
(0.107516 -0.285222 0)
(0.118954 -0.270911 0)
(0.138164 -0.254682 0)
(0.148748 -0.238797 0)
(0.178401 -0.214691 0)
(0.198008 -0.189829 0)
(0.251591 -0.164426 0)
(0.270996 -0.128366 0)
(0.348654 -0.0734772 0)
(0.325015 -0.0367576 0)
(0.424555 0.0497066 0)
(0.458029 0.103311 0)
(0.505743 0.122951 0)
(0.525905 0.153985 0)
(0.553345 0.194711 0)
(0.583479 0.194233 0)
(0.624101 0.224156 0)
(0.000999463 -0.313642 0)
(0.0105759 -0.311955 0)
(0.0189521 -0.308762 0)
(0.0224042 -0.307679 0)
(0.0307145 -0.300145 0)
(0.0360248 -0.292152 0)
(0.0417424 -0.280028 0)
(0.0465385 -0.26925 0)
(0.0544717 -0.251035 0)
(0.0637936 -0.245889 0)
(0.082443 -0.231447 0)
(0.113776 -0.229205 0)
(0.151442 -0.194866 0)
(0.193644 -0.183931 0)
(0.244016 -0.0980467 0)
(0.301585 -0.0729178 0)
(0.364088 -0.0834844 0)
(0.445057 -0.012276 0)
(0.489063 0.028886 0)
(0.488562 0.0760417 0)
(0.489565 0.109109 0)
(0.535995 0.108873 0)
(0.584482 0.162713 0)
(0.0041173 -0.331556 0)
(0.0104269 -0.330406 0)
(0.019738 -0.325941 0)
(0.023892 -0.323841 0)
(0.0324823 -0.315439 0)
(0.0368458 -0.306148 0)
(0.0476196 -0.294396 0)
(0.0531842 -0.283233 0)
(0.0710816 -0.271183 0)
(0.0818605 -0.267002 0)
(0.107422 -0.264865 0)
(0.129722 -0.260492 0)
(0.162109 -0.245985 0)
(0.195174 -0.224175 0)
(0.234545 -0.185728 0)
(0.319422 -0.162801 0)
(0.365816 -0.101853 0)
(0.438669 -0.0251759 0)
(0.507162 0.0760639 0)
(0.578392 0.151344 0)
(0.577474 0.145003 0)
(0.515066 0.0971535 0)
(0.539598 0.136566 0)
(0.00560497 -0.330297 0)
(0.0105165 -0.32954 0)
(0.0205444 -0.324221 0)
(0.0267213 -0.322118 0)
(0.0352295 -0.314776 0)
(0.0437472 -0.308493 0)
(0.0548276 -0.297664 0)
(0.0653907 -0.293304 0)
(0.0813926 -0.280675 0)
(0.0938594 -0.282126 0)
(0.108656 -0.279994 0)
(0.122879 -0.282629 0)
(0.135855 -0.260547 0)
(0.150639 -0.253649 0)
(0.174831 -0.221453 0)
(0.202699 -0.201048 0)
(0.240897 -0.19782 0)
(0.296136 -0.15465 0)
(0.385947 -0.108568 0)
(0.507252 0.00420673 0)
(0.650311 0.173409 0)
(0.693018 0.155094 0)
(0.676043 0.125943 0)
(0.00668466 -0.346315 0)
(0.0114113 -0.344137 0)
(0.0239751 -0.340842 0)
(0.0317909 -0.337512 0)
(0.0443141 -0.331414 0)
(0.0539468 -0.325101 0)
(0.0694406 -0.315374 0)
(0.0804243 -0.309619 0)
(0.0976992 -0.299511 0)
(0.109112 -0.294524 0)
(0.121604 -0.294392 0)
(0.129169 -0.288484 0)
(0.138598 -0.275102 0)
(0.15396 -0.264539 0)
(0.164536 -0.24065 0)
(0.195553 -0.23071 0)
(0.211461 -0.199645 0)
(0.237278 -0.171706 0)
(0.274861 -0.137872 0)
(0.331324 -0.113424 0)
(0.458123 -0.0449469 0)
(0.641793 0.0651843 0)
(0.737368 0.205737 0)
(0.00517943 -0.349627 0)
(0.0152253 -0.348011 0)
(0.0262792 -0.345786 0)
(0.0373832 -0.343488 0)
(0.0491187 -0.33797 0)
(0.0607967 -0.334375 0)
(0.074926 -0.324961 0)
(0.0875066 -0.321918 0)
(0.102766 -0.309898 0)
(0.115256 -0.305865 0)
(0.126151 -0.300182 0)
(0.132071 -0.298861 0)
(0.141721 -0.285125 0)
(0.150546 -0.278282 0)
(0.165397 -0.262204 0)
(0.180962 -0.246629 0)
(0.197449 -0.237656 0)
(0.218621 -0.217299 0)
(0.245723 -0.201766 0)
(0.276721 -0.178746 0)
(0.310475 -0.137566 0)
(0.386423 -0.120969 0)
(0.509181 -0.0223434 0)
(0.00645761 -0.36607 0)
(0.0177312 -0.364657 0)
(0.0313462 -0.362395 0)
(0.0429387 -0.359911 0)
(0.0570345 -0.354376 0)
(0.0689773 -0.350693 0)
(0.0847449 -0.341903 0)
(0.0980294 -0.337505 0)
(0.11407 -0.327444 0)
(0.130047 -0.318202 0)
(0.143979 -0.311742 0)
(0.156461 -0.304554 0)
(0.167975 -0.294686 0)
(0.182947 -0.288842 0)
(0.195091 -0.272972 0)
(0.213359 -0.263439 0)
(0.228857 -0.239749 0)
(0.241755 -0.220885 0)
(0.258262 -0.198301 0)
(0.269022 -0.17904 0)
(0.290436 -0.157928 0)
(0.313848 -0.135935 0)
(0.336964 -0.0788972 0)
(0.00647383 -0.374554 0)
(0.0186792 -0.373624 0)
(0.0320058 -0.371697 0)
(0.0446154 -0.369796 0)
(0.0584405 -0.364618 0)
(0.0717397 -0.362516 0)
(0.086864 -0.354498 0)
(0.101725 -0.351408 0)
(0.117614 -0.342246 0)
(0.135116 -0.335626 0)
(0.153254 -0.3267 0)
(0.16933 -0.322376 0)
(0.187046 -0.311408 0)
(0.202395 -0.30476 0)
(0.218961 -0.292076 0)
(0.235356 -0.279678 0)
(0.251458 -0.265201 0)
(0.271011 -0.245753 0)
(0.289237 -0.228327 0)
(0.310825 -0.209679 0)
(0.323827 -0.181699 0)
(0.340944 -0.165855 0)
(0.351666 -0.120861 0)
(0.00745958 -0.391009 0)
(0.0206327 -0.390022 0)
(0.0357045 -0.388147 0)
(0.0488561 -0.386265 0)
(0.0646408 -0.381423 0)
(0.0783701 -0.379169 0)
(0.0950032 -0.371996 0)
(0.109891 -0.368463 0)
(0.126875 -0.361186 0)
(0.144162 -0.354241 0)
(0.162706 -0.346551 0)
(0.181142 -0.338895 0)
(0.1988 -0.328681 0)
(0.217888 -0.321307 0)
(0.235209 -0.307281 0)
(0.255138 -0.296483 0)
(0.274032 -0.277079 0)
(0.293696 -0.259479 0)
(0.316994 -0.239775 0)
(0.336861 -0.214684 0)
(0.358929 -0.189788 0)
(0.385824 -0.16502 0)
(0.401505 -0.124538 0)
(0.00758707 -0.403089 0)
(0.0218352 -0.402312 0)
(0.0372628 -0.400332 0)
(0.0517922 -0.399109 0)
(0.0678221 -0.394493 0)
(0.0829168 -0.393134 0)
(0.0996327 -0.386312 0)
(0.115735 -0.383367 0)
(0.132479 -0.376725 0)
(0.149552 -0.37136 0)
(0.167301 -0.363785 0)
(0.184807 -0.35818 0)
(0.20371 -0.348102 0)
(0.221733 -0.340756 0)
(0.240465 -0.329068 0)
(0.25964 -0.317979 0)
(0.279154 -0.303333 0)
(0.301494 -0.287983 0)
(0.32476 -0.271085 0)
(0.349438 -0.250731 0)
(0.376661 -0.23011 0)
(0.407463 -0.207671 0)
(0.43411 -0.173729 0)
(0.00844875 -0.420483 0)
(0.0228223 -0.419781 0)
(0.0399993 -0.418177 0)
(0.0549704 -0.416958 0)
(0.0725346 -0.412698 0)
(0.0880907 -0.411187 0)
(0.105908 -0.405092 0)
(0.12268 -0.401607 0)
(0.140665 -0.395437 0)
(0.158651 -0.389481 0)
(0.177534 -0.382406 0)
(0.196528 -0.375829 0)
(0.215669 -0.366414 0)
(0.236115 -0.358641 0)
(0.256109 -0.346243 0)
(0.278041 -0.335821 0)
(0.300375 -0.320192 0)
(0.324621 -0.305952 0)
(0.350828 -0.289001 0)
(0.377162 -0.26771 0)
(0.407424 -0.24907 0)
(0.437405 -0.223784 0)
(0.467025 -0.195808 0)
(0.00826039 -0.434622 0)
(0.0243315 -0.434139 0)
(0.0411574 -0.432722 0)
(0.0571819 -0.431881 0)
(0.0744444 -0.427831 0)
(0.0907271 -0.426661 0)
(0.108138 -0.421083 0)
(0.125197 -0.418165 0)
(0.142859 -0.412823 0)
(0.160761 -0.408145 0)
(0.179423 -0.401726 0)
(0.198179 -0.396107 0)
(0.217805 -0.387668 0)
(0.237965 -0.380897 0)
(0.259003 -0.370861 0)
(0.281717 -0.361872 0)
(0.305209 -0.349709 0)
(0.331779 -0.337968 0)
(0.359139 -0.323424 0)
(0.389614 -0.306854 0)
(0.423457 -0.290093 0)
(0.458155 -0.26704 0)
(0.495687 -0.24146 0)
(0.00899848 -0.453303 0)
(0.0258006 -0.452929 0)
(0.0439704 -0.451273 0)
(0.0606416 -0.45052 0)
(0.079112 -0.446544 0)
(0.0962329 -0.445194 0)
(0.114887 -0.439952 0)
(0.133071 -0.436699 0)
(0.152083 -0.431496 0)
(0.171035 -0.426501 0)
(0.190769 -0.420439 0)
(0.210873 -0.414747 0)
(0.231742 -0.40695 0)
(0.253666 -0.400442 0)
(0.276219 -0.390902 0)
(0.300536 -0.382717 0)
(0.325749 -0.371277 0)
(0.353359 -0.360729 0)
(0.382246 -0.347867 0)
(0.413843 -0.333062 0)
(0.448179 -0.318573 0)
(0.484032 -0.29717 0)
(0.524336 -0.275981 0)
(0.00893403 -0.469568 0)
(0.0259666 -0.469276 0)
(0.0439399 -0.467697 0)
(0.060975 -0.467158 0)
(0.0791323 -0.463544 0)
(0.0965218 -0.462514 0)
(0.114789 -0.458024 0)
(0.132979 -0.455365 0)
(0.151757 -0.450858 0)
(0.170753 -0.446751 0)
(0.190571 -0.441595 0)
(0.210791 -0.43693 0)
(0.231988 -0.430451 0)
(0.254093 -0.425173 0)
(0.277219 -0.417679 0)
(0.30227 -0.411172 0)
(0.328485 -0.402462 0)
(0.357787 -0.394237 0)
(0.3883 -0.383854 0)
(0.42289 -0.372653 0)
(0.460115 -0.360247 0)
(0.50052 -0.343263 0)
(0.547142 -0.326537 0)
(0.00952694 -0.488542 0)
(0.0279308 -0.488292 0)
(0.0470964 -0.486634 0)
(0.065358 -0.486082 0)
(0.0846206 -0.482489 0)
(0.103135 -0.481243 0)
(0.122346 -0.476875 0)
(0.141398 -0.4741 0)
(0.16094 -0.469812 0)
(0.180692 -0.465801 0)
(0.201076 -0.461101 0)
(0.221978 -0.456705 0)
(0.243612 -0.450966 0)
(0.266371 -0.446269 0)
(0.289933 -0.439881 0)
(0.3155 -0.434651 0)
(0.342148 -0.427655 0)
(0.371799 -0.421316 0)
(0.402911 -0.413823 0)
(0.438298 -0.405786 0)
(0.476116 -0.397019 0)
(0.518397 -0.385234 0)
(0.567376 -0.374657 0)
(0.00949145 -0.507122 0)
(0.0283541 -0.506953 0)
(0.047373 -0.505207 0)
(0.0659402 -0.504761 0)
(0.0848695 -0.501394 0)
(0.103557 -0.500272 0)
(0.122402 -0.496344 0)
(0.141553 -0.49394 0)
(0.160763 -0.490195 0)
(0.180601 -0.486826 0)
(0.200691 -0.482914 0)
(0.221693 -0.479377 0)
(0.243113 -0.474873 0)
(0.266209 -0.471394 0)
(0.28979 -0.466844 0)
(0.316112 -0.463306 0)
(0.343052 -0.45882 0)
(0.373979 -0.454989 0)
(0.405972 -0.450442 0)
(0.442973 -0.445978 0)
(0.482402 -0.440464 0)
(0.527117 -0.434794 0)
(0.579068 -0.4296 0)
(0.00999113 -0.526781 0)
(0.0298364 -0.526577 0)
(0.0498006 -0.524629 0)
(0.0694149 -0.523989 0)
(0.0891515 -0.520553 0)
(0.108892 -0.519202 0)
(0.128347 -0.515368 0)
(0.148418 -0.512908 0)
(0.167907 -0.509403 0)
(0.188609 -0.5062 0)
(0.208538 -0.502782 0)
(0.230282 -0.499624 0)
(0.250967 -0.496118 0)
(0.274636 -0.493475 0)
(0.296881 -0.490462 0)
(0.323415 -0.488493 0)
(0.348678 -0.486218 0)
(0.379479 -0.484908 0)
(0.410138 -0.483511 0)
(0.447011 -0.483032 0)
(0.48652 -0.481873 0)
(0.532015 -0.482863 0)
(0.584651 -0.483543 0)
(0.00992657 -0.547037 0)
(0.0302292 -0.546858 0)
(0.0500928 -0.544864 0)
(0.0702042 -0.54418 0)
(0.0898506 -0.540945 0)
(0.110184 -0.539497 0)
(0.129443 -0.535943 0)
(0.150121 -0.533499 0)
(0.169226 -0.53046 0)
(0.190594 -0.527439 0)
(0.20986 -0.524671 0)
(0.232344 -0.52178 0)
(0.252005 -0.519328 0)
(0.27633 -0.517298 0)
(0.297165 -0.51575 0)
(0.324005 -0.51514 0)
(0.347713 -0.51504 0)
(0.378404 -0.516584 0)
(0.407913 -0.518139 0)
(0.444424 -0.522638 0)
(0.483664 -0.525681 0)
(0.529302 -0.5333 0)
(0.581722 -0.54047 0)
(0.0101941 -0.567349 0)
(0.0310729 -0.567163 0)
(0.0514665 -0.56503 0)
(0.0722229 -0.564164 0)
(0.0923465 -0.560986 0)
(0.113419 -0.559212 0)
(0.133062 -0.555787 0)
(0.154484 -0.553113 0)
(0.173712 -0.550382 0)
(0.195624 -0.547264 0)
(0.214449 -0.54506 0)
(0.237222 -0.54221 0)
(0.255834 -0.540649 0)
(0.279893 -0.539098 0)
(0.299217 -0.538694 0)
(0.324784 -0.53955 0)
(0.346852 -0.541186 0)
(0.374994 -0.545707 0)
(0.402938 -0.550119 0)
(0.436314 -0.559522 0)
(0.473857 -0.567412 0)
(0.517398 -0.581788 0)
(0.568318 -0.596982 0)
(0.010099 -0.588397 0)
(0.0309377 -0.58823 0)
(0.0511392 -0.586105 0)
(0.0721128 -0.58514 0)
(0.0921878 -0.582237 0)
(0.113714 -0.580268 0)
(0.133493 -0.577108 0)
(0.155567 -0.574183 0)
(0.175016 -0.571703 0)
(0.197645 -0.568198 0)
(0.216537 -0.566375 0)
(0.239886 -0.56319 0)
(0.258222 -0.562105 0)
(0.282384 -0.56073 0)
(0.300875 -0.560741 0)
(0.325496 -0.56287 0)
(0.345833 -0.565344 0)
(0.372029 -0.572848 0)
(0.396906 -0.57956 0)
(0.427833 -0.593851 0)
(0.460865 -0.606958 0)
(0.501817 -0.628166 0)
(0.547595 -0.652212 0)
(0.0100317 -0.608791 0)
(0.0302878 -0.608614 0)
(0.0502268 -0.606623 0)
(0.0710084 -0.605621 0)
(0.0908962 -0.60303 0)
(0.112468 -0.600927 0)
(0.132408 -0.598106 0)
(0.154702 -0.595056 0)
(0.174265 -0.592947 0)
(0.197073 -0.589218 0)
(0.216077 -0.587798 0)
(0.239512 -0.584349 0)
(0.257813 -0.583644 0)
(0.281821 -0.582238 0)
(0.299666 -0.582302 0)
(0.323714 -0.585035 0)
(0.341833 -0.588237 0)
(0.367569 -0.597362 0)
(0.38668 -0.606497 0)
(0.417005 -0.624148 0)
(0.439972 -0.642065 0)
(0.479498 -0.669297 0)
(0.51279 -0.700958 0)
(0.00973449 -0.628817 0)
(0.0287478 -0.628532 0)
(0.0479394 -0.626926 0)
(0.0679085 -0.6259 0)
(0.0871107 -0.623799 0)
(0.108174 -0.621853 0)
(0.12787 -0.619443 0)
(0.150199 -0.616095 0)
(0.169916 -0.614161 0)
(0.192853 -0.610053 0)
(0.212197 -0.608875 0)
(0.235738 -0.604968 0)
(0.254278 -0.604437 0)
(0.278236 -0.602639 0)
(0.295631 -0.602609 0)
(0.319693 -0.605104 0)
(0.335291 -0.609141 0)
(0.360669 -0.61779 0)
(0.373487 -0.628921 0)
(0.402478 -0.647281 0)
(0.41459 -0.669445 0)
(0.45204 -0.701163 0)
(0.470955 -0.739735 0)
(0.00913979 -0.647646 0)
(0.0267739 -0.647208 0)
(0.0447606 -0.646172 0)
(0.0634584 -0.645186 0)
(0.0815107 -0.643715 0)
(0.101456 -0.642102 0)
(0.120174 -0.640582 0)
(0.14179 -0.637548 0)
(0.161396 -0.636073 0)
(0.184169 -0.631981 0)
(0.203835 -0.631167 0)
(0.227406 -0.626961 0)
(0.246473 -0.626619 0)
(0.270605 -0.624187 0)
(0.287977 -0.624213 0)
(0.312042 -0.625368 0)
(0.325797 -0.629629 0)
(0.35008 -0.636327 0)
(0.358558 -0.648667 0)
(0.384694 -0.66615 0)
(0.388559 -0.691967 0)
(0.42105 -0.726711 0)
(0.426796 -0.772451 0)
(0.00802759 -0.664803 0)
(0.0240538 -0.664242 0)
(0.0399981 -0.663683 0)
(0.0569086 -0.662726 0)
(0.0731326 -0.661867 0)
(0.0913748 -0.660579 0)
(0.108451 -0.659837 0)
(0.128418 -0.657375 0)
(0.146944 -0.65658 0)
(0.16901 -0.652548 0)
(0.188715 -0.652107 0)
(0.212323 -0.647662 0)
(0.231853 -0.647566 0)
(0.256138 -0.644221 0)
(0.273658 -0.643875 0)
(0.297718 -0.643028 0)
(0.31076 -0.646854 0)
(0.333357 -0.650732 0)
(0.339651 -0.662975 0)
(0.360955 -0.677656 0)
(0.35937 -0.704993 0)
(0.382938 -0.739933 0)
(0.378968 -0.791992 0)
(0.00692197 -0.680061 0)
(0.021506 -0.679532 0)
(0.0354007 -0.67937 0)
(0.0505964 -0.678686 0)
(0.0649345 -0.678552 0)
(0.0813425 -0.677818 0)
(0.096567 -0.678031 0)
(0.114635 -0.676492 0)
(0.131426 -0.677105 0)
(0.151855 -0.674271 0)
(0.170647 -0.674946 0)
(0.193584 -0.670708 0)
(0.213249 -0.670888 0)
(0.237398 -0.666681 0)
(0.255334 -0.666199 0)
(0.279634 -0.663267 0)
(0.293103 -0.665566 0)
(0.313796 -0.66616 0)
(0.319174 -0.67637 0)
(0.335325 -0.687022 0)
(0.329885 -0.71381 0)
(0.34274 -0.747746 0)
(0.330806 -0.805032 0)
(0.00566368 -0.693271 0)
(0.0182188 -0.692779 0)
(0.0296625 -0.692809 0)
(0.0426829 -0.692314 0)
(0.0546241 -0.692644 0)
(0.0687304 -0.692261 0)
(0.0815579 -0.693145 0)
(0.097291 -0.692284 0)
(0.11172 -0.693787 0)
(0.129709 -0.691833 0)
(0.146309 -0.693778 0)
(0.167126 -0.690332 0)
(0.185648 -0.691241 0)
(0.209033 -0.686408 0)
(0.227325 -0.685842 0)
(0.251401 -0.680941 0)
(0.266051 -0.680534 0)
(0.285637 -0.677 0)
(0.29208 -0.68374 0)
(0.303541 -0.688654 0)
(0.296279 -0.711278 0)
(0.297359 -0.741279 0)
(0.276612 -0.79917 0)
(0.00462925 -0.704216 0)
(0.0152951 -0.703824 0)
(0.024679 -0.704109 0)
(0.0357271 -0.703954 0)
(0.0455563 -0.704889 0)
(0.0575767 -0.705091 0)
(0.0682356 -0.706907 0)
(0.0818281 -0.707053 0)
(0.0940534 -0.709877 0)
(0.109854 -0.709343 0)
(0.124254 -0.712755 0)
(0.14258 -0.710659 0)
(0.159105 -0.71322 0)
(0.180108 -0.709088 0)
(0.197216 -0.708969 0)
(0.219296 -0.702856 0)
(0.23373 -0.700107 0)
(0.252757 -0.693114 0)
(0.259779 -0.694446 0)
(0.26751 -0.692183 0)
(0.258922 -0.707587 0)
(0.250073 -0.729105 0)
(0.218131 -0.784396 0)
(0.00358215 -0.71321 0)
(0.0121714 -0.71286 0)
(0.0194246 -0.713248 0)
(0.0282875 -0.713228 0)
(0.035847 -0.714493 0)
(0.0455389 -0.714983 0)
(0.0537608 -0.717379 0)
(0.0648811 -0.718153 0)
(0.0743975 -0.721764 0)
(0.087407 -0.722096 0)
(0.0988269 -0.726407 0)
(0.114099 -0.725246 0)
(0.127744 -0.728589 0)
(0.145422 -0.724607 0)
(0.160329 -0.724724 0)
(0.1799 -0.717554 0)
(0.193503 -0.713514 0)
(0.212188 -0.70314 0)
(0.219445 -0.697819 0)
(0.226979 -0.687689 0)
(0.218191 -0.692897 0)
(0.205245 -0.700208 0)
(0.165103 -0.744953 0)
(0.00274411 -0.720172 0)
(0.00951627 -0.719886 0)
(0.015029 -0.720422 0)
(0.0219907 -0.720612 0)
(0.0276941 -0.72234 0)
(0.0353534 -0.723273 0)
(0.0415474 -0.726463 0)
(0.0504396 -0.728012 0)
(0.0575996 -0.732644 0)
(0.0681765 -0.734177 0)
(0.0769375 -0.739727 0)
(0.0895102 -0.740099 0)
(0.100239 -0.744875 0)
(0.11493 -0.742326 0)
(0.127201 -0.74381 0)
(0.143714 -0.736834 0)
(0.154975 -0.732756 0)
(0.170826 -0.719922 0)
(0.175866 -0.709554 0)
(0.183672 -0.691731 0)
(0.173353 -0.686084 0)
(0.159329 -0.676675 0)
(0.117205 -0.705716 0)
(0.00197117 -0.725472 0)
(0.00702734 -0.725164 0)
(0.0109172 -0.725716 0)
(0.0160805 -0.725921 0)
(0.0200265 -0.727837 0)
(0.0256882 -0.728876 0)
(0.0298857 -0.732424 0)
(0.0364783 -0.734254 0)
(0.0413216 -0.739424 0)
(0.049264 -0.741487 0)
(0.0552084 -0.747613 0)
(0.064736 -0.748592 0)
(0.0720562 -0.753805 0)
(0.0832925 -0.751604 0)
(0.0917248 -0.753199 0)
(0.104626 -0.745337 0)
(0.112713 -0.740162 0)
(0.125911 -0.723982 0)
(0.129563 -0.710023 0)
(0.138033 -0.68486 0)
(0.128412 -0.667606 0)
(0.117112 -0.643263 0)
(0.0775901 -0.652339 0)
(0.00142337 -0.729292 0)
(0.00517518 -0.728968 0)
(0.00787149 -0.729584 0)
(0.0116332 -0.72987 0)
(0.0142873 -0.73205 0)
(0.0183943 -0.733311 0)
(0.0211466 -0.73736 0)
(0.0259544 -0.739677 0)
(0.0290757 -0.745559 0)
(0.034895 -0.748367 0)
(0.0386298 -0.755369 0)
(0.0456402 -0.757354 0)
(0.0501395 -0.763659 0)
(0.0584072 -0.76253 0)
(0.063447 -0.765434 0)
(0.0729533 -0.758506 0)
(0.0773599 -0.754396 0)
(0.0869005 -0.737568 0)
(0.0873416 -0.722089 0)
(0.0925919 -0.691454 0)
(0.0810397 -0.665621 0)
(0.0698355 -0.626815 0)
(0.0312449 -0.61422 0)
(0.000900175 -0.732105 0)
(0.00351407 -0.73166 0)
(0.00520182 -0.732197 0)
(0.00781358 -0.732396 0)
(0.00940155 -0.734605 0)
(0.0122027 -0.735802 0)
(0.0137404 -0.739963 0)
(0.0169272 -0.74225 0)
(0.0185082 -0.7483 0)
(0.0222682 -0.751094 0)
(0.0239597 -0.758231 0)
(0.0284275 -0.760118 0)
(0.0302116 -0.76636 0)
(0.0354212 -0.764872 0)
(0.0370137 -0.767416 0)
(0.0428563 -0.75913 0)
(0.0433203 -0.753627 0)
(0.0489781 -0.73371 0)
(0.0460751 -0.715002 0)
(0.0482886 -0.677977 0)
(0.0357699 -0.643648 0)
(0.0229158 -0.5921 0)
(-0.0145377 -0.557754 0)
(0.000578207 -0.733702 0)
(0.00247463 -0.733279 0)
(0.00355553 -0.733871 0)
(0.00536797 -0.734094 0)
(0.00622881 -0.736419 0)
(0.00807823 -0.737699 0)
(0.00876806 -0.742071 0)
(0.01076 -0.74454 0)
(0.0112649 -0.75091 0)
(0.0134789 -0.753985 0)
(0.0137571 -0.761586 0)
(0.0162461 -0.763875 0)
(0.0161567 -0.770783 0)
(0.018917 -0.769735 0)
(0.0180615 -0.773103 0)
(0.0208206 -0.765375 0)
(0.0184062 -0.760899 0)
(0.0204131 -0.741069 0)
(0.0146495 -0.722009 0)
(0.0130097 -0.682193 0)
(-0.00117181 -0.641255 0)
(-0.0164669 -0.578141 0)
(-0.0531307 -0.524246 0)
(0.000282203 -0.735309 0)
(0.00149088 -0.734794 0)
(0.00196618 -0.735219 0)
(0.00305555 -0.735225 0)
(0.00325191 -0.737427 0)
(0.00422581 -0.738496 0)
(0.00412632 -0.742724 0)
(0.00502052 -0.744885 0)
(0.00451594 -0.751044 0)
(0.00530868 -0.753683 0)
(0.00427117 -0.760939 0)
(0.00493506 -0.762538 0)
(0.00313965 -0.768851 0)
(0.00357043 -0.766679 0)
(0.000590252 -0.768972 0)
(0.000458071 -0.759196 0)
(-0.00443998 -0.752631 0)
(-0.00591687 -0.729375 0)
(-0.0141112 -0.706586 0)
(-0.0191236 -0.660958 0)
(-0.0338695 -0.612267 0)
(-0.0500211 -0.537636 0)
(-0.0849283 -0.465832 0)
(6.01047e-05 -0.73529 0)
(0.000733798 -0.734794 0)
(0.000774961 -0.735263 0)
(0.00137028 -0.735237 0)
(0.00117347 -0.737414 0)
(0.0015435 -0.738452 0)
(0.000923138 -0.742699 0)
(0.000996609 -0.744849 0)
(-0.000198377 -0.751065 0)
(-0.000505045 -0.753735 0)
(-0.00242445 -0.761146 0)
(-0.0031885 -0.762857 0)
(-0.00609059 -0.769464 0)
(-0.00753039 -0.767466 0)
(-0.0118673 -0.770215 0)
(-0.0142864 -0.760867 0)
(-0.0205057 -0.755039 0)
(-0.0242575 -0.732307 0)
(-0.0331638 -0.70984 0)
(-0.0397041 -0.66407 0)
(-0.0534156 -0.612396 0)
(-0.0672451 -0.529937 0)
(-0.0971604 -0.444798 0)
(-0.000158549 -0.736422 0)
(-1.63815e-05 -0.735828 0)
(-0.00046815 -0.736143 0)
(-0.000512643 -0.735918 0)
(-0.00124126 -0.737863 0)
(-0.00153155 -0.738532 0)
(-0.00271877 -0.742405 0)
(-0.00341208 -0.744018 0)
(-0.00526018 -0.749702 0)
(-0.00653738 -0.75164 0)
(-0.00926916 -0.7583 0)
(-0.0113267 -0.758928 0)
(-0.0152849 -0.764375 0)
(-0.0184392 -0.760756 0)
(-0.0241117 -0.761802 0)
(-0.0287658 -0.750076 0)
(-0.0366939 -0.741798 0)
(-0.0434186 -0.715646 0)
(-0.054564 -0.689497 0)
(-0.0650425 -0.638549 0)
(-0.0827405 -0.581692 0)
(-0.101983 -0.489867 0)
(-0.134014 -0.383815 0)
(-0.000344649 -0.734721 0)
(-0.000639415 -0.7341 0)
(-0.00145261 -0.734388 0)
(-0.00192868 -0.734119 0)
(-0.00306224 -0.736032 0)
(-0.00387726 -0.736655 0)
(-0.00550329 -0.740483 0)
(-0.00683245 -0.742042 0)
(-0.00917207 -0.747663 0)
(-0.0112567 -0.749559 0)
(-0.0145869 -0.75619 0)
(-0.0177089 -0.75684 0)
(-0.022356 -0.762376 0)
(-0.02671 -0.758896 0)
(-0.0329532 -0.760235 0)
(-0.0386492 -0.748959 0)
(-0.046395 -0.741283 0)
(-0.0532215 -0.715824 0)
(-0.062151 -0.690058 0)
(-0.0697823 -0.63847 0)
(-0.0805814 -0.578797 0)
(-0.09182 -0.482904 0)
(-0.110783 -0.370637 0)
(-0.000515088 -0.735981 0)
(-0.00116583 -0.735258 0)
(-0.00231052 -0.735368 0)
(-0.00315744 -0.73481 0)
(-0.00462686 -0.736384 0)
(-0.00584224 -0.736542 0)
(-0.00783768 -0.739844 0)
(-0.00962873 -0.740713 0)
(-0.0124047 -0.745549 0)
(-0.0150594 -0.746444 0)
(-0.018969 -0.751927 0)
(-0.0228892 -0.751142 0)
(-0.0284281 -0.755154 0)
(-0.034041 -0.74978 0)
(-0.0417508 -0.749177 0)
(-0.0495717 -0.735692 0)
(-0.0598649 -0.725816 0)
(-0.0703094 -0.698047 0)
(-0.0834439 -0.670404 0)
(-0.0964014 -0.616873 0)
(-0.112227 -0.555485 0)
(-0.127783 -0.454479 0)
(-0.149659 -0.332234 0)
(0.524961 0.394154 0)
(0.248835 0.376575 0)
(0.218984 0.26938 0)
(0.0372454 0.16274 0)
(0.635229 0.268866 0)
(0.645758 0.247918 0)
(0.674444 0.202534 0)
(0.65352 0.168829 0)
(0.662761 0.310205 0)
(0.666409 0.289751 0)
(0.676127 0.253755 0)
(0.66523 0.217907 0)
(0.646985 0.213106 0)
(0.668314 0.217275 0)
(0.683512 0.208808 0)
(0.693741 0.19797 0)
(0.639301 0.215047 0)
(0.654412 0.21121 0)
(0.665487 0.19902 0)
(0.676288 0.191222 0)
(0.612998 0.159618 0)
(0.632135 0.159876 0)
(0.654436 0.161479 0)
(0.673818 0.162502 0)
(0.550826 0.136473 0)
(0.563781 0.123753 0)
(0.589176 0.110067 0)
(0.608402 0.118213 0)
(0.630898 0.119243 0)
(0.619248 0.0820315 0)
(0.575703 0.068013 0)
(0.57817 0.0711909 0)
(0.780632 0.225946 0)
(0.779693 0.231375 0)
(0.763505 0.208422 0)
(0.737766 0.199074 0)
(0.624204 0.057651 0)
(0.686969 0.121614 0)
(0.742534 0.151063 0)
(0.784387 0.177543 0)
(0.393467 -0.0628639 0)
(0.434587 -0.0215049 0)
(0.495085 0.00308982 0)
(0.545747 0.0530069 0)
(0.375922 -0.107589 0)
(0.384704 -0.0927217 0)
(0.410811 -0.0864253 0)
(0.423753 -0.0617521 0)
(0.429491 -0.115127 0)
(0.435177 -0.0962268 0)
(0.450683 -0.0817854 0)
(0.452753 -0.0561276 0)
(0.466223 -0.157938 0)
(0.47429 -0.13648 0)
(0.496499 -0.124201 0)
(0.504199 -0.0977312 0)
(0.495408 -0.177872 0)
(0.506906 -0.159667 0)
(0.52979 -0.148168 0)
(0.539355 -0.123957 0)
(0.526498 -0.221591 0)
(0.54457 -0.20788 0)
(0.569187 -0.194587 0)
(0.583498 -0.171443 0)
(0.557346 -0.259811 0)
(0.579096 -0.249681 0)
(0.602737 -0.233463 0)
(0.622213 -0.216196 0)
(0.584839 -0.313128 0)
(0.609639 -0.303135 0)
(0.635083 -0.287516 0)
(0.660875 -0.274338 0)
(0.607047 -0.364965 0)
(0.63303 -0.356277 0)
(0.660888 -0.344099 0)
(0.690051 -0.334297 0)
(0.62035 -0.422641 0)
(0.647827 -0.416819 0)
(0.678459 -0.409465 0)
(0.709142 -0.402262 0)
(0.627247 -0.480396 0)
(0.655784 -0.479812 0)
(0.688666 -0.475731 0)
(0.721096 -0.476675 0)
(0.626021 -0.541462 0)
(0.65488 -0.546853 0)
(0.689056 -0.549034 0)
(0.72267 -0.55668 0)
(0.612856 -0.602897 0)
(0.641532 -0.613549 0)
(0.674852 -0.62132 0)
(0.708061 -0.6335 0)
(0.589808 -0.663543 0)
(0.616575 -0.677886 0)
(0.648354 -0.691343 0)
(0.680099 -0.707451 0)
(0.552584 -0.717875 0)
(0.574527 -0.738187 0)
(0.606643 -0.757093 0)
(0.633816 -0.781447 0)
(0.509355 -0.764597 0)
(0.525113 -0.792267 0)
(0.55682 -0.817744 0)
(0.57634 -0.851312 0)
(0.461688 -0.805396 0)
(0.469755 -0.838125 0)
(0.497565 -0.867974 0)
(0.506863 -0.905556 0)
(0.406105 -0.831056 0)
(0.407367 -0.865927 0)
(0.428414 -0.898564 0)
(0.429241 -0.939765 0)
(0.345914 -0.848198 0)
(0.340921 -0.883503 0)
(0.352936 -0.917486 0)
(0.346552 -0.959986 0)
(0.276849 -0.842853 0)
(0.266764 -0.878199 0)
(0.269526 -0.911924 0)
(0.256862 -0.954757 0)
(0.20269 -0.829305 0)
(0.185644 -0.866979 0)
(0.1781 -0.898294 0)
(0.158855 -0.940029 0)
(0.136722 -0.785997 0)
(0.110225 -0.824362 0)
(0.0923036 -0.855057 0)
(0.0636879 -0.895835 0)
(0.0812291 -0.735918 0)
(0.0496131 -0.772458 0)
(0.0239959 -0.801114 0)
(-0.0110228 -0.840682 0)
(0.0390022 -0.669471 0)
(0.00653559 -0.70083 0)
(-0.0228288 -0.72577 0)
(-0.0586844 -0.759791 0)
(-0.00838161 -0.616216 0)
(-0.043872 -0.641641 0)
(-0.0783248 -0.664503 0)
(-0.118545 -0.696408 0)
(-0.0543134 -0.538597 0)
(-0.0912511 -0.549875 0)
(-0.130007 -0.56554 0)
(-0.174042 -0.594256 0)
(-0.0913345 -0.486197 0)
(-0.12756 -0.482827 0)
(-0.168622 -0.491528 0)
(-0.217775 -0.518718 0)
(-0.120133 -0.406191 0)
(-0.154219 -0.382075 0)
(-0.193731 -0.37004 0)
(-0.245931 -0.383271 0)
(-0.131794 -0.370055 0)
(-0.166716 -0.33056 0)
(-0.21039 -0.301434 0)
(-0.268142 -0.297446 0)
(-0.168905 -0.279046 0)
(-0.201388 -0.209475 0)
(-0.240955 -0.148074 0)
(-0.293862 -0.109052 0)
(-0.130171 -0.259523 0)
(-0.150549 -0.184369 0)
(-0.174621 -0.111481 0)
(-0.220223 -0.0583828 0)
(-0.169286 -0.20197 0)
(-0.18907 -0.108038 0)
(-0.21075 0.00847777 0)
(-0.251494 0.11829 0)
(0.0666387 0.056546 0)
(0.428984 -0.130137 0)
(0.16051 -0.228751 0)
(0.144573 -0.108637 0)
(0.0986566 0.103132 0)
(0.0271381 0.23143 0)
(0.0351178 0.21025 0)
(-0.108072 0.268614 0)
(-0.0928105 0.285192 0)
(-0.235915 0.370223 0)
(-0.128802 0.425569 0)
(-0.275835 0.650146 0)
(-0.0356194 0.758102 0)
(-0.14041 0.944313 0)
(0.292284 0.768819 0)
(0.159657 0.107696 0)
(0.408853 -1.31768 0)
(-0.355006 -1.7797 0)
(0.416633 -2.13391 0)
(0.650113 0.0897842 0)
(0.573654 0.0269408 0)
(0.422551 -0.000753611 0)
(0.234801 0.0465828 0)
(0.239726 0.131537 0)
(0.0615846 0.186232 0)
(0.0259148 0.252101 0)
(-0.0666406 0.348062 0)
(-0.0310055 0.348794 0)
(-0.187173 0.402111 0)
(-0.0414539 0.425037 0)
(-0.181565 0.584268 0)
(0.101492 0.623358 0)
(0.0258406 0.779483 0)
(0.468704 0.553473 0)
(0.415264 0.101851 0)
(0.611525 -1.0151 0)
(-0.281157 -1.68578 0)
(0.421797 -2.08287 0)
(0.657497 0.129819 0)
(0.599736 0.0758869 0)
(0.53916 0.0756661 0)
(0.41616 0.0388062 0)
(0.374828 0.249658 0)
(0.32062 0.43358 0)
(0.279283 0.31367 0)
(-0.0122114 0.327586 0)
(0.0172859 0.374479 0)
(-0.162679 0.391624 0)
(0.051858 0.39301 0)
(-0.0883539 0.536886 0)
(0.243461 0.533408 0)
(0.0977575 0.632954 0)
(0.60616 0.367843 0)
(0.357164 0.012901 0)
(0.61895 -0.738851 0)
(-0.208652 -1.58579 0)
(0.418997 -2.0233 0)
(0.698693 0.15563 0)
(0.64874 0.135239 0)
(0.602143 0.166588 0)
(0.516173 0.1996 0)
(0.374001 0.195417 0)
(0.380467 0.269192 0)
(0.44192 0.523903 0)
(0.247211 0.594674 0)
(0.310137 0.461403 0)
(0.109969 0.384028 0)
(0.20853 0.330727 0)
(-0.0532476 0.432875 0)
(0.30263 0.426397 0)
(0.112948 0.48481 0)
(0.567888 0.277723 0)
(0.321625 0.138008 0)
(0.514353 -0.566581 0)
(-0.0735522 -1.45496 0)
(0.402995 -1.90772 0)
(0.684639 0.166318 0)
(0.673273 0.165524 0)
(0.652765 0.195936 0)
(0.651579 0.259689 0)
(0.614532 0.33195 0)
(0.527932 0.426796 0)
(0.493388 0.433168 0)
(0.602878 0.450431 0)
(0.672409 0.478097 0)
(0.600067 0.495739 0)
(0.646159 0.513564 0)
(0.47897 0.464178 0)
(0.697238 0.340495 0)
(0.497906 0.406333 0)
(0.869313 0.128019 0)
(0.433492 0.0905918 0)
(0.835771 -0.43025 0)
(0.0885189 -1.4786 0)
(0.361559 -1.73696 0)
(0.699046 0.155484 0)
(0.700237 0.163958 0)
(0.692594 0.189735 0)
(0.702261 0.236673 0)
(0.723192 0.293373 0)
(0.783409 0.357072 0)
(0.842702 0.422136 0)
(0.870072 0.45837 0)
(0.911007 0.445658 0)
(0.970511 0.426727 0)
(1.03583 0.4203 0)
(1.109 0.413343 0)
(1.11762 0.394311 0)
(1.05304 0.365282 0)
(1.16924 0.30947 0)
(0.756933 0.216967 0)
(1.02218 -0.329222 0)
(0.37094 -0.983389 0)
(0.298427 -1.52021 0)
(0.65002 0.130987 0)
(0.710343 0.168699 0)
(0.748256 0.191167 0)
(0.761488 0.231837 0)
(0.786602 0.264642 0)
(0.820226 0.318927 0)
(0.874069 0.352483 0)
(0.943108 0.376562 0)
(1.01182 0.376695 0)
(1.06646 0.373782 0)
(1.11471 0.379108 0)
(1.15252 0.38085 0)
(1.18655 0.376489 0)
(1.20332 0.362921 0)
(1.20556 0.343715 0)
(1.18686 0.258828 0)
(1.14523 -0.129949 0)
(0.716607 -0.668752 0)
(0.294965 -1.17577 0)
(0.504919 0.0514063 0)
(0.638935 0.076998 0)
(0.713221 0.143562 0)
(0.775272 0.19936 0)
(0.831543 0.236545 0)
(0.874576 0.280798 0)
(0.926901 0.313487 0)
(0.984139 0.33487 0)
(1.04127 0.335097 0)
(1.08738 0.333862 0)
(1.1302 0.342064 0)
(1.16068 0.347803 0)
(1.18638 0.347886 0)
(1.19567 0.342937 0)
(1.18852 0.323086 0)
(1.17139 0.266435 0)
(1.09587 0.0882872 0)
(0.801832 -0.247488 0)
(0.376268 -0.602449 0)
(0.694784 0.110091 0)
(0.613964 -0.0196164 0)
(0.627449 0.0705976 0)
(0.718176 0.12812 0)
(0.809483 0.176703 0)
(0.867929 0.230634 0)
(0.93512 0.251825 0)
(0.999661 0.272548 0)
(1.05641 0.282986 0)
(1.10251 0.292849 0)
(1.14054 0.312445 0)
(1.17158 0.329589 0)
(1.19132 0.345547 0)
(1.18137 0.361451 0)
(1.15147 0.368371 0)
(1.06126 0.341847 0)
(0.922136 0.202232 0)
(0.675978 -0.0198577 0)
(0.317053 -0.118185 0)
(0.83072 0.170792 0)
(0.768347 0.136717 0)
(0.696031 0.0555069 0)
(0.689596 0.036047 0)
(0.719394 0.104267 0)
(0.807945 0.174109 0)
(0.899756 0.199594 0)
(0.976232 0.228428 0)
(1.04093 0.244955 0)
(1.08808 0.260507 0)
(1.12897 0.281726 0)
(1.16422 0.30334 0)
(1.18121 0.338452 0)
(1.17651 0.378094 0)
(1.0959 0.427928 0)
(0.967883 0.4754 0)
(0.79966 0.435741 0)
(0.547099 0.30254 0)
(0.237999 0.297737 0)
(0.649424 0.110962 0)
(0.709061 0.104697 0)
(0.722141 0.128937 0)
(0.672839 0.107548 0)
(0.631886 0.0706622 0)
(0.625099 0.0654234 0)
(0.656909 0.0966686 0)
(0.674162 0.14696 0)
(0.74744 0.185304 0)
(0.798849 0.219088 0)
(0.932327 0.251783 0)
(1.03104 0.289757 0)
(1.09214 0.344862 0)
(1.09323 0.436943 0)
(0.848438 0.535041 0)
(0.658785 0.607146 0)
(0.521558 0.583181 0)
(0.341994 0.488037 0)
(0.195698 0.590403 0)
(0.489567 -0.0159952 0)
(0.554076 0.0690888 0)
(0.592806 0.0940928 0)
(0.626322 0.11742 0)
(0.607638 0.140015 0)
(0.542327 0.152204 0)
(0.468593 0.152355 0)
(0.363347 0.153501 0)
(0.30214 0.120659 0)
(0.223273 0.100476 0)
(0.223621 0.0440195 0)
(0.340106 0.171322 0)
(0.248519 0.255921 0)
(0.112447 0.554322 0)
(-0.00481528 1.00821 0)
(0.0935007 0.710384 0)
(0.200431 0.714623 0)
(0.122204 0.596881 0)
(0.132449 0.784582 0)
(0.478236 -0.0325566 0)
(0.506416 0.0145506 0)
(0.553705 0.0584112 0)
(0.572913 0.0966999 0)
(0.587062 0.147504 0)
(0.549826 0.195338 0)
(0.503701 0.251708 0)
(0.367379 0.299203 0)
(0.242678 0.304828 0)
(-0.0454874 0.297897 0)
(-0.233621 0.143636 0)
(-0.65068 0.274593 0)
(-0.867996 0.56151 0)
(-1.25142 0.678813 0)
(-0.511688 0.479763 0)
(-0.370497 0.485619 0)
(-0.0158594 0.549828 0)
(-0.0140829 0.547677 0)
(0.117899 0.822454 0)
(0.546497 -0.0736832 0)
(0.559397 9.40288e-05 0)
(0.596546 0.0345789 0)
(0.606926 0.0883517 0)
(0.6137 0.157268 0)
(0.581446 0.230249 0)
(0.540831 0.313012 0)
(0.431058 0.398588 0)
(0.302574 0.483619 0)
(0.0129415 0.546161 0)
(-0.286027 0.565337 0)
(-0.928857 0.774347 0)
(-1.24437 0.730093 0)
(-0.901719 0.306648 0)
(-0.526995 0.151661 0)
(-0.379926 0.275754 0)
(-0.10979 0.385136 0)
(-0.0209434 0.473278 0)
(0.103191 0.878092 0)
(0.583252 -0.0999673 0)
(0.59967 -0.0288466 0)
(0.654075 0.0126161 0)
(0.664149 0.0832016 0)
(0.687064 0.168328 0)
(0.662745 0.264727 0)
(0.636603 0.383446 0)
(0.524233 0.519095 0)
(0.4172 0.676745 0)
(0.123567 0.838328 0)
(-0.138631 0.981594 0)
(-0.855553 1.1534 0)
(-0.846395 0.550344 0)
(-0.576984 0.0321517 0)
(-0.483655 0.00196837 0)
(-0.370542 0.110494 0)
(-0.163018 0.223121 0)
(-0.0631518 0.356078 0)
(0.0670652 0.89647 0)
(0.633787 -0.144865 0)
(0.656345 -0.0629291 0)
(0.723599 -0.0247998 0)
(0.746685 0.0605811 0)
(0.787575 0.155619 0)
(0.788047 0.279496 0)
(0.782338 0.432899 0)
(0.688796 0.604791 0)
(0.597474 0.835075 0)
(0.339987 1.06723 0)
(0.112784 1.41844 0)
(-0.583223 1.46445 0)
(-0.686689 0.420996 0)
(-0.595585 0.00675683 0)
(-0.507853 -0.0387811 0)
(-0.380341 -0.014447 0)
(-0.190023 0.106529 0)
(-0.0998647 0.265091 0)
(-0.0369533 0.882463 0)
(0.672582 -0.186153 0)
(0.707278 -0.108711 0)
(0.79713 -0.0715952 0)
(0.831387 0.0270842 0)
(0.907836 0.127949 0)
(0.941545 0.272518 0)
(0.971161 0.468999 0)
(0.904667 0.69131 0)
(0.838898 0.985908 0)
(0.662117 1.28571 0)
(0.498844 1.79399 0)
(0.229612 1.89458 0)
(-0.445508 0.518351 0)
(-0.673426 -0.131833 0)
(-0.521131 -0.193848 0)
(-0.394322 -0.176583 0)
(-0.19933 -0.0320246 0)
(-0.0958569 0.218799 0)
(-0.120819 0.770536 0)
(0.711661 -0.241172 0)
(0.767044 -0.173671 0)
(0.871783 -0.138959 0)
(0.943651 -0.0363575 0)
(1.07984 0.0529262 0)
(1.15189 0.226844 0)
(1.2147 0.461239 0)
(1.19078 0.731246 0)
(1.14616 1.04729 0)
(1.02537 1.38315 0)
(0.975971 1.81559 0)
(1.01575 2.28581 0)
(0.603447 1.32778 0)
(-0.453782 0.0705874 0)
(-0.372138 -0.295919 0)
(-0.328308 -0.304688 0)
(-0.214428 -0.164231 0)
(-0.184139 0.195577 0)
(-0.0520988 0.687105 0)
(0.743193 -0.302308 0)
(0.822427 -0.252446 0)
(0.950265 -0.234027 0)
(1.07116 -0.159344 0)
(1.26237 -0.0635122 0)
(1.34459 0.152644 0)
(1.46905 0.430434 0)
(1.46384 0.756796 0)
(1.49315 1.13301 0)
(1.372 1.4438 0)
(1.32094 1.79913 0)
(1.32803 2.23407 0)
(1.39296 1.84415 0)
(0.509301 0.748306 0)
(-0.0138842 -0.312694 0)
(-0.22412 -0.316473 0)
(-0.0733945 -0.162373 0)
(-0.297363 0.0710522 0)
(0.0180423 0.556322 0)
(0.770508 -0.380872 0)
(0.871548 -0.359421 0)
(1.01939 -0.365831 0)
(1.16943 -0.315528 0)
(1.35757 -0.198082 0)
(1.45144 0.0440089 0)
(1.59819 0.348757 0)
(1.64519 0.714019 0)
(1.72793 1.12458 0)
(1.73315 1.54429 0)
(1.66684 1.85166 0)
(1.61752 2.21204 0)
(1.65381 2.05645 0)
(1.26123 1.36743 0)
(0.473103 0.349944 0)
(-0.323733 -0.239827 0)
(-0.0305173 -0.101049 0)
(-0.240879 0.11191 0)
(-0.0719146 0.435662 0)
(0.789579 -0.472757 0)
(0.901107 -0.476971 0)
(1.05534 -0.505868 0)
(1.20145 -0.463364 0)
(1.36267 -0.321958 0)
(1.4239 -0.0627502 0)
(1.54373 0.251928 0)
(1.61069 0.641453 0)
(1.76039 1.05146 0)
(1.81904 1.4976 0)
(1.90863 1.90308 0)
(1.78555 2.24463 0)
(1.78283 2.1761 0)
(1.49153 1.81475 0)
(0.983645 1.11787 0)
(0.0373665 0.1427 0)
(-0.0429037 -0.230573 0)
(-0.0166752 0.109742 0)
(-0.214878 0.270364 0)
(0.790784 -0.56924 0)
(0.903381 -0.598564 0)
(1.0517 -0.639422 0)
(1.17698 -0.590126 0)
(1.31227 -0.402957 0)
(1.31276 -0.115774 0)
(1.37898 0.176832 0)
(1.46222 0.522457 0)
(1.66294 0.932526 0)
(1.77498 1.41474 0)
(1.91252 1.88003 0)
(1.84537 2.32184 0)
(1.77999 2.31576 0)
(1.58541 2.09473 0)
(1.28215 1.64691 0)
(0.710504 0.702103 0)
(0.181636 -0.0793689 0)
(0.195477 0.270723 0)
(-0.0786931 0.227339 0)
(0.772262 -0.662062 0)
(0.881566 -0.712406 0)
(1.01798 -0.755399 0)
(1.13471 -0.696142 0)
(1.25983 -0.448876 0)
(1.23758 -0.119126 0)
(1.31942 0.114373 0)
(1.41234 0.388327 0)
(1.58985 0.766846 0)
(1.70064 1.27436 0)
(1.83853 1.838 0)
(1.78387 2.36981 0)
(1.66096 2.41687 0)
(1.46337 2.27384 0)
(1.15698 1.91226 0)
(0.844785 1.15225 0)
(0.107683 0.235411 0)
(0.268801 0.349499 0)
(0.1175 0.374081 0)
(0.743603 -0.750076 0)
(0.843306 -0.820101 0)
(0.973714 -0.86998 0)
(1.09556 -0.806084 0)
(1.21726 -0.500799 0)
(1.21405 -0.165352 0)
(1.36168 0.0140659 0)
(1.48284 0.279375 0)
(1.65035 0.667627 0)
(1.68094 1.19074 0)
(1.73321 1.80415 0)
(1.65281 2.47571 0)
(1.5121 2.60167 0)
(1.32629 2.54475 0)
(1.0552 2.20011 0)
(0.797199 1.63659 0)
(0.0886237 0.451121 0)
(0.241174 0.263327 0)
(0.136358 0.576658 0)
(0.702176 -0.833406 0)
(0.778213 -0.920655 0)
(0.91887 -0.984751 0)
(1.01418 -0.914556 0)
(1.15007 -0.560198 0)
(1.18574 -0.245496 0)
(1.38601 -0.131765 0)
(1.5583 0.129936 0)
(1.72711 0.586768 0)
(1.68096 1.20103 0)
(1.60637 1.86306 0)
(1.41792 2.57607 0)
(1.25356 2.70809 0)
(1.03804 2.69884 0)
(0.867391 2.3877 0)
(0.629161 2.03982 0)
(0.271512 0.728144 0)
(0.1519 0.307851 0)
(0.16463 0.714746 0)
(0.642233 -0.905299 0)
(0.695119 -1.01677 0)
(0.836714 -1.08257 0)
(0.893886 -1.01533 0)
(1.06849 -0.656967 0)
(1.14906 -0.376408 0)
(1.41999 -0.326728 0)
(1.61492 -0.0268916 0)
(1.7523 0.552685 0)
(1.60014 1.3025 0)
(1.37342 2.03943 0)
(1.10199 2.8018 0)
(0.95893 2.93452 0)
(0.722149 2.90847 0)
(0.62196 2.54468 0)
(0.389821 2.20419 0)
(0.30529 0.841141 0)
(0.124415 0.39819 0)
(0.209151 0.848925 0)
(0.562721 -0.965469 0)
(0.595072 -1.09773 0)
(0.714417 -1.16359 0)
(0.772242 -1.12693 0)
(0.979094 -0.789329 0)
(1.05827 -0.564599 0)
(1.37136 -0.555914 0)
(1.53696 -0.16855 0)
(1.60504 0.597056 0)
(1.32442 1.54779 0)
(0.960426 2.30459 0)
(0.631883 2.96111 0)
(0.533149 3.02986 0)
(0.305221 3.02924 0)
(0.30351 2.65903 0)
(0.0832922 2.36816 0)
(0.144486 0.918474 0)
(0.0355603 0.449855 0)
(0.255373 1.00128 0)
(0.471894 -1.00515 0)
(0.481276 -1.15494 0)
(0.571085 -1.24023 0)
(0.623637 -1.25814 0)
(0.758598 -0.911864 0)
(0.784395 -0.733395 0)
(1.09748 -0.762452 0)
(1.16483 -0.237591 0)
(0.998622 0.737985 0)
(0.65944 1.8933 0)
(0.342339 2.65829 0)
(0.0509946 3.20384 0)
(0.0589765 3.21492 0)
(-0.159366 3.14022 0)
(-0.0144834 2.70968 0)
(-0.210547 2.385 0)
(0.146068 0.829223 0)
(-0.167203 0.330968 0)
(0.28833 1.09899 0)
(0.370588 -1.0287 0)
(0.360378 -1.18923 0)
(0.400415 -1.29058 0)
(0.400041 -1.30115 0)
(0.403704 -0.929638 0)
(0.420757 -0.875728 0)
(0.522016 -0.906553 0)
(0.333176 -0.0754055 0)
(-0.00321681 1.05123 0)
(-0.290475 2.15146 0)
(-0.426201 2.84086 0)
(-0.586053 3.23058 0)
(-0.481443 3.19391 0)
(-0.653026 3.1298 0)
(-0.410415 2.66889 0)
(-0.587273 2.27764 0)
(0.14532 0.827627 0)
(0.104953 0.377931 0)
(0.296053 1.09693 0)
(0.262569 -1.02568 0)
(0.228929 -1.18227 0)
(0.216781 -1.27345 0)
(0.170776 -1.26392 0)
(0.0823966 -0.923602 0)
(0.0191853 -0.839972 0)
(-0.231516 -0.688735 0)
(-0.601586 0.252581 0)
(-0.940763 1.30705 0)
(-1.11663 2.28751 0)
(-1.14595 2.9218 0)
(-1.22797 3.26517 0)
(-1.05832 3.25724 0)
(-1.16531 3.09811 0)
(-0.656196 2.61072 0)
(-0.634711 1.91218 0)
(0.170221 0.15028 0)
(0.354374 0.243309 0)
(0.39163 1.43702 0)
(0.145673 -1.00599 0)
(0.0888409 -1.14958 0)
(0.0364478 -1.23755 0)
(-0.0499354 -1.18281 0)
(-0.208562 -0.788606 0)
(-0.457356 -0.597035 0)
(-0.913345 -0.35344 0)
(-1.31198 0.576045 0)
(-1.63071 1.5083 0)
(-1.7676 2.3448 0)
(-1.72819 2.92557 0)
(-1.72303 3.16956 0)
(-1.50328 3.11607 0)
(-1.49975 2.81115 0)
(-1.12845 2.15417 0)
(-0.925594 1.58334 0)
(0.288832 -0.124712 0)
(-0.0700271 0.200662 0)
(0.467417 1.76766 0)
(0.0332016 -0.956478 0)
(-0.0437902 -1.08282 0)
(-0.126182 -1.14654 0)
(-0.249902 -1.04213 0)
(-0.464347 -0.550286 0)
(-0.829617 -0.201799 0)
(-1.41447 0.0804201 0)
(-1.81669 0.913803 0)
(-2.14943 1.71354 0)
(-2.30529 2.39087 0)
(-2.26448 2.86766 0)
(-2.21492 3.07633 0)
(-1.9829 3.02741 0)
(-2.05773 2.75643 0)
(-1.33453 2.07167 0)
(-0.945055 0.647191 0)
(0.0825858 -0.605341 0)
(-0.548884 0.0801418 0)
(0.457107 1.7956 0)
(-0.0580699 -0.898831 0)
(-0.153184 -1.00703 0)
(-0.260061 -1.05166 0)
(-0.4066 -0.879355 0)
(-0.635857 -0.261256 0)
(-1.03064 0.256823 0)
(-1.62639 0.532686 0)
(-1.99722 1.24658 0)
(-2.25951 1.9401 0)
(-2.39668 2.45502 0)
(-2.31462 2.83069 0)
(-2.25724 2.93441 0)
(-1.84285 2.94134 0)
(-1.49207 2.30461 0)
(-0.0081723 1.07413 0)
(0.329337 0.309492 0)
(0.323858 -0.595912 0)
(-0.688253 -0.0526393 0)
(0.456814 1.66647 0)
(-0.112938 -0.809695 0)
(-0.212255 -0.898842 0)
(-0.323624 -0.916162 0)
(-0.473567 -0.70162 0)
(-0.653093 0.0166576 0)
(-0.999549 0.695655 0)
(-1.60726 0.948818 0)
(-1.95112 1.49373 0)
(-2.1739 2.069 0)
(-2.26871 2.45704 0)
(-2.21701 2.71591 0)
(-1.97691 2.67788 0)
(-1.07293 2.30288 0)
(0.302912 1.08643 0)
(1.02908 0.4216 0)
(0.954573 0.438563 0)
(0.864119 0.376794 0)
(-0.24914 -0.0645352 0)
(0.280146 1.5942 0)
(-0.17962 -0.741816 0)
(-0.285801 -0.81859 0)
(-0.391315 -0.815681 0)
(-0.523742 -0.585563 0)
(-0.604323 0.219556 0)
(-0.8119 1.11374 0)
(-1.43939 1.3938 0)
(-1.75972 1.76308 0)
(-1.91977 2.22963 0)
(-1.96943 2.48663 0)
(-1.86749 2.58477 0)
(-1.4911 1.90336 0)
(0.165255 0.875019 0)
(0.943977 0.477122 0)
(0.951952 0.461288 0)
(0.937694 0.435468 0)
(0.922912 0.460081 0)
(0.768407 0.495248 0)
(0.154102 1.69099 0)
(-0.242056 -0.634482 0)
(-0.347642 -0.704595 0)
(-0.436905 -0.699934 0)
(-0.526039 -0.503846 0)
(-0.522404 0.2741 0)
(-0.531615 1.45632 0)
(-1.00652 1.80121 0)
(-1.37777 1.92249 0)
(-1.49719 2.25969 0)
(-1.43965 2.40438 0)
(-1.20208 2.26031 0)
(-0.346851 0.852071 0)
(0.381901 0.0440573 0)
(0.73142 0.347653 0)
(0.937876 0.421646 0)
(0.963161 0.46284 0)
(0.962674 0.521923 0)
(0.912053 0.657071 0)
(0.503794 2.32819 0)
(-0.298572 -0.563383 0)
(-0.427108 -0.645465 0)
(-0.533773 -0.658643 0)
(-0.631616 -0.512291 0)
(-0.599936 0.224872 0)
(-0.458363 1.54485 0)
(-0.518448 2.16146 0)
(-0.875899 2.2105 0)
(-0.931865 2.2882 0)
(-0.780335 2.217 0)
(-0.331181 1.62294 0)
(0.426397 0.477462 0)
(0.388409 -0.0867887 0)
(0.624675 0.0112077 0)
(0.872609 0.251989 0)
(0.962707 0.414031 0)
(0.982143 0.510974 0)
(0.933818 0.890292 0)
(0.693875 3.01587 0)
(-0.336215 -0.411792 0)
(-0.499569 -0.486619 0)
(-0.650077 -0.5119 0)
(-0.764898 -0.435573 0)
(-0.753552 0.117452 0)
(-0.498535 1.389 0)
(-0.303527 2.17404 0)
(-0.382763 2.29106 0)
(-0.278899 2.17624 0)
(-0.0464459 1.8513 0)
(0.40414 1.15918 0)
(0.682642 0.209351 0)
(0.706373 -0.171698 0)
(0.682889 -0.0981855 0)
(0.802343 0.103337 0)
(0.933283 0.361358 0)
(0.952313 0.538923 0)
(0.816659 0.951934 0)
(0.561695 3.87896 0)
(-0.382814 -0.306478 0)
(-0.5771 -0.365988 0)
(-0.775097 -0.426396 0)
(-0.928813 -0.422622 0)
(-1.04834 -0.0226951 0)
(-0.801694 1.14077 0)
(-0.385565 2.05514 0)
(-0.320985 2.19571 0)
(-0.041069 1.98582 0)
(0.173947 1.61235 0)
(0.475807 0.970369 0)
(0.613218 0.219511 0)
(0.561786 -0.0733693 0)
(0.546031 -0.0583482 0)
(0.749603 0.0388549 0)
(0.76389 0.287007 0)
(0.832406 0.6279 0)
(0.415796 1.25306 0)
(0.304671 4.20905 0)
(-0.399614 -0.0840013 0)
(-0.584189 -0.125759 0)
(-0.780299 -0.185208 0)
(-0.995841 -0.182818 0)
(-1.20435 0.0102092 0)
(-1.11215 0.797932 0)
(-0.581797 1.7355 0)
(-0.327071 1.97562 0)
(-0.0299985 1.72125 0)
(0.126457 1.37166 0)
(0.35814 0.745655 0)
(0.321702 0.12248 0)
(0.180575 -0.137919 0)
(0.117553 -0.271514 0)
(0.498994 -0.122407 0)
(0.676306 0.299885 0)
(0.586004 0.80869 0)
(0.278123 1.47226 0)
(0.134361 4.49276 0)
(-0.316814 -0.0123103 0)
(-0.552797 -0.0293427 0)
(-0.858013 -0.062338 0)
(-1.13202 -0.0499536 0)
(-1.37156 0.0767352 0)
(-1.44928 0.569483 0)
(-1.07287 1.34434 0)
(-0.628964 1.70014 0)
(-0.314768 1.58511 0)
(-0.178888 1.27352 0)
(-0.0821317 0.807892 0)
(-0.263822 0.400718 0)
(-0.226719 0.1251 0)
(-0.16558 -0.328472 0)
(0.112808 -0.4589 0)
(0.644032 0.230629 0)
(0.616738 0.985425 0)
(0.395291 1.67402 0)
(-0.0397495 4.58756 0)
(-0.332385 0.260714 0)
(-0.536878 0.371973 0)
(-0.793624 0.349836 0)
(-1.01143 0.289741 0)
(-1.18508 0.309183 0)
(-1.28697 0.538661 0)
(-1.16762 0.997282 0)
(-0.912429 1.2844 0)
(-0.713737 1.30363 0)
(-0.593881 1.15297 0)
(-0.584434 0.798638 0)
(-0.573314 0.235829 0)
(-0.393568 -0.249379 0)
(-0.143215 -0.591282 0)
(-0.0872951 -0.882094 0)
(0.347533 -0.158991 0)
(0.365931 1.00811 0)
(0.333592 2.07755 0)
(-0.0879885 4.80035 0)
)
;

boundaryField
{
    leftWall
    {
        type            noSlip;
    }
    rightWall
    {
        type            noSlip;
    }
    lowerWall
    {
        type            noSlip;
    }
    atmosphere
    {
        type            zeroGradient;
    }
    defaultFaces
    {
        type            empty;
    }
}


// ************************************************************************* //
