/*--------------------------------*- C++ -*----------------------------------*\
| =========                 |                                                 |
| \\      /  F ield         | OpenFOAM: The Open Source CFD Toolbox           |
|  \\    /   O peration     | Version:  2012                                  |
|   \\  /    A nd           | Website:  www.openfoam.com                      |
|    \\/     M anipulation  |                                                 |
\*---------------------------------------------------------------------------*/
FoamFile
{
    version     2.0;
    format      ascii;
    class       volScalarField;
    location    "0.91";
    object      pcorr;
}
// * * * * * * * * * * * * * * * * * * * * * * * * * * * * * * * * * * * * * //

dimensions      [1 -1 -2 0 0 0 0];


internalField   nonuniform List<scalar> 
2268
(
101324
101324
101323
101323
101322
101322
101321
101321
101320
101320
101319
101319
101318
101318
101318
101318
101318
101318
101318
101318
101319
101319
101320
101324
101324
101323
101323
101322
101322
101321
101321
101320
101319
101319
101319
101318
101318
101318
101318
101318
101318
101318
101318
101319
101319
101320
101324
101324
101323
101323
101322
101322
101321
101321
101320
101319
101319
101318
101318
101318
101318
101318
101318
101318
101318
101318
101319
101319
101320
101324
101324
101323
101323
101322
101322
101321
101321
101320
101319
101319
101318
101318
101318
101318
101318
101318
101318
101318
101318
101319
101320
101321
101324
101324
101324
101323
101323
101322
101321
101321
101320
101319
101319
101318
101318
101318
101318
101318
101318
101318
101318
101318
101318
101320
101321
101324
101324
101324
101323
101323
101322
101321
101321
101320
101319
101319
101318
101318
101318
101318
101318
101318
101318
101318
101317
101318
101320
101322
101325
101324
101324
101323
101323
101322
101321
101321
101320
101319
101319
101318
101318
101318
101318
101318
101318
101317
101317
101317
101317
101320
101324
101325
101325
101324
101323
101323
101322
101321
101321
101320
101319
101318
101318
101317
101317
101318
101318
101318
101317
101317
101317
101316
101319
101326
101453
101437
101437
101437
101437
101439
101440
101436
101414
101394
101383
101375
101369
101370
101371
101370
101369
101367
101365
101453
101437
101437
101437
101437
101438
101439
101437
101414
101392
101379
101373
101369
101370
101371
101370
101369
101367
101364
101452
101437
101437
101437
101437
101438
101439
101437
101412
101387
101374
101368
101366
101369
101370
101369
101368
101367
101363
101450
101436
101437
101437
101437
101438
101439
101435
101406
101380
101366
101361
101363
101366
101367
101368
101367
101365
101361
101449
101437
101437
101437
101434
101434
101439
101427
101397
101372
101357
101353
101358
101364
101365
101365
101365
101361
101358
101447
101439
101436
101435
101429
101429
101434
101416
101387
101361
101347
101348
101354
101362
101365
101362
101362
101357
101354
101449
101436
101433
101430
101429
101428
101428
101407
101376
101349
101342
101347
101354
101361
101365
101362
101358
101353
101349
101431
101430
101430
101430
101429
101428
101426
101398
101364
101338
101341
101347
101354
101360
101363
101362
101354
101347
101344
101326
101325
101324
101323
101323
101322
101322
101321
101320
101319
101318
101317
101317
101317
101318
101318
101318
101316
101318
101316
101312
101318
101332
101327
101326
101324
101323
101323
101323
101322
101321
101320
101320
101317
101316
101315
101317
101317
101319
101321
101321
101321
101319
101317
101317
101331
101330
101328
101324
101321
101323
101325
101322
101321
101321
101322
101318
101315
101314
101320
101321
101321
101321
101321
101321
101321
101321
101320
101333
101335
101330
101322
101316
101323
101322
101319
101318
101319
101322
101322
101320
101320
101321
101322
101322
101322
101322
101321
101322
101323
101325
101331
101346
101335
101320
101309
101316
101320
101318
101319
101320
101321
101321
101322
101322
101322
101322
101322
101322
101322
101322
101325
101327
101329
101333
101365
101344
101323
101318
101321
101325
101324
101322
101320
101320
101322
101322
101322
101322
101322
101322
101322
101323
101324
101331
101332
101333
101335
101387
101354
101339
101328
101327
101327
101327
101325
101321
101318
101322
101322
101323
101322
101322
101322
101322
101323
101329
101340
101340
101335
101333
101362
101336
101329
101328
101327
101327
101327
101327
101326
101325
101323
101323
101323
101323
101325
101320
101318
101324
101330
101339
101350
101336
101326
101334
101329
101328
101328
101327
101327
101327
101326
101326
101326
101326
101324
101324
101325
101322
101318
101316
101323
101328
101334
101343
101330
101332
101328
101328
101328
101327
101327
101327
101327
101326
101326
101326
101326
101325
101325
101325
101325
101325
101325
101326
101326
101327
101326
101326
101327
101327
101327
101327
101327
101327
101327
101327
101326
101326
101326
101326
101326
101326
101326
101326
101325
101326
101326
101326
101326
101326
101326
101326
101327
101327
101327
101327
101327
101327
101326
101326
101326
101326
101326
101326
101326
101326
101326
101326
101326
101326
101326
101326
101326
101326
101326
101327
101327
101327
101327
101327
101327
101326
101326
101326
101326
101326
101326
101326
101326
101326
101326
101326
101326
101326
101326
101326
101326
101326
101327
101327
101327
101327
101327
101326
101326
101326
101326
101326
101326
101326
101326
101326
101326
101326
101326
101326
101326
101326
101326
101326
101326
101327
101327
101327
101327
101327
101326
101326
101326
101326
101326
101326
101326
101326
101326
101326
101326
101326
101326
101326
101326
101326
101326
101326
101327
101327
101327
101326
101326
101326
101326
101326
101326
101326
101326
101326
101326
101326
101326
101326
101326
101326
101326
101326
101326
101326
101326
101327
101326
101326
101326
101326
101326
101326
101326
101326
101326
101326
101326
101326
101326
101326
101326
101326
101326
101326
101326
101326
101326
101326
101326
101326
101326
101326
101326
101326
101326
101326
101326
101326
101326
101326
101326
101326
101326
101326
101326
101326
101326
101326
101326
101326
101326
101326
101326
101326
101326
101326
101326
101326
101326
101326
101326
101326
101326
101326
101326
101326
101326
101326
101326
101326
101326
101326
101326
101326
101326
101326
101326
101326
101326
101326
101326
101326
101326
101326
101326
101326
101326
101326
101326
101326
101326
101326
101326
101326
101326
101326
101326
101326
101326
101326
101326
101326
101326
101326
101326
101326
101326
101326
101326
101326
101326
101326
101326
101326
101326
101326
101326
101326
101326
101326
101326
101326
101326
101326
101326
101326
101326
101326
101326
101326
101326
101326
101326
101326
101326
101326
101326
101326
101326
101326
101326
101326
101326
101326
101326
101326
101326
101326
101326
101326
101326
101326
101326
101326
101326
101326
101326
101326
101326
101326
101326
101326
101326
101326
101326
101326
101326
101326
101326
101326
101326
101326
101326
101326
101326
101326
101326
101326
101326
101326
101326
101326
101326
101326
101326
101326
101326
101326
101326
101326
101326
101326
101326
101326
101326
101326
101326
101326
101326
101326
101326
101326
101326
101326
101326
101326
101326
101326
101326
101326
101326
101326
101326
101326
101326
101326
101326
101326
101326
101326
101326
101326
101326
101326
101326
101326
101326
101326
101326
101326
101326
101326
101326
101326
101326
101326
101326
101326
101326
101326
101326
101326
101326
101326
101326
101326
101326
101326
101326
101326
101326
101326
101326
101326
101326
101326
101326
101326
101326
101326
101326
101326
101326
101326
101326
101326
101326
101326
101326
101326
101326
101326
101326
101326
101326
101326
101326
101326
101326
101326
101326
101326
101326
101326
101326
101326
101326
101326
101326
101326
101326
101326
101326
101326
101326
101326
101326
101326
101326
101326
101326
101326
101325
101325
101326
101326
101326
101326
101326
101326
101326
101326
101326
101326
101326
101326
101326
101325
101325
101325
101325
101325
101325
101325
101325
101325
101325
101326
101326
101326
101326
101326
101326
101325
101325
101325
101325
101325
101325
101325
101325
101325
101325
101325
101325
101325
101325
101325
101325
101325
101325
101325
101325
101325
101325
101325
101325
101325
101325
101325
101325
101325
101325
101325
101325
101325
101325
101325
101325
101325
101325
101325
101325
101325
101325
101325
101325
101325
101325
101325
101325
101325
101325
101325
101325
101325
101325
101325
101325
101325
101325
101325
101325
101325
101325
101325
101325
101325
101325
101325
101325
101325
101325
101325
101325
101325
101325
101325
101325
101325
101325
101325
101325
101325
101325
101325
101325
101325
101325
101325
101325
101325
101325
101325
101325
101325
101325
101325
101325
101325
101325
101325
101325
101325
101325
101325
101325
101325
101325
101325
101325
101325
101325
101325
101325
101325
101325
101325
101325
101325
101325
101325
101325
101325
101325
101325
101325
101325
101325
101325
101325
101325
101325
101325
101325
101325
101325
101325
101325
101325
101325
101325
101325
101325
101325
101325
101325
101325
101325
101325
101325
101325
101325
101325
101325
101325
101325
101325
101325
101325
101325
101325
101325
101325
101325
101325
101325
101325
101325
101325
101325
101325
101325
101325
101325
101325
101325
101325
101325
101325
101325
101325
101325
101325
101325
101325
101325
101325
101325
101325
101325
101325
101325
101325
101325
101325
101325
101325
101325
101325
101325
101325
101325
101325
101325
101325
101325
101325
101325
101325
101325
101325
101325
101325
101325
101325
101325
101325
101325
101325
101325
101325
101325
101325
101325
101325
101325
101325
101325
101325
101325
101325
101325
101325
101325
101325
101325
101325
101325
101325
101325
101325
101325
101325
101325
101325
101325
101325
101325
101325
101325
101325
101325
101325
101325
101325
101325
101325
101325
101325
101325
101325
101325
101325
101325
101325
101325
101325
101325
101325
101325
101325
101325
101351
101363
101374
101387
101348
101359
101368
101379
101346
101354
101363
101374
101341
101348
101357
101366
101340
101345
101351
101355
101341
101345
101347
101349
101343
101359
101362
101357
101320
101332
101336
101337
101318
101319
101326
101328
101333
101329
101328
101329
101327
101329
101329
101329
101326
101326
101326
101327
101326
101326
101326
101326
101326
101326
101326
101326
101326
101326
101326
101326
101326
101326
101326
101326
101326
101326
101326
101326
101326
101326
101326
101326
101326
101326
101326
101326
101326
101326
101326
101326
101326
101326
101326
101326
101326
101326
101326
101326
101326
101326
101326
101326
101326
101326
101326
101326
101326
101326
101326
101326
101326
101326
101326
101326
101326
101326
101326
101326
101326
101326
101326
101326
101325
101325
101325
101325
101325
101325
101325
101325
101325
101325
101325
101325
101325
101325
101325
101325
101325
101325
101325
101325
101325
101325
101325
101325
101325
101325
101325
101325
101325
101325
101325
101325
101325
101325
101325
101325
101325
101325
101325
101325
101325
101325
101325
101325
101325
101325
101325
101325
101325
101325
101325
101325
101325
101325
101325
101325
101412
101425
101431
101429
101428
101427
101424
101385
101344
101330
101338
101347
101356
101358
101359
101358
101346
101338
101335
101402
101424
101429
101428
101426
101424
101407
101356
101324
101329
101336
101346
101353
101343
101340
101336
101329
101325
101326
101395
101423
101430
101423
101420
101406
101371
101328
101326
101329
101333
101335
101333
101331
101327
101325
101326
101326
101326
101382
101406
101411
101379
101364
101360
101345
101324
101326
101328
101328
101326
101326
101326
101326
101326
101326
101326
101326
101365
101371
101353
101331
101331
101331
101329
101325
101325
101327
101327
101326
101326
101326
101326
101326
101326
101326
101326
101352
101338
101331
101331
101330
101330
101327
101326
101326
101326
101326
101326
101326
101326
101326
101326
101326
101326
101326
101338
101332
101331
101331
101330
101328
101327
101326
101326
101326
101326
101326
101326
101326
101326
101326
101326
101326
101326
101335
101330
101331
101330
101330
101327
101327
101326
101326
101326
101326
101326
101326
101326
101326
101326
101326
101326
101326
101330
101329
101330
101330
101329
101327
101326
101326
101326
101326
101326
101326
101326
101326
101326
101326
101326
101326
101326
101329
101328
101328
101328
101327
101326
101326
101326
101326
101326
101326
101326
101326
101326
101326
101326
101326
101326
101326
101328
101328
101327
101327
101326
101326
101326
101326
101326
101326
101326
101326
101326
101326
101326
101326
101326
101326
101326
101327
101327
101327
101327
101326
101326
101326
101326
101326
101326
101326
101326
101326
101326
101326
101326
101326
101326
101326
101326
101327
101327
101326
101326
101326
101326
101326
101326
101326
101326
101326
101326
101326
101326
101326
101326
101326
101326
101326
101326
101326
101326
101326
101326
101326
101326
101326
101326
101326
101326
101326
101326
101326
101326
101326
101326
101326
101326
101326
101326
101326
101326
101326
101326
101326
101326
101326
101326
101326
101326
101326
101326
101326
101326
101326
101326
101326
101326
101326
101326
101326
101326
101326
101326
101326
101326
101326
101326
101326
101326
101326
101326
101326
101326
101326
101326
101326
101326
101326
101326
101326
101326
101326
101326
101326
101326
101326
101326
101326
101326
101326
101326
101326
101326
101326
101326
101326
101326
101326
101326
101326
101326
101326
101326
101326
101326
101326
101326
101326
101326
101326
101326
101326
101326
101326
101326
101326
101326
101326
101326
101326
101326
101326
101326
101326
101326
101326
101326
101326
101326
101326
101326
101326
101326
101326
101326
101326
101326
101326
101326
101326
101326
101326
101326
101326
101326
101326
101326
101326
101326
101326
101326
101326
101326
101326
101326
101326
101326
101326
101326
101326
101326
101326
101326
101326
101326
101326
101326
101326
101326
101326
101326
101326
101326
101326
101326
101326
101326
101326
101326
101326
101326
101326
101326
101326
101326
101326
101326
101326
101326
101326
101326
101326
101326
101326
101326
101326
101326
101326
101326
101326
101326
101326
101326
101326
101326
101326
101326
101326
101326
101326
101326
101326
101326
101326
101326
101326
101326
101326
101326
101326
101326
101326
101326
101326
101326
101326
101326
101326
101326
101326
101326
101326
101326
101326
101326
101326
101326
101326
101326
101326
101326
101326
101326
101326
101326
101326
101326
101326
101326
101326
101326
101326
101326
101326
101326
101326
101326
101326
101326
101326
101326
101326
101326
101326
101326
101326
101326
101326
101326
101326
101326
101326
101326
101326
101326
101326
101326
101326
101326
101326
101326
101326
101326
101326
101326
101326
101326
101326
101326
101326
101326
101326
101326
101325
101325
101325
101325
101325
101325
101325
101325
101325
101325
101325
101325
101325
101325
101325
101325
101325
101325
101325
101325
101325
101325
101325
101325
101325
101325
101325
101325
101325
101325
101325
101325
101325
101325
101325
101325
101325
101325
101325
101325
101325
101325
101325
101325
101325
101325
101325
101325
101325
101325
101325
101325
101325
101325
101325
101325
101325
101325
101325
101325
101325
101325
101325
101325
101325
101325
101325
101325
101325
101325
101325
101325
101325
101325
101325
101325
101325
101325
101325
101325
101325
101325
101325
101325
101325
101325
101325
101325
101325
101325
101325
101325
101325
101325
101325
101325
101325
101325
101325
101325
101325
101325
101325
101325
101325
101325
101325
101325
101325
101325
101325
101325
101325
101325
101325
101325
101325
101325
101325
101325
101325
101325
101325
101325
101325
101325
101325
101325
101325
101325
101325
101325
101325
101325
101325
101325
101325
101325
101325
101325
101325
101325
101325
101325
101325
101325
101325
101325
101325
101325
101325
101325
101325
101325
101325
101325
101325
101325
101325
101325
101325
101325
101325
101325
101325
101325
101325
101325
101325
101325
101325
101325
101325
101325
101325
101325
101325
101325
101325
101325
101325
101325
101325
101325
101325
101325
101325
101325
101325
101325
101325
101325
101325
101325
101325
101325
101325
101325
101325
101325
101325
101325
101325
101325
101325
101325
101325
101325
101325
101325
101325
101325
101325
101325
101325
101325
101325
101325
101325
101325
101325
101325
101325
101325
101325
101325
101325
101325
101325
101325
101325
101325
101325
101325
101325
101325
101325
101325
101325
101325
101325
101325
101325
101325
101325
101325
101325
101325
101325
101325
101325
101325
101325
101325
101325
101325
101325
101325
101325
101325
101325
101325
101325
101325
101325
101325
101325
101325
101325
101325
101325
101325
101325
101325
101325
)
;

boundaryField
{
    leftWall
    {
        type            zeroGradient;
    }
    rightWall
    {
        type            zeroGradient;
    }
    lowerWall
    {
        type            zeroGradient;
    }
    atmosphere
    {
        type            fixedValue;
        value           uniform 101325;
    }
    defaultFaces
    {
        type            empty;
    }
}


// ************************************************************************* //
