/*--------------------------------*- C++ -*----------------------------------*\
| =========                 |                                                 |
| \\      /  F ield         | OpenFOAM: The Open Source CFD Toolbox           |
|  \\    /   O peration     | Version:  2012                                  |
|   \\  /    A nd           | Website:  www.openfoam.com                      |
|    \\/     M anipulation  |                                                 |
\*---------------------------------------------------------------------------*/
FoamFile
{
    version     2.0;
    format      ascii;
    class       surfaceScalarField;
    location    "0.1";
    object      phi;
}
// * * * * * * * * * * * * * * * * * * * * * * * * * * * * * * * * * * * * * //

dimensions      [0 3 -1 0 0 0 0];
oriented        oriented;


internalField   nonuniform List<scalar> 
4432
(
4.74563e-06
-4.74563e-06
1.05543e-05
-5.80867e-06
1.61668e-05
-5.61256e-06
2.1786e-05
-5.61912e-06
2.75984e-05
-5.81242e-06
3.36879e-05
-6.08957e-06
4.01235e-05
-6.43559e-06
4.6968e-05
-6.84447e-06
5.43331e-05
-7.36513e-06
6.22759e-05
-7.94277e-06
7.09123e-05
-8.63638e-06
8.03456e-05
-9.43327e-06
9.08545e-05
-1.0509e-05
0.0001027
-1.18455e-05
0.000115061
-1.23608e-05
0.000125599
-1.05378e-05
0.000132621
-7.02247e-06
0.00013749
-4.8686e-06
0.000142767
-5.27724e-06
0.000144341
-1.57383e-06
0.000116875
2.74655e-05
5.22457e-05
6.46295e-05
5.22457e-05
4.76381e-06
-9.50944e-06
1.05568e-05
-1.16016e-05
1.61697e-05
-1.12255e-05
2.179e-05
-1.12393e-05
2.75985e-05
-1.1621e-05
3.36817e-05
-1.21727e-05
4.01063e-05
-1.28602e-05
4.69428e-05
-1.36809e-05
5.42852e-05
-1.47075e-05
6.22011e-05
-1.58587e-05
7.08427e-05
-1.7278e-05
8.02776e-05
-1.88681e-05
9.05981e-05
-2.08295e-05
0.000102126
-2.33733e-05
0.000114637
-2.48716e-05
0.000126844
-2.27447e-05
0.000137241
-1.74192e-05
0.000144937
-1.25652e-05
0.000151195
-1.15352e-05
0.000158101
-8.47958e-06
0.000150788
3.47781e-05
0.00010105
0.000114367
0.000153296
4.76093e-06
-1.42704e-05
1.05146e-05
-1.73553e-05
1.60965e-05
-1.68074e-05
2.16898e-05
-1.68326e-05
2.74676e-05
-1.73988e-05
3.35158e-05
-1.82209e-05
3.98996e-05
-1.9244e-05
4.66925e-05
-2.04739e-05
5.3979e-05
-2.1994e-05
6.18364e-05
-2.3716e-05
7.04414e-05
-2.5883e-05
7.98316e-05
-2.82583e-05
9.00272e-05
-3.10252e-05
0.000101406
-3.47521e-05
0.000114119
-3.75844e-05
0.000127788
-3.64143e-05
0.000142008
-3.16384e-05
0.000155309
-2.58666e-05
0.000159289
-1.55149e-05
0.000153756
-2.94647e-06
0.00014518
4.33542e-05
0.000109419
0.000150128
0.000262715
4.75079e-06
-1.90211e-05
1.04527e-05
-2.30572e-05
1.59883e-05
-2.23431e-05
2.15407e-05
-2.2385e-05
2.72744e-05
-2.31325e-05
3.32727e-05
-2.42192e-05
3.95994e-05
-2.55706e-05
4.63287e-05
-2.72032e-05
5.35415e-05
-2.92068e-05
6.13204e-05
-3.1495e-05
6.98525e-05
-3.44151e-05
7.91669e-05
-3.75727e-05
8.92911e-05
-4.11493e-05
0.000100689
-4.61503e-05
0.000113812
-5.07071e-05
0.000128771
-5.13734e-05
0.000144706
-4.75735e-05
0.000158242
-3.94028e-05
0.000161396
-1.86684e-05
0.000148489
9.96069e-06
0.000124565
6.72779e-05
9.63273e-05
0.000178366
0.000359042
4.73323e-06
-2.37544e-05
1.03703e-05
-2.86942e-05
1.58457e-05
-2.78185e-05
2.13439e-05
-2.78833e-05
2.70205e-05
-2.88091e-05
3.29553e-05
-3.0154e-05
3.92097e-05
-3.1825e-05
4.58595e-05
-3.3853e-05
5.29806e-05
-3.6328e-05
6.0665e-05
-3.91794e-05
6.91053e-05
-4.28553e-05
7.83224e-05
-4.67899e-05
8.8387e-05
-5.12139e-05
9.9862e-05
-5.76253e-05
0.000113637
-6.44819e-05
0.000130329
-6.8066e-05
0.000148211
-6.54552e-05
0.000156898
-4.80901e-05
0.000151559
-1.33288e-05
0.000134682
2.68375e-05
0.000100087
0.000101873
7.4496e-05
0.000203957
0.000433538
4.71014e-06
-2.84645e-05
1.02707e-05
-3.42547e-05
1.56743e-05
-3.32222e-05
2.11083e-05
-3.33173e-05
2.67189e-05
-3.44196e-05
3.25812e-05
-3.60164e-05
3.8755e-05
-3.79988e-05
4.53173e-05
-4.04152e-05
5.234e-05
-4.33507e-05
5.99218e-05
-4.67612e-05
6.82641e-05
-5.11976e-05
7.73854e-05
-5.59112e-05
8.7385e-05
-6.12135e-05
9.88783e-05
-6.91186e-05
0.000113331
-7.89342e-05
0.000131585
-8.63207e-05
0.000150303
-8.41729e-05
0.00014724
-4.50269e-05
0.000129346
4.56535e-06
0.000103371
5.28129e-05
7.83159e-05
0.000126927
5.37473e-05
0.000228525
0.000487285
4.68753e-06
-3.3152e-05
1.01574e-05
-3.97246e-05
1.54795e-05
-3.85443e-05
2.08428e-05
-3.86805e-05
2.63817e-05
-3.99585e-05
3.21659e-05
-4.18006e-05
3.82535e-05
-4.40864e-05
4.47205e-05
-4.68823e-05
5.16385e-05
-5.02687e-05
5.91085e-05
-5.42312e-05
6.73269e-05
-5.9416e-05
7.62982e-05
-6.48825e-05
8.61474e-05
-7.10627e-05
9.75762e-05
-8.05474e-05
0.000112396
-9.37536e-05
0.000131165
-0.00010509
0.000141579
-9.45871e-05
0.000130692
-3.41397e-05
0.000104112
3.11452e-05
7.65713e-05
8.03534e-05
5.88237e-05
0.000144674
4.65136e-05
0.000240836
0.000533799
4.66602e-06
-3.78181e-05
1.00234e-05
-4.5082e-05
1.52543e-05
-4.37752e-05
2.05372e-05
-4.39635e-05
2.59931e-05
-4.54144e-05
3.16851e-05
-4.74926e-05
3.7669e-05
-5.00702e-05
4.40185e-05
-5.32319e-05
5.07997e-05
-5.70499e-05
5.81225e-05
-6.1554e-05
6.6162e-05
-6.74555e-05
7.48703e-05
-7.35907e-05
8.44044e-05
-8.05968e-05
9.56818e-05
-9.18248e-05
0.000110311
-0.000108383
0.000127737
-0.000122515
0.000130329
-9.71798e-05
0.000113552
-1.73627e-05
8.50773e-05
5.96198e-05
5.79976e-05
0.000107433
4.30271e-05
0.000159645
3.67597e-05
0.000247103
0.000570559
9.40699e-07
-9.40699e-07
4.59466e-06
-3.65386e-06
7.84879e-06
-3.25412e-06
1.00444e-05
-2.19565e-06
1.12419e-05
-1.1975e-06
1.1656e-05
-4.14192e-07
1.15168e-05
1.39334e-07
1.10158e-05
5.00813e-07
1.02866e-05
7.29283e-07
9.41053e-06
8.75763e-07
8.4444e-06
9.66166e-07
7.42474e-06
1.0194e-06
6.3763e-06
1.04848e-06
5.31376e-06
1.06239e-06
4.24673e-06
1.06708e-06
3.17942e-06
1.06715e-06
2.11484e-06
1.06474e-06
1.05304e-06
1.06156e-06
1.05324e-06
8.71534e-07
-1.81222e-06
4.86872e-06
-7.65098e-06
8.39509e-06
-6.78046e-06
1.07158e-05
-4.5165e-06
1.19569e-05
-2.43847e-06
1.24164e-05
-8.74036e-07
1.23332e-05
2.22763e-07
1.18452e-05
9.88461e-07
1.10832e-05
1.49133e-06
1.0147e-05
1.8115e-06
9.10597e-06
2.00725e-06
8.0043e-06
2.12072e-06
6.87127e-06
2.18157e-06
5.72381e-06
2.20962e-06
4.57275e-06
2.21834e-06
3.42249e-06
2.21707e-06
2.27611e-06
2.21141e-06
1.13185e-06
2.20516e-06
2.18527e-06
5.11095e-07
-2.32331e-06
4.84722e-06
-1.19871e-05
8.68612e-06
-1.06193e-05
1.10634e-05
-6.89397e-06
1.2235e-05
-3.60986e-06
1.25899e-05
-1.22914e-06
1.23949e-05
4.17958e-07
1.1829e-05
1.55404e-06
1.10233e-05
2.29711e-06
1.00666e-05
2.76774e-06
9.01965e-06
3.0543e-06
7.92086e-06
3.21926e-06
6.79589e-06
3.30667e-06
5.65931e-06
3.34598e-06
4.52057e-06
3.35724e-06
3.38324e-06
3.35403e-06
2.24998e-06
3.34497e-06
1.11904e-06
3.33558e-06
3.30445e-06
-8.7772e-08
-2.23552e-06
4.74044e-06
-1.68152e-05
9.1574e-06
-1.50362e-05
1.16127e-05
-9.3494e-06
1.26646e-05
-4.66153e-06
1.28896e-05
-1.45432e-06
1.25889e-05
7.18828e-07
1.19451e-05
2.19755e-06
1.10864e-05
3.15592e-06
1.00959e-05
3.75786e-06
9.02852e-06
4.12177e-06
7.91832e-06
4.32925e-06
6.78768e-06
4.43737e-06
5.64912e-06
4.48429e-06
4.51068e-06
4.49585e-06
3.37503e-06
4.48936e-06
2.24421e-06
4.47607e-06
1.11629e-06
4.46309e-06
4.42086e-06
-1.39949e-06
-8.36034e-07
4.53008e-06
-2.27447e-05
9.85712e-06
-2.03632e-05
1.23982e-05
-1.18906e-05
1.32524e-05
-5.51554e-06
1.32918e-05
-1.49392e-06
1.28535e-05
1.15736e-06
1.21127e-05
2.9381e-06
1.11881e-05
4.08063e-06
1.01544e-05
4.79132e-06
9.05946e-06
5.21676e-06
7.93235e-06
5.45613e-06
6.79182e-06
5.57794e-06
5.64803e-06
5.62788e-06
4.50732e-06
5.63674e-06
3.37132e-06
5.62504e-06
2.24123e-06
5.60639e-06
1.11482e-06
5.5892e-06
5.5358e-06
-1.38011e-06
5.44077e-07
5.11562e-06
-2.92404e-05
1.09633e-05
-2.62109e-05
1.34423e-05
-1.43698e-05
1.40004e-05
-6.07347e-06
1.37877e-05
-1.28125e-06
1.31737e-05
1.77148e-06
1.2314e-05
3.7977e-06
1.13098e-05
5.08487e-06
1.02243e-05
5.87666e-06
9.09636e-06
6.34471e-06
7.94901e-06
6.60332e-06
6.79662e-06
6.73041e-06
5.64653e-06
6.77779e-06
4.50307e-06
6.78034e-06
3.36667e-06
6.76116e-06
2.23752e-06
6.73573e-06
1.11294e-06
6.71359e-06
6.64885e-06
2.48602e-06
-1.94193e-06
8.21086e-06
-3.49652e-05
1.28074e-05
-3.08073e-05
1.47202e-05
-1.62826e-05
1.48832e-05
-6.2363e-06
1.43665e-05
-7.6461e-07
1.35403e-05
2.59771e-06
1.25419e-05
4.79607e-06
1.14465e-05
6.1803e-06
1.0302e-05
7.02095e-06
9.13682e-06
7.50993e-06
7.96668e-06
7.77336e-06
6.80099e-06
7.89617e-06
5.6439e-06
7.93471e-06
4.49746e-06
7.92687e-06
3.3608e-06
7.8976e-06
2.23291e-06
7.8638e-06
1.11059e-06
7.83583e-06
7.75955e-06
6.8404e-06
-8.78233e-06
1.2691e-05
-4.08157e-05
1.53469e-05
-3.34631e-05
1.61883e-05
-1.7124e-05
1.58495e-05
-5.89724e-06
1.50013e-05
8.35801e-08
1.39412e-05
3.65797e-06
1.27887e-05
5.94851e-06
1.15934e-05
7.37567e-06
1.03848e-05
8.22945e-06
9.17923e-06
8.71552e-06
7.98451e-06
8.96803e-06
6.80452e-06
9.0762e-06
5.63999e-06
9.0991e-06
4.49048e-06
9.07643e-06
3.3537e-06
9.03427e-06
2.22742e-06
8.99024e-06
1.1078e-06
8.95545e-06
8.86742e-06
9.72904e-06
-4.75471e-05
2.07758e-05
-5.61287e-05
3.15163e-05
-5.45158e-05
4.24025e-05
-5.48497e-05
5.36449e-05
-5.66569e-05
6.53433e-05
-5.91909e-05
7.76105e-05
-6.23375e-05
9.05646e-05
-6.61859e-05
0.000104381
-7.08666e-05
0.000119218
-7.63906e-05
0.000135376
-8.36138e-05
0.000152785
-9.1e-05
0.000172498
-0.000100309
0.00019714
-0.000116466
0.000225683
-0.000136926
0.000244112
-0.000140945
0.000222733
-7.58001e-05
0.00016943
3.59399e-05
0.000116311
0.000112739
7.65344e-05
0.00014721
5.81762e-05
0.000178003
7.52215e-05
0.000230058
0.000464207
0.000181573
9.45212e-06
-5.69992e-05
1.98694e-05
-6.65459e-05
3.00421e-05
-6.46885e-05
4.03841e-05
-6.51917e-05
5.10443e-05
-6.7317e-05
6.20948e-05
-7.02414e-05
7.36241e-05
-7.38669e-05
8.57355e-05
-7.82974e-05
9.8549e-05
-8.36801e-05
0.000112211
-9.00528e-05
0.000126924
-9.83264e-05
0.000142455
-0.000106531
0.000160224
-0.000118079
0.000182433
-0.000138675
0.000205343
-0.000159837
0.00019826
-0.000133862
0.000150994
-2.85338e-05
9.4497e-05
9.24367e-05
6.0284e-05
0.000146951
4.46796e-05
0.000162815
4.64739e-05
0.000176208
7.5841e-05
0.000200691
0.000339228
0.00020082
9.09923e-06
-6.60985e-05
1.88116e-05
-7.62583e-05
2.83415e-05
-7.42184e-05
3.80622e-05
-7.49124e-05
4.80541e-05
-7.7309e-05
5.83612e-05
-8.05484e-05
6.90493e-05
-8.4555e-05
8.01953e-05
-8.94434e-05
9.18716e-05
-9.53564e-05
0.000104184
-0.000102365
0.000117219
-0.000111362
0.000130651
-0.000119962
0.000146354
-0.000133783
0.000164405
-0.000156725
0.000174155
-0.000169587
0.000151121
-0.000110827
8.56491e-05
3.69377e-05
4.62367e-05
0.000131849
3.46407e-05
0.000158547
3.49759e-05
0.000162479
4.40523e-05
0.000167132
6.64398e-05
0.000178303
0.000235958
0.00016971
8.66782e-06
-7.47663e-05
1.7619e-05
-8.52094e-05
2.64547e-05
-8.30541e-05
3.54906e-05
-8.39483e-05
4.47441e-05
-8.65625e-05
5.42346e-05
-9.00389e-05
6.4006e-05
-9.43264e-05
7.41053e-05
-9.95427e-05
8.45627e-05
-0.000105814
9.54336e-05
-0.000113236
0.000106675
-0.000122603
0.000117972
-0.00013126
0.0001314
-0.00014721
0.000145026
-0.000170352
0.000142753
-0.000167314
9.54688e-05
-6.35432e-05
3.9688e-05
9.27184e-05
2.29507e-05
0.000148586
2.59658e-05
0.000155532
3.33075e-05
0.000155138
4.40027e-05
0.000156437
6.30957e-05
0.00015921
0.000172555
0.000126499
8.16639e-06
-8.29327e-05
1.63175e-05
-9.33605e-05
2.44247e-05
-9.11613e-05
3.27292e-05
-9.22528e-05
4.11951e-05
-9.50284e-05
4.98223e-05
-9.86661e-05
5.86351e-05
-0.000103139
6.76529e-05
-0.000108561
7.68709e-05
-0.000115032
8.63012e-05
-0.000122666
9.57898e-05
-0.000132091
0.000105133
-0.000140603
0.000116134
-0.000158211
0.000124866
-0.000179084
0.000107957
-0.000150404
4.73155e-05
-2.90171e-06
1.4748e-05
0.000125286
1.54269e-05
0.000147907
2.4276e-05
0.000146683
3.39726e-05
0.000145441
4.57023e-05
0.000144707
6.23151e-05
0.000142597
0.000140446
9.44231e-05
7.60373e-06
-9.05364e-05
1.49337e-05
-0.00010069
2.22921e-05
-9.85197e-05
2.98343e-05
-9.9795e-05
3.74825e-05
-0.000102677
4.52232e-05
-0.000106407
5.30639e-05
-0.00011098
6.10016e-05
-0.000116498
6.90065e-05
-0.000123037
7.70614e-05
-0.000130721
8.49515e-05
-0.000139981
9.2674e-05
-0.000148326
0.000101206
-0.000166743
0.000105044
-0.000182922
8.17887e-05
-0.000127149
2.08154e-05
5.80714e-05
7.20108e-06
0.0001389
1.48983e-05
0.00014021
2.42537e-05
0.000137327
3.37736e-05
0.000135921
4.46156e-05
0.000133865
5.7291e-05
0.000129922
0.000123955
7.37828e-05
6.99054e-06
-9.75269e-05
1.34944e-05
-0.000107194
2.00953e-05
-0.000105121
2.68584e-05
-0.000106558
3.36762e-05
-0.000109494
4.05267e-05
-0.000113257
4.74041e-05
-0.000117857
5.42891e-05
-0.000123383
6.11368e-05
-0.000129884
6.79124e-05
-0.000137497
7.43792e-05
-0.000146448
8.07132e-05
-0.00015466
8.70274e-05
-0.000173057
8.81685e-05
-0.000184063
5.18068e-05
-9.07875e-05
6.50424e-06
0.000103374
6.50687e-06
0.000138898
1.53455e-05
0.000131371
2.34051e-05
0.000129268
3.16998e-05
0.000127627
4.0702e-05
0.000124863
5.02348e-05
0.000120389
0.000113718
6.04716e-05
6.34e-06
-0.000103867
1.20245e-05
-0.000112879
1.78688e-05
-0.000110965
2.3848e-05
-0.000112537
2.98367e-05
-0.000115483
3.58079e-05
-0.000119228
4.17463e-05
-0.000123796
4.76209e-05
-0.000129258
5.33806e-05
-0.000135644
5.89809e-05
-0.000143097
6.41918e-05
-0.000151659
6.93249e-05
-0.000159793
7.39397e-05
-0.000177672
7.27694e-05
-0.000182893
1.71535e-05
-3.51718e-05
-3.43495e-06
0.000123963
6.98904e-06
0.000128474
1.47015e-05
0.000123659
2.15907e-05
0.000122379
2.86731e-05
0.000120544
3.59951e-05
0.000117541
4.33657e-05
0.000113018
0.000106628
5.04559e-05
5.66523e-06
-0.000109532
1.05474e-05
-0.000117761
1.5643e-05
-0.00011606
2.08435e-05
-0.000117738
2.60156e-05
-0.000120655
3.11294e-05
-0.000124342
3.61623e-05
-0.000128829
4.10763e-05
-0.000134172
4.58188e-05
-0.000140387
5.03404e-05
-0.000147619
5.44411e-05
-0.00015576
5.84977e-05
-0.000163849
6.16402e-05
-0.000180814
5.58905e-05
-0.000177143
-5.11923e-06
2.58382e-05
-6.62606e-06
0.000125469
6.24986e-06
0.000115597
1.33984e-05
0.00011651
1.95769e-05
0.0001162
2.55242e-05
0.000114597
3.13582e-05
0.000111707
3.69726e-05
0.000107404
0.000101592
4.20081e-05
4.97844e-06
-0.000114511
9.08174e-06
-0.000121864
1.34423e-05
-0.000120421
1.78777e-05
-0.000122173
2.22536e-05
-0.000125031
2.65393e-05
-0.000128628
3.07064e-05
-0.000132996
3.47134e-05
-0.000138179
3.85083e-05
-0.000144182
4.20367e-05
-0.000151147
4.51468e-05
-0.00015887
4.81488e-05
-0.000166851
5.02462e-05
-0.000182912
3.59164e-05
-0.000162813
-7.88144e-06
6.9636e-05
-7.05757e-07
0.000118293
6.9741e-06
0.000107918
1.29515e-05
0.000110533
1.79566e-05
0.000111195
2.25797e-05
0.000109973
2.69937e-05
0.000107293
3.11387e-05
0.000103259
9.7969e-05
3.47618e-05
4.28715e-06
-0.000118798
7.64119e-06
-0.000125218
1.12857e-05
-0.000124066
1.49754e-05
-0.000125863
1.85812e-05
-0.000128637
2.20731e-05
-0.00013212
2.54189e-05
-0.000136341
2.85768e-05
-0.000141337
3.14981e-05
-0.000147103
3.41144e-05
-0.000153763
3.63238e-05
-0.000161079
3.81953e-05
-0.000168723
4.01112e-05
-0.000184828
1.63221e-05
-0.000139024
-1.49091e-06
8.74487e-05
6.4132e-06
0.000110389
1.00343e-05
0.000104297
1.35283e-05
0.000107039
1.67709e-05
0.000107952
1.98832e-05
0.000106861
2.2931e-05
0.000104245
2.58437e-05
0.000100347
9.53885e-05
2.84242e-05
3.61074e-06
-0.000122408
6.25482e-06
-0.000127862
9.21086e-06
-0.000127022
1.21847e-05
-0.000128837
1.50603e-05
-0.000131513
1.78058e-05
-0.000134865
2.03855e-05
-0.000138921
2.27532e-05
-0.000143705
2.48645e-05
-0.000149214
2.65875e-05
-0.000155486
2.78218e-05
-0.000162314
2.82714e-05
-0.000169173
2.92506e-05
-0.000185807
5.24973e-06
-0.000115024
2.95821e-06
8.97403e-05
1.06085e-05
0.000102739
1.27408e-05
0.000102164
1.42512e-05
0.000105528
1.56959e-05
0.000106507
1.72661e-05
0.000105291
1.90299e-05
0.000102481
2.0894e-05
9.84824e-05
9.36161e-05
2.26664e-05
2.98961e-06
-0.000125398
4.96766e-06
-0.00012984
7.28796e-06
-0.000129342
9.60178e-06
-0.00013115
1.18112e-05
-0.000133722
1.38783e-05
-0.000136932
1.57574e-05
-0.0001408
1.73815e-05
-0.000145329
1.86944e-05
-0.000150527
1.9402e-05
-0.000156194
1.92617e-05
-0.000162173
1.80777e-05
-0.000167989
1.49924e-05
-0.000182721
-9.93166e-06
-9.00996e-05
3.62094e-06
7.6188e-05
1.51076e-05
9.12521e-05
1.57107e-05
0.000101561
1.50278e-05
0.000106211
1.4489e-05
0.000107046
1.44797e-05
0.0001053
1.50524e-05
0.000101909
1.60407e-05
9.7494e-05
9.245e-05
1.72069e-05
2.41312e-06
-0.000127811
3.76539e-06
-0.000131193
5.51802e-06
-0.000131095
7.23669e-06
-0.000132869
8.83187e-06
-0.000135317
1.02623e-05
-0.000138363
1.14646e-05
-0.000142002
1.23452e-05
-0.000146209
1.2821e-05
-0.000151003
1.25972e-05
-0.00015597
1.12101e-05
-0.000160786
1.04465e-05
-0.000167225
4.3026e-07
-0.000172705
-1.12557e-06
-8.85436e-05
2.33916e-05
5.16708e-05
2.49075e-05
8.97363e-05
2.03707e-05
0.000106098
1.59433e-05
0.000110639
1.28414e-05
0.000110148
1.11734e-05
0.000106968
1.06926e-05
0.000102389
1.10195e-05
9.71672e-05
9.16704e-05
1.17992e-05
1.77241e-06
-0.000129584
2.51908e-06
-0.000131939
3.69448e-06
-0.00013227
4.79505e-06
-0.00013397
5.73258e-06
-0.000136255
6.46595e-06
-0.000139096
6.92147e-06
-0.000142458
7.02388e-06
-0.000146312
6.66934e-06
-0.000150648
6.55365e-06
-0.000155855
7.29532e-06
-0.000161528
1.54327e-05
-0.000175362
1.1069e-05
-0.000168341
5.19383e-05
-0.000129413
6.93785e-05
3.42306e-05
4.58823e-05
0.000113232
2.66794e-05
0.000125301
1.61957e-05
0.000121122
9.9986e-06
0.000116345
6.78632e-06
0.000110181
5.55738e-06
0.000103618
5.54995e-06
9.71748e-05
9.09955e-05
6.22493e-06
8.38273e-07
-0.000130422
8.78557e-07
-0.00013198
1.27535e-06
-0.000132667
1.5311e-06
-0.000134225
1.61269e-06
-0.000136336
1.46739e-06
-0.000138951
1.13221e-06
-0.000142123
7.60712e-07
-0.00014594
4.27077e-07
-0.000150315
3.09751e-06
-0.000158525
1.37402e-05
-0.000172171
3.39034e-05
-0.000195526
5.48347e-05
-0.000189273
7.59407e-05
-0.000150519
0.000106797
3.37483e-06
6.43161e-05
0.000155713
2.98301e-05
0.000159787
1.29768e-05
0.000137976
4.40112e-06
0.000124921
5.34714e-07
0.000114047
-7.52538e-07
0.000104906
-6.00041e-07
9.70224e-05
9.0076e-05
3.196e-07
-8.13923e-07
-0.000129608
-2.2319e-06
-0.000130562
-3.23348e-06
-0.000131665
-4.45982e-06
-0.000132999
-5.80332e-06
-0.000134993
-7.15469e-06
-0.0001376
-7.90103e-06
-0.000141377
-7.26062e-06
-0.000146581
-2.95339e-06
-0.000154622
9.8048e-06
-0.000171283
4.09753e-05
-0.000203341
5.27971e-05
-0.000207348
6.87622e-05
-0.000205238
5.7436e-05
-0.000139193
8.76886e-05
-2.68778e-05
5.22513e-05
0.00019115
1.9467e-05
0.000192571
1.7537e-06
0.000155689
-5.73953e-06
0.000132414
-8.41422e-06
0.000116722
-8.65124e-06
0.000105143
-7.62353e-06
9.59948e-05
8.84452e-05
-5.9927e-06
-2.92569e-06
-0.000126682
-6.18469e-06
-0.000127303
-8.64174e-06
-0.000129208
-1.12579e-05
-0.000130383
-1.30025e-05
-0.000133249
-1.36116e-05
-0.000136991
-1.1967e-05
-0.000143021
-7.41401e-06
-0.000151134
2.87719e-06
-0.000164913
2.25723e-05
-0.000190978
4.80302e-05
-0.000228799
6.95947e-05
-0.000228912
5.82139e-05
-0.000193857
2.14355e-05
-0.000102414
2.98198e-06
-8.42426e-06
-1.46907e-06
0.000195601
-1.50112e-05
0.000206113
-2.0294e-05
0.000160972
-2.12664e-05
0.000133387
-2.01707e-05
0.000115626
-1.79874e-05
0.000102959
-1.53347e-05
9.33422e-05
8.56948e-05
-1.25843e-05
-3.53703e-06
-0.000123146
-6.76597e-06
-0.000124074
-1.03038e-05
-0.00012567
-1.31592e-05
-0.000127528
-1.57293e-05
-0.000130679
-1.78575e-05
-0.000134863
-1.94876e-05
-0.000141391
-1.98434e-05
-0.000150778
-1.84007e-05
-0.000166357
-1.45566e-05
-0.000194822
-1.30014e-05
-0.000230354
-7.2963e-06
-0.000234617
-2.63854e-05
-0.000174768
-5.19785e-05
-7.6821e-05
-8.95978e-05
2.9195e-05
-8.32177e-05
0.000189221
-6.20744e-05
0.00018497
-4.87121e-05
0.000147609
-4.00723e-05
0.000124747
-3.35116e-05
0.000109065
-2.80098e-05
9.74577e-05
-2.3275e-05
8.86075e-05
8.15616e-05
-1.91416e-05
-4.24184e-06
-0.000118904
-7.99836e-06
-0.000120318
-1.22063e-05
-0.000121462
-1.64167e-05
-0.000123318
-2.09975e-05
-0.000126098
-2.57532e-05
-0.000130107
-3.13599e-05
-0.000135785
-3.85593e-05
-0.000143579
-4.8853e-05
-0.000156063
-6.60684e-05
-0.000177606
-9.31033e-05
-0.00020332
-0.00011958
-0.00020814
-0.000130612
-0.000163737
-0.000144913
-6.25201e-05
-0.000173101
5.73831e-05
-0.000145016
0.000161136
-0.000100875
0.000140828
-7.42985e-05
0.000121033
-5.76458e-05
0.000108094
-4.60604e-05
9.74799e-05
-3.74449e-05
8.88423e-05
-3.07013e-05
8.1864e-05
7.60714e-05
-2.5211e-05
-4.60464e-06
-0.000114299
-9.11378e-06
-0.000115809
-1.39113e-05
-0.000116665
-1.8992e-05
-0.000118238
-2.46388e-05
-0.000120451
-3.1209e-05
-0.000123537
-3.9392e-05
-0.000127602
-5.01177e-05
-0.000132853
-6.62406e-05
-0.00013994
-9.3515e-05
-0.000150332
-0.000133493
-0.000163341
-0.000177148
-0.000164486
-0.000213518
-0.000127367
-0.000230217
-4.58203e-05
-0.000221577
4.87428e-05
-0.000163796
0.000103355
-0.000117851
9.48835e-05
-8.9366e-05
9.25481e-05
-6.96769e-05
8.84048e-05
-5.55132e-05
8.33162e-05
-4.49877e-05
7.83169e-05
-3.68496e-05
7.3726e-05
6.95593e-05
-3.03375e-05
-5.04311e-06
-0.000109256
-1.02579e-05
-0.000110594
-1.56689e-05
-0.000111253
-2.15496e-05
-0.000112357
-2.81221e-05
-0.000113878
-3.57964e-05
-0.000115863
-4.50761e-05
-0.000118322
-5.6715e-05
-0.000121214
-7.25427e-05
-0.000124113
-9.63348e-05
-0.00012654
-0.000131954
-0.000127722
-0.000175912
-0.000120527
-0.00021256
-9.07188e-05
-0.000222758
-3.56226e-05
-0.000197105
2.30904e-05
-0.000150614
5.68634e-05
-0.000117605
6.18744e-05
-9.35668e-05
6.85101e-05
-7.50507e-05
6.98888e-05
-6.08949e-05
6.91606e-05
-4.99204e-05
6.73425e-05
-4.12369e-05
6.50426e-05
6.25347e-05
-3.42123e-05
-5.35601e-06
-0.0001039
-1.09149e-05
-0.000105035
-1.67019e-05
-0.000105467
-2.29958e-05
-0.000106064
-3.00245e-05
-0.000106849
-3.81386e-05
-0.000107749
-4.77849e-05
-0.000108675
-5.96109e-05
-0.000109388
-7.44674e-05
-0.000109256
-9.34656e-05
-0.000107542
-0.000118187
-0.000103
-0.000147345
-9.13696e-05
-0.0001711
-6.69635e-05
-0.000175752
-3.09705e-05
-0.000156752
4.0903e-06
-0.000129383
2.94939e-05
-0.000108811
4.13029e-05
-9.0591e-05
5.02901e-05
-7.52281e-05
5.4526e-05
-6.26083e-05
5.65409e-05
-5.22742e-05
5.70086e-05
-4.37838e-05
5.65522e-05
5.54958e-05
-3.67449e-05
-5.55401e-06
-9.83461e-05
-1.1268e-05
-9.93208e-05
-1.72705e-05
-9.94641e-05
-2.3719e-05
-9.96147e-05
-3.08373e-05
-9.97313e-05
-3.88787e-05
-9.97076e-05
-4.81725e-05
-9.93814e-05
-5.91363e-05
-9.84242e-05
-7.20913e-05
-9.63008e-05
-8.71296e-05
-9.25033e-05
-0.000104211
-8.59187e-05
-0.000121802
-7.37781e-05
-0.000134866
-5.38999e-05
-0.000137116
-2.87202e-05
-0.000128273
-4.75278e-06
-0.000112814
1.40351e-05
-9.85995e-05
2.70882e-05
-8.47892e-05
3.64798e-05
-7.25055e-05
4.22424e-05
-6.17926e-05
4.58281e-05
-5.25907e-05
4.78067e-05
-4.47355e-05
4.8697e-05
4.88e-05
-3.80397e-05
-5.60154e-06
-9.27448e-05
-1.13266e-05
-9.35957e-05
-1.73372e-05
-9.34538e-05
-2.37245e-05
-9.32278e-05
-3.06656e-05
-9.27902e-05
-3.83388e-05
-9.20343e-05
-4.69422e-05
-9.07781e-05
-5.66472e-05
-8.8719e-05
-6.75126e-05
-8.54352e-05
-7.95255e-05
-8.04904e-05
-9.23371e-05
-7.31071e-05
-0.000104189
-6.19265e-05
-0.000111816
-4.62727e-05
-0.000112751
-2.7785e-05
-0.000107706
-9.79734e-06
-9.88803e-05
5.20925e-06
-8.87936e-05
1.70015e-05
-7.83236e-05
2.60098e-05
-6.84861e-05
3.24049e-05
-5.95153e-05
3.68573e-05
-5.15176e-05
3.9809e-05
-4.44683e-05
4.16476e-05
4.26375e-05
-3.83057e-05
-5.51582e-06
-8.72291e-05
-1.116e-05
-8.79523e-05
-1.70128e-05
-8.76006e-05
-2.31793e-05
-8.70613e-05
-2.97716e-05
-8.6198e-05
-3.69029e-05
-8.49032e-05
-4.46762e-05
-8.30048e-05
-5.31326e-05
-8.02624e-05
-6.21904e-05
-7.63773e-05
-7.16656e-05
-7.10152e-05
-8.11116e-05
-6.36611e-05
-8.93529e-05
-5.36851e-05
-9.45681e-05
-4.10574e-05
-9.5468e-05
-2.68849e-05
-9.23756e-05
-1.28897e-05
-8.65586e-05
-6.07738e-07
-7.9421e-05
9.86394e-06
-7.15875e-05
1.81763e-05
-6.37845e-05
2.4602e-05
-5.63639e-05
2.94366e-05
-4.95179e-05
3.29629e-05
-4.33118e-05
3.54415e-05
3.70871e-05
-3.77614e-05
-5.31528e-06
-8.19134e-05
-1.07754e-05
-8.2492e-05
-1.63663e-05
-8.20102e-05
-2.22007e-05
-8.12264e-05
-2.83426e-05
-8.00561e-05
-3.48506e-05
-7.8395e-05
-4.17574e-05
-7.60975e-05
-4.90351e-05
-7.29849e-05
-5.65651e-05
-6.88473e-05
-6.41312e-05
-6.34489e-05
-7.12928e-05
-5.64994e-05
-7.72222e-05
-4.77555e-05
-8.09207e-05
-3.73587e-05
-8.17801e-05
-2.60255e-05
-7.99021e-05
-1.47675e-05
-7.60784e-05
-4.43137e-06
-7.08464e-05
4.63192e-06
-6.49158e-05
1.22457e-05
-5.87551e-05
1.84412e-05
-5.26803e-05
2.33617e-05
-4.68959e-05
2.71784e-05
-4.15133e-05
3.00588e-05
3.21681e-05
-3.65943e-05
-5.04191e-06
-7.68721e-05
-1.02159e-05
-7.73174e-05
-1.548e-05
-7.67463e-05
-2.09144e-05
-7.57914e-05
-2.65552e-05
-7.44154e-05
-3.24226e-05
-7.25273e-05
-3.85075e-05
-7.00123e-05
-4.47503e-05
-6.67422e-05
-5.10214e-05
-6.25761e-05
-5.71066e-05
-5.73634e-05
-6.26478e-05
-5.09581e-05
-6.7103e-05
-4.33002e-05
-6.98957e-05
-3.45659e-05
-7.06968e-05
-2.52243e-05
-6.95697e-05
-1.58946e-05
-6.69024e-05
-7.09864e-06
-6.30934e-05
8.22905e-07
-5.8569e-05
7.72125e-06
-5.36948e-05
1.35669e-05
-4.87387e-05
1.84055e-05
-4.38894e-05
2.2329e-05
-3.92699e-05
2.54393e-05
2.7861e-05
-3.49629e-05
-4.72593e-06
-7.21461e-05
-9.54517e-06
-7.24984e-05
-1.44375e-05
-7.18536e-05
-1.94355e-05
-7.07933e-05
-2.45578e-05
-6.92933e-05
-2.98011e-05
-6.72839e-05
-3.51332e-05
-6.468e-05
-4.0483e-05
-6.13924e-05
-4.57275e-05
-5.73314e-05
-5.0679e-05
-5.24118e-05
-5.50629e-05
-4.65743e-05
-5.85253e-05
-3.98378e-05
-6.0726e-05
-3.23651e-05
-6.14755e-05
-2.44746e-05
-6.0807e-05
-1.65631e-05
-5.89196e-05
-8.98594e-06
-5.61046e-05
-1.9922e-06
-5.26279e-05
4.24448e-06
-4.87613e-05
9.70027e-06
-4.47217e-05
1.43658e-05
-4.06738e-05
1.82811e-05
-3.67368e-05
2.15023e-05
2.4123e-05
-3.29989e-05
-4.38394e-06
-6.77617e-05
-8.81748e-06
-6.8065e-05
-1.33092e-05
-6.7362e-05
-1.78566e-05
-6.6246e-05
-2.24652e-05
-6.46847e-05
-2.71187e-05
-6.26305e-05
-3.17747e-05
-6.0024e-05
-3.63609e-05
-5.68062e-05
-4.07678e-05
-5.29245e-05
-4.48413e-05
-4.83384e-05
-4.83785e-05
-4.30372e-05
-5.1146e-05
-3.70702e-05
-5.29353e-05
-3.05756e-05
-5.36328e-05
-2.37771e-05
-5.32531e-05
-1.69429e-05
-5.19121e-05
-1.03269e-05
-4.97968e-05
-4.10756e-06
-4.71065e-05
1.55413e-06
-4.40289e-05
6.62255e-06
-4.07362e-05
1.10731e-05
-3.73669e-05
1.49118e-05
-3.40286e-05
1.8164e-05
2.09008e-05
-3.08065e-05
-4.0193e-06
-6.37425e-05
-8.06185e-06
-6.40223e-05
-1.21399e-05
-6.32843e-05
-1.62387e-05
-6.2147e-05
-2.03529e-05
-6.05704e-05
-2.44594e-05
-5.85243e-05
-2.8513e-05
-5.59704e-05
-3.24464e-05
-5.28728e-05
-3.6166e-05
-4.9205e-05
-3.95496e-05
-4.49549e-05
-4.24496e-05
-4.01372e-05
-4.47096e-05
-3.48102e-05
-4.61975e-05
-2.90876e-05
-4.68413e-05
-2.31334e-05
-4.66467e-05
-1.71375e-05
-4.56904e-05
-1.12833e-05
-4.40815e-05
-5.71639e-06
-4.19898e-05
-5.37573e-07
-3.95302e-05
4.16285e-06
-3.68445e-05
8.3874e-06
-3.40458e-05
1.21131e-05
-3.12269e-05
1.53453e-05
1.81392e-05
-2.84652e-05
-3.63707e-06
-6.01054e-05
-7.29155e-06
-6.03678e-05
-1.09565e-05
-5.96195e-05
-1.46194e-05
-5.84839e-05
-1.82663e-05
-5.69236e-05
-2.18707e-05
-5.49201e-05
-2.53893e-05
-5.24517e-05
-2.87622e-05
-4.94998e-05
-3.19119e-05
-4.60555e-05
-3.47432e-05
-4.21237e-05
-3.7149e-05
-3.77314e-05
-3.90225e-05
-3.29367e-05
-4.02772e-05
-2.7833e-05
-4.08663e-05
-2.25443e-05
-4.07935e-05
-1.72103e-05
-4.01089e-05
-1.19678e-05
-3.88891e-05
-6.93622e-06
-3.72409e-05
-2.18582e-06
-3.52705e-05
2.19241e-06
-3.30793e-05
6.19624e-06
-3.07592e-05
9.79305e-06
-2.83885e-05
1.29746e-05
1.57851e-05
-2.60342e-05
-3.24584e-06
-5.68595e-05
-6.5167e-06
-5.70973e-05
-9.77852e-06
-5.63578e-05
-1.30236e-05
-5.52388e-05
-1.62326e-05
-5.37146e-05
-1.93781e-05
-5.17746e-05
-2.24206e-05
-4.9409e-05
-2.53087e-05
-4.66118e-05
-2.79791e-05
-4.33852e-05
-3.03587e-05
-3.97441e-05
-3.23695e-05
-3.57206e-05
-3.39373e-05
-3.1369e-05
-3.5004e-05
-2.67664e-05
-3.55388e-05
-2.20095e-05
-3.5544e-05
-1.7205e-05
-3.50531e-05
-1.24588e-05
-3.41238e-05
-7.86548e-06
-3.28195e-05
-3.49015e-06
-3.1241e-05
6.13904e-07
-2.94543e-05
4.40958e-06
-2.75359e-05
7.8747e-06
-2.55511e-05
1.09898e-05
1.37898e-05
-2.35558e-05
-2.85904e-06
-5.40005e-05
-5.75022e-06
-5.42063e-05
-8.62283e-06
-5.34852e-05
-1.14695e-05
-5.23922e-05
-1.42688e-05
-5.0915e-05
-1.69942e-05
-4.90492e-05
-1.96104e-05
-4.67928e-05
-2.20742e-05
-4.41481e-05
-2.43348e-05
-4.11247e-05
-2.63364e-05
-3.77426e-05
-2.80217e-05
-3.40354e-05
-2.93385e-05
-3.00522e-05
-3.0247e-05
-2.58579e-05
-3.07266e-05
-2.153e-05
-3.07791e-05
-1.71525e-05
-3.04286e-05
-1.28092e-05
-2.97176e-05
-8.57653e-06
-2.86913e-05
-4.51637e-06
-2.74282e-05
-6.49199e-07
-2.59706e-05
2.95203e-06
-2.43901e-05
6.29422e-06
-2.2738e-05
9.33763e-06
1.21107e-05
-2.1059e-05
-2.48484e-06
-5.15156e-05
-5.0041e-06
-5.1687e-05
-7.5023e-06
-5.09871e-05
-9.96953e-06
-4.99249e-05
-1.23847e-05
-4.84997e-05
-1.47229e-05
-4.67111e-05
-1.69536e-05
-4.45624e-05
-1.90408e-05
-4.2061e-05
-2.09445e-05
-3.92211e-05
-2.2622e-05
-3.60651e-05
-2.40312e-05
-3.26262e-05
-2.51349e-05
-2.89486e-05
-2.59055e-05
-2.50874e-05
-2.63291e-05
-2.11063e-05
-2.64079e-05
-1.70736e-05
-2.616e-05
-1.30571e-05
-2.56165e-05
-9.1199e-06
-2.48161e-05
-5.31665e-06
-2.3795e-05
-1.67019e-06
-2.26174e-05
1.77444e-06
-2.13253e-05
5.002e-06
-1.99618e-05
7.97406e-06
1.07111e-05
-1.85625e-05
-2.12705e-06
-4.93884e-05
-4.28547e-06
-4.95286e-05
-6.42362e-06
-4.88489e-05
-8.52907e-06
-4.78194e-05
-1.05823e-05
-4.64465e-05
-1.25608e-05
-4.47328e-05
-1.44387e-05
-4.26847e-05
-1.61867e-05
-4.0313e-05
-1.77736e-05
-3.76342e-05
-1.91667e-05
-3.4672e-05
-2.03352e-05
-3.14578e-05
-2.12522e-05
-2.80315e-05
-2.18987e-05
-2.44409e-05
-2.22654e-05
-2.07396e-05
-2.23546e-05
-1.69844e-05
-2.21801e-05
-1.32316e-05
-2.17651e-05
-9.53473e-06
-2.11403e-05
-5.94115e-06
-2.03299e-05
-2.48053e-06
-1.93851e-05
8.29695e-07
-1.83393e-05
3.95599e-06
-1.72277e-05
6.86232e-06
9.56031e-06
-1.6077e-05
-1.7854e-06
-4.7603e-05
-3.59488e-06
-4.77192e-05
-5.3861e-06
-4.70576e-05
-7.1454e-06
-4.606e-05
-8.85545e-06
-4.47365e-05
-1.04968e-05
-4.30914e-05
-1.20482e-05
-4.11333e-05
-1.34863e-05
-3.88748e-05
-1.47869e-05
-3.63337e-05
-1.59253e-05
-3.35337e-05
-1.68787e-05
-3.05044e-05
-1.76281e-05
-2.72822e-05
-1.81601e-05
-2.3909e-05
-1.84688e-05
-2.04309e-05
-1.85566e-05
-1.68965e-05
-1.84339e-05
-1.33541e-05
-1.81189e-05
-9.84948e-06
-1.76351e-05
-6.42479e-06
-1.70036e-05
-3.11193e-06
-1.62582e-05
8.42368e-08
-1.54249e-05
3.12254e-06
-1.45354e-05
5.97269e-06
8.63299e-06
-1.36081e-05
-1.45703e-06
-4.6146e-05
-2.92905e-06
-4.62469e-05
-4.38532e-06
-4.56012e-05
-5.8121e-06
-4.46332e-05
-7.19476e-06
-4.33538e-05
-8.51743e-06
-4.17686e-05
-9.76311e-06
-3.98875e-05
-1.09138e-05
-3.77241e-05
-1.19509e-05
-3.52967e-05
-1.28562e-05
-3.26284e-05
-1.36133e-05
-2.97474e-05
-1.42086e-05
-2.66869e-05
-1.4633e-05
-2.34846e-05
-1.48829e-05
-2.01811e-05
-1.49605e-05
-1.68189e-05
-1.48742e-05
-1.34401e-05
-1.46381e-05
-1.00854e-05
-1.42704e-05
-6.79225e-06
-1.37896e-05
-3.59274e-06
-1.32149e-05
-4.90529e-07
-1.25707e-05
2.4783e-06
-1.18807e-05
5.28259e-06
7.90946e-06
-1.1157e-05
-1.13656e-06
-4.50094e-05
-2.28388e-06
-4.50992e-05
-3.41792e-06
-4.4467e-05
-4.52567e-06
-4.35254e-05
-5.5957e-06
-4.22837e-05
-6.61574e-06
-4.07485e-05
-7.57284e-06
-3.89304e-05
-8.45349e-06
-3.68436e-05
-9.24404e-06
-3.45063e-05
-9.93151e-06
-3.19409e-05
-1.05044e-05
-2.91744e-05
-1.09538e-05
-2.62376e-05
-1.12738e-05
-2.31647e-05
-1.14623e-05
-1.99926e-05
-1.15218e-05
-1.67593e-05
-1.14591e-05
-1.35027e-05
-1.1285e-05
-1.02594e-05
-1.10138e-05
-7.06327e-06
-1.06611e-05
-3.94545e-06
-1.02376e-05
-9.14078e-07
-9.76463e-06
2.00534e-06
-9.25752e-06
4.77555e-06
7.37521e-06
-8.72312e-06
-8.11015e-07
-4.41981e-05
-1.64508e-06
-4.42651e-05
-2.46689e-06
-4.36452e-05
-3.26632e-06
-4.2726e-05
-4.03579e-06
-4.15141e-05
-4.76682e-06
-4.00175e-05
-5.4502e-06
-3.82471e-05
-6.07626e-06
-3.62176e-05
-6.63541e-06
-3.39471e-05
-7.11871e-06
-3.14575e-05
-7.51853e-06
-2.87745e-05
-7.82909e-06
-2.59271e-05
-8.04698e-06
-2.2947e-05
-8.17163e-06
-1.98681e-05
-8.20564e-06
-1.67253e-05
-8.15478e-06
-1.35535e-05
-8.02775e-06
-1.03863e-05
-7.83595e-06
-7.25499e-06
-7.59294e-06
-4.18843e-06
-7.30683e-06
-1.20016e-06
-6.99326e-06
1.69183e-06
-6.65874e-06
4.44112e-06
7.02076e-06
-6.30416e-06
-4.67085e-07
-4.37309e-05
-9.82708e-07
-4.37496e-05
-1.48599e-06
-4.3142e-05
-1.97236e-06
-4.22396e-05
-2.43926e-06
-4.10473e-05
-2.88261e-06
-3.95742e-05
-3.2971e-06
-3.78327e-05
-3.6768e-06
-3.58379e-05
-4.01566e-06
-3.36081e-05
-4.30796e-06
-3.11651e-05
-4.54875e-06
-2.85337e-05
-4.73421e-06
-2.57417e-05
-4.86208e-06
-2.28192e-05
-4.93198e-06
-1.97983e-05
-4.94571e-06
-1.67116e-05
-4.90739e-06
-1.35918e-05
-4.82353e-06
-1.047e-05
-4.7033e-06
-7.37515e-06
-4.55941e-06
-4.33227e-06
-4.40039e-06
-1.35913e-06
-4.24216e-06
1.53366e-06
-4.0781e-06
4.27714e-06
6.84258e-06
-3.89983e-06
-1.25094e-07
-3.05564e-07
-4.71154e-07
-6.28843e-07
-7.80246e-07
-9.24823e-07
-1.06111e-06
-1.18723e-06
-1.30115e-06
-1.40084e-06
-1.48439e-06
-1.55017e-06
-1.59695e-06
-1.62413e-06
-1.63185e-06
-1.6212e-06
-1.59443e-06
-1.55577e-06
-1.51325e-06
-1.47581e-06
-1.4479e-06
-1.41402e-06
-1.37316e-06
1.88307e-05
0.000162742
-4.57907e-05
6.46214e-05
-5.83838e-05
1.2593e-05
-1.62631e-05
-4.21207e-05
0.000208207
0.000155356
0.000176562
9.62667e-05
0.000147354
4.18017e-05
4.61757e-06
0.000126473
0.000216625
0.00010844
0.000229701
8.31906e-05
0.000219642
5.18606e-05
2.60909e-05
0.000198169
0.000158319
7.66202e-05
0.000175888
6.56222e-05
0.000176395
5.13534e-05
3.82207e-05
0.000164265
0.000109252
6.17917e-05
0.000118951
5.59231e-05
0.000121508
4.87961e-05
4.16264e-05
0.000118103
8.09653e-05
5.46092e-05
8.61763e-05
5.07121e-05
8.87548e-05
4.62176e-05
4.15965e-05
8.87847e-05
6.47624e-05
5.03185e-05
6.80549e-05
4.74196e-05
7.00633e-05
4.42093e-05
4.09326e-05
7.07272e-05
5.3278e-05
4.74966e-05
5.5483e-05
4.52145e-05
5.6931e-05
4.27613e-05
4.028e-05
5.75837e-05
4.39705e-05
4.55344e-05
4.55284e-05
4.36566e-05
4.66075e-05
4.16823e-05
3.9701e-05
4.71867e-05
3.61767e-05
4.41195e-05
3.73196e-05
4.25138e-05
3.81473e-05
4.08546e-05
3.91977e-05
3.86507e-05
2.94501e-05
4.30936e-05
3.02986e-05
4.16654e-05
3.09425e-05
4.02108e-05
3.87627e-05
3.13776e-05
2.34084e-05
4.23516e-05
2.40465e-05
4.10273e-05
2.45599e-05
3.96973e-05
3.83782e-05
2.49444e-05
1.77523e-05
4.18063e-05
1.82518e-05
4.05279e-05
1.86861e-05
3.9263e-05
3.80153e-05
1.9049e-05
1.22368e-05
4.13688e-05
1.26728e-05
4.00919e-05
1.30879e-05
3.88478e-05
3.76311e-05
1.34721e-05
6.66076e-06
4.0933e-05
7.12421e-06
3.96284e-05
7.59531e-06
3.83767e-05
3.71668e-05
8.05961e-06
8.8472e-07
4.03679e-05
1.48696e-06
3.90262e-05
2.1056e-06
3.77581e-05
3.65495e-05
2.72297e-06
-5.13971e-06
3.9515e-05
-4.27211e-06
3.81586e-05
-3.40626e-06
3.68923e-05
3.57e-05
-2.55666e-06
-1.13023e-05
3.82332e-05
-1.00587e-05
3.69151e-05
-8.8586e-06
3.56924e-05
3.45471e-05
-7.70551e-06
-1.73498e-05
3.64415e-05
-1.56699e-05
3.52354e-05
-1.40914e-05
3.41141e-05
3.30634e-05
-1.26075e-05
-2.29269e-05
3.41575e-05
-2.08274e-05
3.3136e-05
-1.88876e-05
3.21743e-05
3.12697e-05
-1.70939e-05
-2.76761e-05
3.14962e-05
-2.5249e-05
3.07088e-05
-2.30247e-05
2.99501e-05
2.92315e-05
-2.09865e-05
-3.13446e-05
2.86284e-05
-2.87273e-05
2.80914e-05
-2.63318e-05
2.75546e-05
2.70399e-05
-2.41403e-05
-3.38437e-05
2.57272e-05
-3.11792e-05
2.5427e-05
-2.87312e-05
2.51066e-05
2.47913e-05
-2.64825e-05
-3.52388e-05
2.29263e-05
-3.26436e-05
2.28319e-05
-3.02423e-05
2.27054e-05
2.25692e-05
-2.80202e-05
-3.56874e-05
2.03081e-05
-3.32385e-05
2.0383e-05
-3.09533e-05
2.04202e-05
2.04359e-05
-2.88201e-05
-3.53679e-05
1.79146e-05
-3.31086e-05
1.81238e-05
-3.0982e-05
1.82935e-05
1.8433e-05
-2.89791e-05
-3.44427e-05
1.57631e-05
-3.2394e-05
1.6075e-05
-3.04488e-05
1.63482e-05
1.65852e-05
-2.86011e-05
-3.3054e-05
1.38542e-05
-3.12211e-05
1.4242e-05
-2.94663e-05
1.45932e-05
1.49051e-05
-2.77862e-05
-3.13224e-05
1.21777e-05
-2.97e-05
1.26195e-05
-2.81346e-05
1.30278e-05
1.33954e-05
-2.6625e-05
-2.93459e-05
1.07172e-05
-2.79223e-05
1.11959e-05
-2.65388e-05
1.16442e-05
1.20523e-05
-2.51957e-05
-2.72012e-05
9.4532e-06
-2.59612e-05
9.9559e-06
-2.47483e-05
1.04313e-05
1.08678e-05
-2.35639e-05
-2.49468e-05
8.36584e-06
-2.38741e-05
8.88306e-06
-2.28186e-05
9.37575e-06
9.83167e-06
-2.17825e-05
-2.26261e-05
7.43601e-06
-2.17042e-05
7.96112e-06
-2.07925e-05
8.46398e-06
8.93271e-06
-1.98937e-05
-2.02696e-05
6.64644e-06
-1.94835e-05
7.17499e-06
-1.87026e-05
7.68302e-06
8.15986e-06
-1.79298e-05
-1.78982e-05
5.98213e-06
-1.72345e-05
6.51127e-06
-1.65726e-05
7.02108e-06
7.50275e-06
-1.59154e-05
-1.55254e-05
5.43048e-06
-1.49725e-05
5.95852e-06
-1.44193e-05
6.46791e-06
6.95213e-06
-1.38686e-05
-1.31587e-05
4.98126e-06
-1.27074e-05
5.5073e-06
-1.22543e-05
6.01496e-06
6.50015e-06
-1.18022e-05
-1.08022e-05
4.62655e-06
-1.04449e-05
5.15021e-06
-1.00852e-05
5.65541e-06
6.14036e-06
-9.72537e-06
-8.45695e-06
4.36054e-06
-8.18834e-06
4.88173e-06
-7.91694e-06
5.38413e-06
5.86783e-06
-7.64434e-06
-6.12292e-06
4.17941e-06
-5.93923e-06
4.69813e-06
-5.75261e-06
5.19759e-06
5.67901e-06
-5.56373e-06
-3.80197e-06
4.08161e-06
-3.70165e-06
4.59787e-06
-3.59821e-06
5.0942e-06
5.57205e-06
-3.49121e-06
-1.34692e-06
-1.31935e-06
-1.29009e-06
-1.25857e-06
1.93136e-05
-7.02165e-05
4.10553e-05
-6.25574e-05
4.29363e-05
-3.5344e-05
4.02813e-05
-1.4469e-05
3.7242e-05
-2.85779e-06
3.42322e-05
3.09346e-06
3.11483e-05
6.74197e-06
2.8151e-05
8.94571e-06
2.52576e-05
1.02691e-05
2.24587e-05
1.10283e-05
1.9745e-05
1.14293e-05
1.71064e-05
1.16066e-05
1.45341e-05
1.16485e-05
1.2019e-05
1.16141e-05
9.55244e-06
1.1543e-05
7.12495e-06
1.14617e-05
4.72732e-06
1.1388e-05
2.3495e-06
1.13334e-05
1.1217e-05
0.000100608
-4.43517e-05
7.7891e-05
-3.984e-05
6.0831e-05
-1.8284e-05
4.98179e-05
-3.45591e-06
4.27903e-05
4.16995e-06
3.74293e-05
8.45456e-06
3.30516e-05
1.11198e-05
2.92751e-05
1.27223e-05
2.58996e-05
1.36446e-05
2.27996e-05
1.41283e-05
1.98986e-05
1.43305e-05
1.71468e-05
1.43583e-05
1.45105e-05
1.42848e-05
1.19643e-05
1.41602e-05
9.48864e-06
1.40187e-05
7.06677e-06
1.38837e-05
4.68408e-06
1.37709e-05
2.32689e-06
1.36906e-05
1.35439e-05
0.000137063
1.67541e-05
9.39968e-05
3.22649e-06
6.94317e-05
6.28116e-06
5.54791e-05
1.04967e-05
4.63471e-05
1.33021e-05
3.96408e-05
1.5161e-05
3.43846e-05
1.6376e-05
3.0039e-05
1.7068e-05
2.6294e-05
1.73897e-05
2.29591e-05
1.74632e-05
1.99139e-05
1.73757e-05
1.70795e-05
1.71926e-05
1.44022e-05
1.69621e-05
1.18436e-05
1.67189e-05
9.37459e-06
1.64878e-05
6.97221e-06
1.62862e-05
4.6172e-06
1.6126e-05
2.29255e-06
1.60154e-05
1.58365e-05
0.000123517
5.75028e-05
9.16279e-05
3.51152e-05
7.09986e-05
2.69105e-05
5.74096e-05
2.40858e-05
4.77871e-05
2.29248e-05
4.05799e-05
2.23682e-05
3.4926e-05
2.203e-05
3.02897e-05
2.17043e-05
2.63428e-05
2.13366e-05
2.28769e-05
2.09291e-05
1.97545e-05
2.04982e-05
1.68826e-05
2.00646e-05
1.41964e-05
1.96483e-05
1.16491e-05
1.92662e-05
9.20567e-06
1.89313e-05
6.83851e-06
1.86535e-05
4.52504e-06
1.84396e-05
2.24573e-06
1.82948e-05
1.80823e-05
0.000100754
7.48517e-05
8.23303e-05
5.35387e-05
6.73913e-05
4.18495e-05
5.5956e-05
3.55212e-05
4.71383e-05
3.17426e-05
4.02e-05
2.93065e-05
3.46043e-05
2.76257e-05
2.99578e-05
2.63508e-05
2.59882e-05
2.53062e-05
2.25083e-05
2.4409e-05
1.93872e-05
2.36193e-05
1.65321e-05
2.29197e-05
1.38759e-05
2.23046e-05
1.1369e-05
2.17732e-05
8.97381e-06
2.13266e-05
6.66045e-06
2.09669e-05
4.40455e-06
2.06956e-05
2.18514e-06
2.05143e-05
2.02675e-05
8.21794e-05
8.14569e-05
7.17464e-05
6.39718e-05
6.13919e-05
5.22041e-05
5.24283e-05
4.4485e-05
4.49359e-05
3.92351e-05
3.87048e-05
3.55376e-05
3.34897e-05
3.28408e-05
2.90593e-05
3.07813e-05
2.52245e-05
2.9141e-05
2.18409e-05
2.77927e-05
1.8799e-05
2.66612e-05
1.60167e-05
2.57021e-05
1.34318e-05
2.48896e-05
1.09967e-05
2.42083e-05
8.67429e-06
2.36491e-05
6.43488e-06
2.32063e-05
4.25383e-06
2.28767e-05
2.10989e-06
2.26583e-05
2.23775e-05
6.79092e-05
8.42749e-05
6.17251e-05
7.0156e-05
5.46305e-05
5.92988e-05
4.78395e-05
5.12761e-05
4.17364e-05
4.53382e-05
3.6385e-05
4.08889e-05
3.17303e-05
3.74955e-05
2.76676e-05
3.4844e-05
2.40869e-05
3.27218e-05
2.08902e-05
3.09894e-05
1.79959e-05
2.95555e-05
1.5338e-05
2.836e-05
1.28639e-05
2.73639e-05
1.05313e-05
2.6541e-05
8.30628e-06
2.58741e-05
6.16115e-06
2.53514e-05
4.07246e-06
2.49654e-05
2.01976e-06
2.47111e-05
2.43973e-05
5.63699e-05
8.54888e-05
5.26553e-05
7.38708e-05
4.78364e-05
6.41178e-05
4.27979e-05
5.63146e-05
3.79641e-05
5.01719e-05
3.35123e-05
4.53407e-05
2.94915e-05
4.15164e-05
2.58816e-05
3.84539e-05
2.26334e-05
3.597e-05
1.96903e-05
3.39325e-05
1.69979e-05
3.22479e-05
1.4508e-05
3.085e-05
1.21793e-05
2.96926e-05
9.97712e-06
2.87432e-05
7.87251e-06
2.79786e-05
5.84097e-06
2.7383e-05
3.86143e-06
2.6945e-05
1.9152e-06
2.66574e-05
2.63125e-05
4.67892e-05
8.58864e-05
4.45799e-05
7.60802e-05
4.13371e-05
6.73607e-05
3.76599e-05
5.99918e-05
3.39155e-05
5.39163e-05
3.03055e-05
4.89508e-05
2.6925e-05
4.48969e-05
2.38027e-05
4.15762e-05
2.0931e-05
3.88417e-05
1.8285e-05
3.65785e-05
1.58338e-05
3.46992e-05
1.35455e-05
3.31383e-05
1.13907e-05
3.18475e-05
9.34284e-06
3.0791e-05
7.37873e-06
2.99426e-05
5.47811e-06
2.92835e-05
3.62303e-06
2.88e-05
1.79731e-06
2.84832e-05
2.81098e-05
3.8677e-05
8.58601e-05
3.74031e-05
7.73541e-05
3.52556e-05
6.95082e-05
3.26214e-05
6.26259e-05
2.97842e-05
5.67536e-05
2.69272e-05
5.18078e-05
2.41564e-05
4.76677e-05
2.15236e-05
4.42089e-05
1.90462e-05
4.13191e-05
1.67215e-05
3.89031e-05
1.45367e-05
3.6884e-05
1.24741e-05
3.5201e-05
1.05146e-05
3.38069e-05
8.64e-06
3.26655e-05
6.83301e-06
3.17495e-05
5.07799e-06
3.10385e-05
3.36061e-06
3.05174e-05
1.66767e-06
3.01761e-05
2.97774e-05
3.1634e-05
8.56038e-05
3.0969e-05
7.80191e-05
2.96034e-05
7.08738e-05
2.77752e-05
6.44541e-05
2.5688e-05
5.88407e-05
2.34912e-05
5.40046e-05
2.12832e-05
4.98757e-05
1.91225e-05
4.63696e-05
1.70395e-05
4.34021e-05
1.50456e-05
4.08971e-05
1.31409e-05
3.87888e-05
1.13189e-05
3.70231e-05
9.56963e-06
3.55561e-05
7.88211e-06
3.43529e-05
6.24497e-06
3.33866e-05
4.6472e-06
3.26362e-05
3.07827e-06
3.20862e-05
1.52827e-06
3.1726e-05
3.13057e-05
2.53522e-05
8.5196e-05
2.51206e-05
7.82507e-05
2.43427e-05
7.16517e-05
2.31545e-05
6.56423e-05
2.1694e-05
6.03012e-05
2.00741e-05
5.56244e-05
1.83783e-05
5.15715e-05
1.66629e-05
4.80849e-05
1.49633e-05
4.51018e-05
1.32991e-05
4.25613e-05
1.16791e-05
4.04088e-05
1.01051e-05
3.8597e-05
8.57486e-06
3.70863e-05
7.08352e-06
3.58442e-05
5.62509e-06
3.48449e-05
4.19303e-06
3.40682e-05
2.78064e-06
3.34986e-05
1.38133e-06
3.31253e-05
3.2687e-05
1.96027e-05
8.46422e-05
1.97231e-05
7.81302e-05
1.94207e-05
7.1954e-05
1.87631e-05
6.62998e-05
1.78378e-05
6.12264e-05
1.67262e-05
5.67359e-05
1.5495e-05
5.28026e-05
1.41949e-05
4.9385e-05
1.28616e-05
4.64351e-05
1.15189e-05
4.3904e-05
1.01814e-05
4.17464e-05
8.85695e-06
3.99214e-05
7.54921e-06
3.8394e-05
6.2587e-06
3.71347e-05
4.98412e-06
3.61195e-05
3.72308e-06
3.53292e-05
2.47254e-06
3.47491e-05
1.22922e-06
3.43686e-05
3.39162e-05
1.42182e-05
8.3896e-05
1.46706e-05
7.76777e-05
1.47876e-05
7.1837e-05
1.45929e-05
6.64943e-05
1.41384e-05
6.16808e-05
1.3481e-05
5.73934e-05
1.26728e-05
5.36108e-05
1.1758e-05
5.02999e-05
1.07708e-05
4.74222e-05
9.73702e-06
4.49378e-05
8.67479e-06
4.28086e-05
7.5966e-06
4.09996e-05
6.51054e-06
3.948e-05
5.42161e-06
3.82236e-05
4.33263e-06
3.72085e-05
3.24492e-06
3.64168e-05
2.15887e-06
3.58351e-05
1.07432e-06
3.54531e-05
3.49906e-05
9.08388e-06
8.28717e-05
9.8877e-06
7.68739e-05
1.04052e-05
7.13195e-05
1.06353e-05
6.62642e-05
1.06076e-05
6.17087e-05
1.03624e-05
5.76386e-05
9.94155e-06
5.40317e-05
9.38352e-06
5.0858e-05
8.72111e-06
4.80846e-05
7.98076e-06
4.56782e-05
7.18317e-06
4.36061e-05
6.34411e-06
4.18386e-05
5.4753e-06
4.03488e-05
4.58537e-06
3.91135e-05
3.68066e-06
3.81131e-05
2.76582e-06
3.73317e-05
1.84433e-06
3.67566e-05
9.18931e-07
3.63785e-05
3.59096e-05
4.13518e-06
8.14596e-05
5.33101e-06
7.56781e-05
6.25257e-06
7.0398e-05
6.88754e-06
6.56293e-05
7.25573e-06
6.13405e-05
7.39e-06
5.75044e-05
7.32532e-06
5.40964e-05
7.09732e-06
5.1086e-05
6.7377e-06
4.84442e-05
6.27346e-06
4.61424e-05
5.72723e-06
4.41524e-05
5.11732e-06
4.24485e-05
4.45836e-06
4.10078e-05
3.762e-06
3.98099e-05
3.03756e-06
3.88375e-05
2.29261e-06
3.80766e-05
1.53337e-06
3.75158e-05
7.65244e-07
3.71468e-05
3.66749e-05
-6.6706e-07
7.95701e-05
9.85308e-07
7.40259e-05
2.32663e-06
6.90568e-05
3.35565e-06
6.46004e-05
4.09559e-06
6.06007e-05
4.58197e-06
5.70181e-05
4.84486e-06
5.38335e-05
4.92112e-06
5.10097e-05
4.84202e-06
4.85234e-05
4.63508e-06
4.63494e-05
4.3249e-06
4.44626e-05
3.93188e-06
4.28416e-05
3.47295e-06
4.14667e-05
2.9623e-06
4.03205e-05
2.41181e-06
3.9388e-05
1.83152e-06
3.86568e-05
1.23009e-06
3.81173e-05
6.15267e-07
3.77617e-05
3.72902e-05
-5.228e-06
7.70927e-05
-3.11635e-06
7.19144e-05
-1.37032e-06
6.73108e-05
3.87433e-08
6.31914e-05
1.13974e-06
5.94997e-05
1.95606e-06
5.62018e-05
2.51848e-06
5.32711e-05
2.87369e-06
5.06546e-05
3.05253e-06
4.83446e-05
3.08262e-06
4.63193e-05
2.99157e-06
4.45537e-05
2.80137e-06
4.30318e-05
2.53065e-06
4.17374e-05
2.19583e-06
4.06553e-05
1.81095e-06
3.97728e-05
1.38815e-06
3.90796e-05
9.3815e-07
3.85674e-05
4.70782e-07
3.82292e-05
3.77611e-05
-9.5216e-06
7.40069e-05
-6.91908e-06
6.93119e-05
-4.7565e-06
6.51483e-05
-2.9919e-06
6.14267e-05
-1.58517e-06
5.8093e-05
-4.88819e-07
5.51055e-05
3.58163e-07
5.24242e-05
9.69568e-07
5.00433e-05
1.38487e-06
4.79294e-05
1.63017e-06
4.60741e-05
1.74017e-06
4.44438e-05
1.73743e-06
4.30346e-05
1.64136e-06
4.18335e-05
1.47081e-06
4.08257e-05
1.24155e-06
4.0002e-05
9.67383e-07
3.93538e-05
6.60769e-07
3.8874e-05
3.33284e-07
3.85568e-05
3.80944e-05
-1.34289e-05
7.03418e-05
-1.03712e-05
6.62541e-05
-7.83207e-06
6.26091e-05
-5.74249e-06
5.93371e-05
-4.04205e-06
5.63925e-05
-2.67739e-06
5.37409e-05
-1.60556e-06
5.13525e-05
-7.79094e-07
4.92169e-05
-1.64358e-07
4.73148e-05
2.85927e-07
4.56239e-05
5.80195e-07
4.41496e-05
7.49476e-07
4.28653e-05
8.13186e-07
4.17697e-05
7.94085e-07
4.08448e-05
7.09137e-07
4.00868e-05
5.73387e-07
3.94895e-05
4.00726e-07
3.90467e-05
2.03825e-07
3.87538e-05
3.82983e-05
-1.68401e-05
6.61953e-05
-1.33993e-05
6.28133e-05
-1.05421e-05
5.97519e-05
-8.17673e-06
5.69717e-05
-6.22908e-06
5.44449e-05
-4.63819e-06
5.215e-05
-3.35533e-06
5.00697e-05
-2.33427e-06
4.81959e-05
-1.53504e-06
4.65156e-05
-9.29176e-07
4.50181e-05
-4.78104e-07
4.36986e-05
-1.62072e-07
4.25493e-05
4.92393e-08
4.15584e-05
1.69755e-07
4.07242e-05
2.17639e-07
4.00389e-05
2.09341e-07
3.94977e-05
1.60396e-07
3.90957e-05
8.25918e-08
3.88316e-05
3.83808e-05
-1.96624e-05
6.17174e-05
-1.5943e-05
5.90939e-05
-1.28455e-05
5.66543e-05
-1.02662e-05
5.43924e-05
-8.12328e-06
5.23021e-05
-6.35166e-06
5.03784e-05
-4.89756e-06
4.86156e-05
-3.71401e-06
4.70123e-05
-2.76135e-06
4.55629e-05
-2.00605e-06
4.42629e-05
-1.41717e-06
4.31098e-05
-9.66815e-07
4.2099e-05
-6.32586e-07
4.12242e-05
-3.92995e-07
4.04845e-05
-2.29241e-07
3.98751e-05
-1.22918e-07
3.93914e-05
-5.94783e-08
3.90322e-05
-3.08691e-08
3.88029e-05
3.83499e-05
-2.18439e-05
5.70788e-05
-1.7967e-05
5.52169e-05
-1.47183e-05
5.34056e-05
-1.19935e-05
5.16676e-05
-9.71041e-06
5.0019e-05
-7.80288e-06
4.84709e-05
-6.21693e-06
4.70296e-05
-4.90526e-06
4.57006e-05
-3.82826e-06
4.44859e-05
-2.95185e-06
4.33865e-05
-2.2451e-06
4.24031e-05
-1.68123e-06
4.15352e-05
-1.23711e-06
4.07801e-05
-8.90838e-07
4.01382e-05
-6.22601e-07
3.96068e-05
-4.15411e-07
3.91841e-05
-2.52403e-07
3.88691e-05
-1.33318e-07
3.86837e-05
3.82164e-05
-2.33814e-05
5.24401e-05
-1.94653e-05
5.13009e-05
-1.61545e-05
5.00948e-05
-1.33536e-05
4.88668e-05
-1.09861e-05
4.76516e-05
-8.98901e-06
4.64737e-05
-7.30966e-06
4.53501e-05
-5.90306e-06
4.42939e-05
-4.73051e-06
4.33133e-05
-3.75837e-06
4.24144e-05
-2.95685e-06
4.16016e-05
-2.29938e-06
4.08778e-05
-1.76285e-06
4.02436e-05
-1.32557e-06
3.97009e-05
-9.68174e-07
3.92493e-05
-6.72815e-07
3.88886e-05
-4.23136e-07
3.86192e-05
-2.20204e-07
3.84806e-05
3.79961e-05
-2.43112e-05
4.79312e-05
-2.04583e-05
4.7448e-05
-1.7166e-05
4.68027e-05
-1.4354e-05
4.60548e-05
-1.19549e-05
4.52526e-05
-9.91207e-06
4.44308e-05
-8.17708e-06
4.3615e-05
-6.70777e-06
4.28245e-05
-5.4676e-06
4.20731e-05
-4.42454e-06
4.13713e-05
-3.55004e-06
4.07271e-05
-2.81856e-06
4.01463e-05
-2.20735e-06
3.96323e-05
-1.69529e-06
3.91888e-05
-1.26332e-06
3.88172e-05
-8.93725e-07
3.85189e-05
-5.70226e-07
3.82955e-05
-2.92379e-07
3.82025e-05
3.77037e-05
-2.46946e-05
4.36467e-05
-2.09852e-05
4.37387e-05
-1.77789e-05
4.35964e-05
-1.50121e-05
4.3288e-05
-1.26291e-05
4.28696e-05
-1.05811e-05
4.23827e-05
-8.82518e-06
4.1859e-05
-7.32341e-06
4.13226e-05
-6.04228e-06
4.07919e-05
-4.95199e-06
4.0281e-05
-4.02574e-06
3.98009e-05
-3.23906e-06
3.93596e-05
-2.57038e-06
3.89636e-05
-1.99929e-06
3.86176e-05
-1.50733e-06
3.83251e-05
-1.0771e-06
3.80885e-05
-6.92683e-07
3.7911e-05
-3.50973e-07
3.78607e-05
3.73526e-05
-2.46036e-05
3.96491e-05
-2.10961e-05
4.02313e-05
-1.80283e-05
4.05287e-05
-1.53531e-05
4.06129e-05
-1.30269e-05
4.05433e-05
-1.10093e-05
4.03651e-05
-9.2638e-06
4.01135e-05
-7.75733e-06
3.98161e-05
-6.45995e-06
3.94945e-05
-5.34449e-06
3.91655e-05
-4.38626e-06
3.88426e-05
-3.56273e-06
3.8536e-05
-2.8532e-06
3.8254e-05
-2.23847e-06
3.80028e-05
-1.70069e-06
3.77873e-05
-1.22322e-06
3.76109e-05
-7.90531e-07
3.74782e-05
-3.97e-07
3.7467e-05
3.69556e-05
-2.41121e-05
3.59751e-05
-2.08453e-05
3.69645e-05
-1.79542e-05
3.76377e-05
-1.54068e-05
3.80656e-05
-1.31704e-05
3.8307e-05
-1.12134e-05
3.8408e-05
-9.50572e-06
3.84058e-05
-8.01928e-06
3.83296e-05
-6.72802e-06
3.82031e-05
-5.6078e-06
3.80452e-05
-4.6363e-06
3.7871e-05
-3.79281e-06
3.76924e-05
-3.05812e-06
3.75192e-05
-2.41428e-06
3.73589e-05
-1.84449e-06
3.72174e-05
-1.3328e-06
3.70992e-05
-8.64289e-07
3.70096e-05
-4.3109e-07
3.70337e-05
3.65245e-05
-2.32903e-05
3.26404e-05
-2.02868e-05
3.3961e-05
-1.75983e-05
3.49492e-05
-1.52051e-05
3.56724e-05
-1.30845e-05
3.61864e-05
-1.12127e-05
3.65363e-05
-9.56589e-06
3.6759e-05
-8.12092e-06
3.68846e-05
-6.85564e-06
3.69378e-05
-5.74901e-06
3.69385e-05
-4.7812e-06
3.69031e-05
-3.93355e-06
3.68447e-05
-3.18847e-06
3.67741e-05
-2.52939e-06
3.66998e-05
-1.94061e-06
3.66286e-05
-1.40714e-06
3.65657e-05
-9.14777e-07
3.65172e-05
-4.53775e-07
3.65727e-05
3.60707e-05
-2.22018e-05
2.96465e-05
-1.94717e-05
3.12309e-05
-1.70012e-05
3.24786e-05
-1.47803e-05
3.34515e-05
-1.27947e-05
3.42008e-05
-1.10275e-05
3.47691e-05
-9.46052e-06
3.5192e-05
-8.07518e-06
3.54993e-05
-6.8531e-06
3.57156e-05
-5.77632e-06
3.58616e-05
-4.82752e-06
3.59542e-05
-3.99012e-06
3.60072e-05
-3.24826e-06
3.60322e-05
-2.58682e-06
3.60383e-05
-1.99133e-06
3.60331e-05
-1.44787e-06
3.60222e-05
-9.43079e-07
3.60124e-05
-4.65661e-07
3.60953e-05
3.5605e-05
-2.09019e-05
2.69844e-05
-1.84461e-05
2.8775e-05
-1.62008e-05
3.02332e-05
-1.41635e-05
3.14142e-05
-1.23264e-05
3.23638e-05
-1.06785e-05
3.31211e-05
-9.20639e-06
3.37199e-05
-7.8957e-06
3.41885e-05
-6.7315e-06
3.45514e-05
-5.69872e-06
3.48288e-05
-4.78251e-06
3.50379e-05
-3.96833e-06
3.5193e-05
-3.24209e-06
3.53059e-05
-2.59016e-06
3.53863e-05
-1.99937e-06
3.54422e-05
-1.45694e-06
3.54797e-05
-9.50463e-07
3.55059e-05
-4.67403e-07
3.56122e-05
3.51376e-05
-1.94374e-05
2.46392e-05
-1.72504e-05
2.65879e-05
-1.52315e-05
2.82143e-05
-1.33835e-05
2.95662e-05
-1.17038e-05
3.06841e-05
-1.01858e-05
3.16031e-05
-8.82025e-06
3.23543e-05
-7.59636e-06
3.29646e-05
-6.50228e-06
3.34573e-05
-5.52565e-06
3.38521e-05
-4.65389e-06
3.41661e-05
-3.87446e-06
3.44135e-05
-3.17501e-06
3.46063e-05
-2.54339e-06
3.47547e-05
-1.96777e-06
3.48666e-05
-1.43656e-06
3.49484e-05
-9.38357e-07
3.50076e-05
-4.59721e-07
3.51335e-05
3.46778e-05
-1.7847e-05
2.25925e-05
-1.59192e-05
2.46599e-05
-1.41237e-05
2.64187e-05
-1.24668e-05
2.79093e-05
-1.09495e-05
2.91667e-05
-9.56864e-06
3.02222e-05
-8.31838e-06
3.1104e-05
-7.19088e-06
3.18371e-05
-6.177e-06
3.24434e-05
-5.26674e-06
3.29418e-05
-4.44967e-06
3.33489e-05
-3.71511e-06
3.36789e-05
-3.05235e-06
3.39435e-05
-2.45075e-06
3.4153e-05
-1.89977e-06
3.43155e-05
-1.38908e-06
3.44377e-05
-9.08311e-07
3.45268e-05
-4.43381e-07
3.46684e-05
3.42343e-05
-1.61621e-05
2.08247e-05
-1.44817e-05
2.29795e-05
-1.29039e-05
2.48407e-05
-1.14369e-05
2.64422e-05
-1.00841e-05
2.78138e-05
-8.84501e-06
2.89831e-05
-7.71631e-06
2.99753e-05
-6.6926e-06
3.08134e-05
-5.767e-06
3.15178e-05
-4.93164e-06
3.21064e-05
-4.17796e-06
3.25952e-05
-3.49701e-06
3.29978e-05
-2.87964e-06
3.33261e-05
-2.31665e-06
3.35899e-05
-1.79881e-06
3.37976e-05
-1.31701e-06
3.39558e-05
-8.61961e-07
3.40716e-05
-4.19188e-07
3.42255e-05
3.38151e-05
-1.44073e-05
1.93166e-05
-1.29618e-05
2.1534e-05
-1.15944e-05
2.34732e-05
-1.03143e-05
2.5162e-05
-9.12619e-06
2.66257e-05
-8.03144e-06
2.78884e-05
-7.0286e-06
2.89726e-05
-6.11423e-06
2.98991e-05
-5.28333e-06
3.06869e-05
-4.5298e-06
3.13529e-05
-3.84678e-06
3.19121e-05
-3.22689e-06
3.23778e-05
-2.66245e-06
3.27615e-05
-2.14559e-06
3.3073e-05
-1.66839e-06
3.33204e-05
-1.22292e-06
3.35102e-05
-8.00998e-07
3.36495e-05
-3.87968e-07
3.38123e-05
3.3427e-05
-1.26022e-05
1.80502e-05
-1.13793e-05
2.03111e-05
-1.02144e-05
2.23084e-05
-9.117e-06
2.40645e-05
-8.09238e-06
2.56011e-05
-7.143e-06
2.6939e-05
-6.26879e-06
2.80984e-05
-5.46779e-06
2.90981e-05
-4.73652e-06
2.99556e-05
-4.0704e-06
3.06867e-05
-3.46404e-06
3.13056e-05
-2.91146e-06
3.18252e-05
-2.40633e-06
3.22563e-05
-1.94209e-06
3.26087e-05
-1.51205e-06
3.28903e-05
-1.10943e-06
3.31075e-05
-7.27148e-07
3.32671e-05
-3.50562e-07
3.34355e-05
3.30763e-05
-1.07617e-05
1.70096e-05
-9.74987e-06
1.92994e-05
-8.77993e-06
2.13385e-05
-7.86057e-06
2.31452e-05
-6.99738e-06
2.4738e-05
-6.19335e-06
2.61351e-05
-5.44936e-06
2.73545e-05
-4.76453e-06
2.84133e-05
-4.1366e-06
2.93276e-05
-3.56225e-06
3.01122e-05
-3.03736e-06
3.07806e-05
-2.55723e-06
3.13449e-05
-2.11678e-06
3.18158e-05
-1.71065e-06
3.22025e-05
-1.33332e-06
3.25129e-05
-9.79156e-07
3.27533e-05
-6.42151e-07
3.293e-05
-3.07822e-07
3.3101e-05
3.27684e-05
-8.89727e-06
1.61816e-05
-8.08656e-06
1.84887e-05
-7.30437e-06
2.05563e-05
-6.55848e-06
2.23994e-05
-5.85424e-06
2.40339e-05
-5.19487e-06
2.54758e-05
-4.5818e-06
2.67415e-05
-4.01496e-06
2.78464e-05
-3.49304e-06
2.88055e-05
-3.01376e-06
2.96328e-05
-2.57413e-06
3.03408e-05
-2.17058e-06
3.09413e-05
-1.79917e-06
3.14444e-05
-1.45569e-06
3.1859e-05
-1.13572e-06
3.21929e-05
-8.34719e-07
3.24522e-05
-5.47748e-07
3.26429e-05
-2.60612e-07
3.28137e-05
3.25077e-05
-7.018e-06
1.55553e-05
-6.39994e-06
1.78707e-05
-5.79921e-06
1.99557e-05
-5.22249e-06
2.18229e-05
-4.67461e-06
2.34861e-05
-4.15876e-06
2.49601e-05
-3.67668e-06
2.62594e-05
-3.22886e-06
2.73985e-05
-2.81475e-06
2.83913e-05
-2.43295e-06
2.92508e-05
-2.08143e-06
2.99892e-05
-1.75766e-06
3.06175e-05
-1.45875e-06
3.11455e-05
-1.18154e-06
3.15819e-05
-9.22687e-07
3.19341e-05
-6.78693e-07
3.22082e-05
-4.45675e-07
3.24098e-05
-2.09831e-07
3.25778e-05
3.22978e-05
-5.13105e-06
1.51227e-05
-4.69886e-06
1.74386e-05
-4.27428e-06
1.95313e-05
-3.86286e-06
2.14116e-05
-3.46879e-06
2.30922e-05
-3.09509e-06
2.45864e-05
-2.74361e-06
2.59079e-05
-2.41524e-06
2.707e-05
-2.11002e-06
2.80859e-05
-1.82733e-06
2.8968e-05
-1.56597e-06
2.97277e-05
-1.32434e-06
3.03758e-05
-1.10053e-06
3.09217e-05
-8.92372e-07
3.13737e-05
-6.97533e-07
3.17392e-05
-5.13545e-07
3.20242e-05
-3.37607e-07
3.22338e-05
-1.56485e-07
3.23965e-05
3.21413e-05
-3.24749e-06
1.4879e-05
-2.99664e-06
1.71879e-05
-2.74435e-06
1.92791e-05
-2.49515e-06
2.11625e-05
-2.2526e-06
2.28497e-05
-2.01944e-06
2.43533e-05
-1.79759e-06
2.5686e-05
-1.58825e-06
2.68606e-05
-1.39198e-06
2.78896e-05
-1.20883e-06
2.87848e-05
-1.0384e-06
2.95573e-05
-8.79964e-07
3.02174e-05
-7.32509e-07
3.07743e-05
-5.94823e-07
3.12361e-05
-4.65536e-07
3.16099e-05
-3.43192e-07
3.19018e-05
-2.26156e-07
3.21167e-05
-1.02254e-07
3.22726e-05
3.2039e-05
-1.18708e-06
-1.10917e-06
-1.02728e-06
-9.43496e-07
-8.5953e-07
-7.76801e-07
-6.96415e-07
-6.19185e-07
-5.45652e-07
-4.76113e-07
-4.10662e-07
-3.49217e-07
-2.91553e-07
-2.37336e-07
-1.86144e-07
-1.37511e-07
-9.08126e-08
-4.00171e-08
)
;

boundaryField
{
    leftWall
    {
        type            calculated;
        value           uniform 0;
    }
    rightWall
    {
        type            calculated;
        value           uniform 0;
    }
    lowerWall
    {
        type            calculated;
        value           uniform 0;
    }
    atmosphere
    {
        type            calculated;
        value           nonuniform List<scalar> 
46
(
-4.3606e-05
-4.35692e-05
-4.29764e-05
-4.20819e-05
-4.08959e-05
-3.94297e-05
-3.76964e-05
-3.57117e-05
-3.34941e-05
-3.10654e-05
-2.84502e-05
-2.5676e-05
-2.27725e-05
-1.97711e-05
-1.67038e-05
-1.36024e-05
-1.04967e-05
-7.41376e-06
-4.37475e-06
-1.39654e-06
1.50579e-06
4.24329e-06
6.80177e-06
4.05539e-06
4.57033e-06
5.06496e-06
5.54055e-06
1.48076e-05
1.711e-05
1.91973e-05
2.10787e-05
2.27657e-05
2.42705e-05
2.56055e-05
2.67833e-05
2.7816e-05
2.87152e-05
2.94918e-05
3.0156e-05
3.07166e-05
3.11819e-05
3.15588e-05
3.18531e-05
3.207e-05
3.22217e-05
3.1999e-05
)
;
    }
    defaultFaces
    {
        type            empty;
        value           nonuniform List<scalar> 0();
    }
}


// ************************************************************************* //
