/*--------------------------------*- C++ -*----------------------------------*\
| =========                 |                                                 |
| \\      /  F ield         | OpenFOAM: The Open Source CFD Toolbox           |
|  \\    /   O peration     | Version:  3.0.1                                 |
|   \\  /    A nd           | Web:      www.OpenFOAM.org                      |
|    \\/     M anipulation  |                                                 |
\*---------------------------------------------------------------------------*/
FoamFile
{
    version     2.0;
    format      ascii;
    class       volScalarField;
    location    "0.00025";
    object      rho;
}
// * * * * * * * * * * * * * * * * * * * * * * * * * * * * * * * * * * * * * //

dimensions      [1 -3 0 0 0 0 0];

internalField   nonuniform List<scalar> 
1000
(
0.83124
0.83124
0.83124
0.83124
0.83124
0.83124
0.83124
0.83124
0.83124
0.83124
0.83124
0.83124
0.83124
0.83124
0.83124
0.83124
0.83124
0.83124
0.831237
0.831183
0.830262
0.823661
0.810394
0.800668
0.795004
0.791291
0.788884
0.787426
0.786613
0.786198
0.786002
0.785916
0.78588
0.785869
0.785869
0.785872
0.785873
0.785872
0.785866
0.785857
0.78585
0.785851
0.78587
0.78591
0.785947
0.785957
0.785889
0.785507
0.784225
0.781196
0.77588
0.768822
0.761687
0.756205
0.753045
0.751719
0.751337
0.751272
0.751276
0.751305
0.751344
0.751368
0.751372
0.751366
0.751358
0.751351
0.751347
0.751345
0.751346
0.751345
0.751336
0.751305
0.751227
0.751038
0.750614
0.749714
0.747918
0.744436
0.737404
0.723807
0.713
0.710861
0.710724
0.710718
0.710718
0.710718
0.710718
0.710718
0.710718
0.710718
0.710718
0.710718
0.710718
0.710718
0.710718
0.710718
0.710718
0.710718
0.710718
0.710718
0.83124
0.83124
0.83124
0.83124
0.83124
0.83124
0.83124
0.83124
0.83124
0.83124
0.83124
0.83124
0.83124
0.83124
0.83124
0.83124
0.83124
0.83124
0.831237
0.831183
0.830262
0.823662
0.810395
0.800668
0.795004
0.791291
0.788884
0.787426
0.786613
0.786197
0.786002
0.785916
0.78588
0.785869
0.785869
0.785872
0.785873
0.785872
0.785866
0.785857
0.78585
0.785851
0.78587
0.785911
0.785948
0.785957
0.785889
0.785507
0.784225
0.781195
0.775878
0.76882
0.761684
0.756202
0.753044
0.751718
0.751337
0.751272
0.751276
0.751305
0.751344
0.751368
0.751372
0.751366
0.751358
0.751351
0.751347
0.751345
0.751346
0.751345
0.751336
0.751305
0.751227
0.751038
0.750614
0.749714
0.747919
0.744436
0.737404
0.723807
0.713
0.710861
0.710724
0.710718
0.710718
0.710718
0.710718
0.710718
0.710718
0.710718
0.710718
0.710718
0.710718
0.710718
0.710718
0.710718
0.710718
0.710718
0.710718
0.710718
0.83124
0.83124
0.83124
0.83124
0.83124
0.83124
0.83124
0.83124
0.83124
0.83124
0.83124
0.83124
0.83124
0.83124
0.83124
0.83124
0.83124
0.83124
0.831237
0.831183
0.830262
0.823662
0.810395
0.800668
0.795003
0.79129
0.788883
0.787426
0.786613
0.786197
0.786002
0.785916
0.78588
0.785869
0.785869
0.785872
0.785873
0.785872
0.785866
0.785857
0.78585
0.785851
0.78587
0.785911
0.785948
0.785957
0.785889
0.785507
0.784225
0.781195
0.775879
0.768821
0.761684
0.756202
0.753044
0.751718
0.751337
0.751272
0.751276
0.751305
0.751344
0.751368
0.751371
0.751366
0.751358
0.751351
0.751347
0.751345
0.751346
0.751345
0.751336
0.751305
0.751226
0.751038
0.750614
0.749714
0.747919
0.744437
0.737404
0.723807
0.713
0.710861
0.710724
0.710718
0.710718
0.710718
0.710718
0.710718
0.710718
0.710718
0.710718
0.710718
0.710718
0.710718
0.710718
0.710718
0.710718
0.710718
0.710718
0.710718
0.83124
0.83124
0.83124
0.83124
0.83124
0.83124
0.83124
0.83124
0.83124
0.83124
0.83124
0.83124
0.83124
0.83124
0.83124
0.83124
0.83124
0.83124
0.831237
0.831183
0.830263
0.823663
0.810395
0.800667
0.795003
0.79129
0.788883
0.787426
0.786613
0.786197
0.786002
0.785916
0.785881
0.785869
0.785869
0.785872
0.785873
0.785872
0.785867
0.785858
0.78585
0.785851
0.78587
0.78591
0.785948
0.785957
0.78589
0.785509
0.784228
0.781199
0.775882
0.768822
0.761683
0.756199
0.753042
0.751717
0.751336
0.751272
0.751276
0.751305
0.751345
0.751368
0.751371
0.751366
0.751358
0.751351
0.751347
0.751345
0.751346
0.751345
0.751336
0.751305
0.751226
0.751038
0.750614
0.749714
0.747919
0.744437
0.737405
0.723806
0.713
0.710861
0.710724
0.710718
0.710718
0.710718
0.710718
0.710718
0.710718
0.710718
0.710718
0.710718
0.710718
0.710718
0.710718
0.710718
0.710718
0.710718
0.710718
0.710718
0.83124
0.83124
0.83124
0.83124
0.83124
0.83124
0.83124
0.83124
0.83124
0.83124
0.83124
0.83124
0.83124
0.83124
0.83124
0.83124
0.83124
0.83124
0.831237
0.831183
0.830263
0.823664
0.810396
0.800667
0.795002
0.791289
0.788883
0.787426
0.786613
0.786197
0.786002
0.785916
0.785881
0.785869
0.785869
0.785872
0.785873
0.785872
0.785867
0.785858
0.78585
0.785851
0.78587
0.78591
0.785948
0.785957
0.78589
0.785509
0.784228
0.781199
0.775883
0.768822
0.761683
0.7562
0.753042
0.751717
0.751336
0.751272
0.751276
0.751305
0.751345
0.751368
0.751372
0.751366
0.751358
0.751351
0.751347
0.751345
0.751346
0.751345
0.751336
0.751305
0.751226
0.751038
0.750614
0.749714
0.747919
0.744437
0.737405
0.723806
0.713
0.710861
0.710724
0.710718
0.710718
0.710718
0.710718
0.710718
0.710718
0.710718
0.710718
0.710718
0.710718
0.710718
0.710718
0.710718
0.710718
0.710718
0.710718
0.710718
0.83124
0.83124
0.83124
0.83124
0.83124
0.83124
0.83124
0.83124
0.83124
0.83124
0.83124
0.83124
0.83124
0.83124
0.83124
0.83124
0.83124
0.83124
0.831237
0.831183
0.830263
0.823665
0.810396
0.800666
0.795002
0.791289
0.788883
0.787426
0.786613
0.786198
0.786002
0.785916
0.785881
0.785869
0.785869
0.785872
0.785873
0.785872
0.785867
0.785858
0.78585
0.785851
0.78587
0.78591
0.785948
0.785957
0.78589
0.785509
0.784228
0.7812
0.775883
0.768822
0.761683
0.7562
0.753042
0.751718
0.751337
0.751272
0.751276
0.751305
0.751345
0.751368
0.751372
0.751366
0.751358
0.751351
0.751347
0.751345
0.751346
0.751345
0.751336
0.751305
0.751226
0.751038
0.750614
0.749714
0.74792
0.744437
0.737405
0.723806
0.712999
0.710861
0.710724
0.710718
0.710718
0.710718
0.710718
0.710718
0.710718
0.710718
0.710718
0.710718
0.710718
0.710718
0.710718
0.710718
0.710718
0.710718
0.710718
0.710718
0.83124
0.83124
0.83124
0.83124
0.83124
0.83124
0.83124
0.83124
0.83124
0.83124
0.83124
0.83124
0.83124
0.83124
0.83124
0.83124
0.83124
0.83124
0.831237
0.831183
0.830263
0.823666
0.810397
0.800666
0.795001
0.791288
0.788882
0.787425
0.786613
0.786198
0.786002
0.785916
0.785881
0.785869
0.785869
0.785872
0.785873
0.785872
0.785867
0.785858
0.78585
0.785851
0.78587
0.78591
0.785948
0.785957
0.78589
0.785509
0.784228
0.781199
0.775882
0.768822
0.761683
0.756199
0.753042
0.751718
0.751337
0.751272
0.751276
0.751305
0.751345
0.751368
0.751372
0.751366
0.751358
0.751351
0.751347
0.751345
0.751346
0.751345
0.751336
0.751305
0.751226
0.751038
0.750614
0.749715
0.74792
0.744438
0.737405
0.723805
0.712999
0.710861
0.710724
0.710718
0.710718
0.710718
0.710718
0.710718
0.710718
0.710718
0.710718
0.710718
0.710718
0.710718
0.710718
0.710718
0.710718
0.710718
0.710718
0.710718
0.83124
0.83124
0.83124
0.83124
0.83124
0.83124
0.83124
0.83124
0.83124
0.83124
0.83124
0.83124
0.83124
0.83124
0.83124
0.83124
0.83124
0.83124
0.831237
0.831183
0.830263
0.823666
0.810397
0.800666
0.795001
0.791287
0.788881
0.787425
0.786613
0.786197
0.786002
0.785916
0.785881
0.785869
0.785869
0.785872
0.785873
0.785872
0.785867
0.785857
0.78585
0.785851
0.78587
0.785911
0.785948
0.785957
0.785889
0.785507
0.784225
0.781195
0.775879
0.768821
0.761685
0.756203
0.753044
0.751719
0.751337
0.751272
0.751276
0.751305
0.751345
0.751368
0.751372
0.751366
0.751358
0.751351
0.751347
0.751345
0.751346
0.751345
0.751336
0.751305
0.751226
0.751038
0.750614
0.749715
0.74792
0.744438
0.737404
0.723805
0.712999
0.710861
0.710724
0.710718
0.710718
0.710718
0.710718
0.710718
0.710718
0.710718
0.710718
0.710718
0.710718
0.710718
0.710718
0.710718
0.710718
0.710718
0.710718
0.710718
0.83124
0.83124
0.83124
0.83124
0.83124
0.83124
0.83124
0.83124
0.83124
0.83124
0.83124
0.83124
0.83124
0.83124
0.83124
0.83124
0.83124
0.83124
0.831237
0.831183
0.830263
0.823667
0.810398
0.800666
0.795001
0.791287
0.788881
0.787424
0.786612
0.786197
0.786001
0.785916
0.78588
0.785869
0.785869
0.785872
0.785873
0.785872
0.785867
0.785858
0.78585
0.785851
0.78587
0.785911
0.785948
0.785957
0.785889
0.785507
0.784225
0.781195
0.775879
0.768821
0.761684
0.756202
0.753044
0.751718
0.751336
0.751271
0.751276
0.751305
0.751344
0.751368
0.751371
0.751366
0.751358
0.751351
0.751347
0.751345
0.751346
0.751345
0.751336
0.751305
0.751227
0.751039
0.750615
0.749716
0.74792
0.744438
0.737404
0.723804
0.712999
0.710861
0.710724
0.710718
0.710718
0.710718
0.710718
0.710718
0.710718
0.710718
0.710718
0.710718
0.710718
0.710718
0.710718
0.710718
0.710718
0.710718
0.710718
0.710718
0.83124
0.83124
0.83124
0.83124
0.83124
0.83124
0.83124
0.83124
0.83124
0.83124
0.83124
0.83124
0.83124
0.83124
0.83124
0.83124
0.83124
0.83124
0.831237
0.831183
0.830263
0.823667
0.810398
0.800667
0.795001
0.791287
0.788881
0.787424
0.786612
0.786197
0.786001
0.785915
0.78588
0.785868
0.785868
0.785872
0.785873
0.785872
0.785866
0.785857
0.78585
0.785851
0.78587
0.785911
0.785948
0.785957
0.785889
0.785507
0.784225
0.781195
0.775879
0.768821
0.761684
0.756202
0.753044
0.751718
0.751336
0.751271
0.751275
0.751304
0.751344
0.751367
0.751371
0.751365
0.751358
0.751351
0.751347
0.751345
0.751346
0.751345
0.751336
0.751306
0.751227
0.751039
0.750615
0.749716
0.74792
0.744438
0.737404
0.723804
0.712999
0.710861
0.710724
0.710718
0.710718
0.710718
0.710718
0.710718
0.710718
0.710718
0.710718
0.710718
0.710718
0.710718
0.710718
0.710718
0.710718
0.710718
0.710718
0.710718
)
;

boundaryField
{
    sides1
    {
        type            calculated;
        value           nonuniform List<scalar> 
20
(
0.710718
0.710718
0.710718
0.710718
0.710718
0.710718
0.710718
0.710718
0.710718
0.710718
0.83124
0.83124
0.83124
0.83124
0.83124
0.83124
0.83124
0.83124
0.83124
0.83124
)
;
    }
    sides2
    {
        type            calculated;
        value           nonuniform List<scalar> 
200
(
0.83124
0.83124
0.83124
0.83124
0.83124
0.83124
0.83124
0.83124
0.83124
0.83124
0.83124
0.83124
0.83124
0.83124
0.83124
0.83124
0.83124
0.83124
0.831237
0.831183
0.830262
0.823661
0.810394
0.800668
0.795004
0.791291
0.788884
0.787426
0.786613
0.786198
0.786002
0.785916
0.78588
0.785869
0.785869
0.785872
0.785873
0.785872
0.785866
0.785857
0.78585
0.785851
0.78587
0.78591
0.785947
0.785957
0.785889
0.785507
0.784225
0.781196
0.77588
0.768822
0.761687
0.756205
0.753045
0.751719
0.751337
0.751272
0.751276
0.751305
0.751344
0.751368
0.751372
0.751366
0.751358
0.751351
0.751347
0.751345
0.751346
0.751345
0.751336
0.751305
0.751227
0.751038
0.750614
0.749714
0.747918
0.744436
0.737404
0.723807
0.713
0.710861
0.710724
0.710718
0.710718
0.710718
0.710718
0.710718
0.710718
0.710718
0.710718
0.710718
0.710718
0.710718
0.710718
0.710718
0.710718
0.710718
0.710718
0.710718
0.83124
0.83124
0.83124
0.83124
0.83124
0.83124
0.83124
0.83124
0.83124
0.83124
0.83124
0.83124
0.83124
0.83124
0.83124
0.83124
0.83124
0.83124
0.831237
0.831183
0.830263
0.823667
0.810398
0.800667
0.795001
0.791287
0.788881
0.787424
0.786612
0.786197
0.786001
0.785915
0.78588
0.785868
0.785868
0.785872
0.785873
0.785872
0.785866
0.785857
0.78585
0.785851
0.78587
0.785911
0.785948
0.785957
0.785889
0.785507
0.784225
0.781195
0.775879
0.768821
0.761684
0.756202
0.753044
0.751718
0.751336
0.751271
0.751275
0.751304
0.751344
0.751367
0.751371
0.751365
0.751358
0.751351
0.751347
0.751345
0.751346
0.751345
0.751336
0.751306
0.751227
0.751039
0.750615
0.749716
0.74792
0.744438
0.737404
0.723804
0.712999
0.710861
0.710724
0.710718
0.710718
0.710718
0.710718
0.710718
0.710718
0.710718
0.710718
0.710718
0.710718
0.710718
0.710718
0.710718
0.710718
0.710718
0.710718
0.710718
)
;
    }
    empty
    {
        type            empty;
    }
}


// ************************************************************************* //
