/*--------------------------------*- C++ -*----------------------------------*\
| =========                 |                                                 |
| \\      /  F ield         | OpenFOAM: The Open Source CFD Toolbox           |
|  \\    /   O peration     | Version:  2012                                  |
|   \\  /    A nd           | Website:  www.openfoam.com                      |
|    \\/     M anipulation  |                                                 |
\*---------------------------------------------------------------------------*/
FoamFile
{
    version     2.0;
    format      ascii;
    class       volScalarField;
    location    "0.0001";
    object      p;
}
// * * * * * * * * * * * * * * * * * * * * * * * * * * * * * * * * * * * * * //

dimensions      [1 -1 -2 0 0 0 0];


internalField   nonuniform List<scalar> 
5000
(
10000000
10000000
10000000
10000000
10000000
10000000
10000000
10000000
10000000
10000000
10000000
10000000
10000000
10000000
10000000
10000000
10000000
10000000
10000000
10000000
10000000
10000000
10000000
10000000
10000000
10000000
10000000
10000000
10000000
10000000
10000000
10000000
10000000
10000000
10000000
10000000
10000000
10000000
10000000
10000000
10000000
10000000
10000000
10000000
10000000
10000000
10000000
10000000
10000000
10000000
10000000
10000000
10000000
10000000
10000000
10000000
10000000
10000000
10000000
10000000
10000000
10000000
10000000
10000000
10000000
10000000
10000000
10000000
10000000
10000000
10000000
10000000
10000000
10000000
10000000
10000000
10000000
10000000
10000000
10000000
10000000
10000000
10000000
10000000
10000000
10000000
10000000
10000000
10000000
10000000
10000000
10000000
10000000
10000000
10000000
10000000
10000000
10000000
10000000
10000000
10000000
10000000
10000000
10000000
10000000
10000000
10000000
10000000
10000000
10000000
10000000
10000000
10000000
10000000
10000000
10000000
10000000
10000000
10000000
10000000
10000000
10000000
10000000
10000000
10000000
10000000
10000000
10000000
10000000
10000000
10000000
10000000
10000000
10000000
10000000
10000000
10000000
10000000
10000000
10000000
10000000
10000000
10000000
10000000
10000000
10000000
10000000
10000000
10000000
10000000
10000000
10000000
10000000
10000000
10000000
10000000
10000000
10000000
10000000
10000000
10000000
10000000
10000000
10000000
10000000
10000000
10000000
10000000
10000000
10000000
10000000
10000000
10000000
10000000
10000000
10000000
10000000
10000000
10000000
10000000
10000000
10000000
10000000
10000000
10000000
10000000
10000000
10000000
10000000
10000000
10000000
10000000
10000000
10000000
10000000
10000000
10000000
10000000
10000000
10000000
10000000
10000000
10000000
10000000
10000000
10000000
10000000
10000000
10000000
10000000
10000000
10000000
10000000
10000000
10000000
10000000
10000000
10000000
10000000
10000000
10000000
10000000
10000000
10000000
10000000
10000000
10000000
10000000
10000000
10000000
10000000
10000000
10000000
10000000
10000000
10000000
10000000
10000000
10000000
10000000
10000000
10000000
10000000
10000000
10000000
10000000
10000000
10000000
10000000
10000000
10000000
10000000
10000000
10000000
10000000
10000000
10000000
10000000
10000000
10000000
10000000
10000000
10000000
10000000
10000000
10000000
10000000
10000000
10000000
10000000
10000000
10000000
10000000
10000000
10000000
10000000
10000000
10000000
10000000
10000000
10000000
10000000
10000000
10000000
10000000
10000000
10000000
10000000
10000000
10000000
10000000
10000000
10000000
10000000
10000000
10000000
10000000
10000000
10000000
10000000
10000000
10000000
10000000
10000000
10000000
10000000
10000000
10000000
10000000
10000000
10000000
10000000
10000000
10000000
10000000
10000000
10000000
10000000
10000000
10000000
10000000
10000000
10000000
10000000
10000000
10000000
10000000
10000000
10000000
10000000
10000000
10000000
10000000
10000000
10000000
10000000
10000000
10000000
10000000
10000000
10000000
10000000
10000000
10000000
10000000
10000000
10000000
10000000
10000000
10000000
10000000
10000000
10000000
10000000
10000000
10000000
10000000
10000000
10000000
10000000
10000000
10000000
10000000
10000000
10000000
10000000
10000000
10000000
10000000
10000000
10000000
10000000
10000000
10000000
10000000
10000000
10000000
10000000
10000000
10000000
10000000
10000000
10000000
10000000
10000000
10000000
10000000
10000000
10000000
10000000
10000000
10000000
10000000
10000000
10000000
10000000
10000000
10000000
10000000
10000000
10000000
10000000
10000000
10000000
10000000
10000000
10000000
10000000
10000000
10000000
10000000
10000000
10000000
10000000
10000000
10000000
10000000
10000000
10000000
10000000
10000000
10000000
10000000
10000000
10000000
10000000
10000000
10000000
10000000
10000000
10000000
10000000
10000000
10000000
10000000
10000000
10000000
10000000
10000000
10000000
10000000
10000000
10000000
10000000
10000000
10000000
10000000
10000000
10000000
10000000
10000000
10000000
10000000
10000000
10000000
10000000
10000000
10000000
10000000
10000000
10000000
10000000
10000000
10000000
10000000
10000000
10000000
10000000
10000000
10000000
10000000
10000000
10000000
10000000
10000000
10000000
10000000
10000000
10000000
10000000
10000000
10000000
10000000
10000000
10000000
10000000
10000000
10000000
10000000
10000000
10000000
10000000
10000000
10000000
10000000
10000000
10000000
10000000
10000000
10000000
10000000
10000000
10000000
10000000
10000000
10000000
10000000
10000000
10000000
10000000
10000000
10000000
10000000
10000000
10000000
10000000
10000000
10000000
10000000
10000000
10000000
10000000
10000000
10000000
10000000
10000000
10000000
10000000
10000000
10000000
10000000
10000000
10000000
10000000
10000000
10000000
10000000
10000000
10000000
10000000
10000000
10000000
10000000
10000000
10000000
10000000
10000000
10000000
10000000
10000000
10000000
10000000
10000000
10000000
10000000
10000000
10000000
10000000
10000000
10000000
10000000
10000000
10000000
10000000
10000000
10000000
10000000
10000000
10000000
10000000
10000000
10000000
10000000
10000000
10000000
10000000
10000000
10000000
10000000
10000000
10000000
10000000
10000000
10000000
10000000
10000000
10000000
10000000
10000000
10000000
10000000
10000000
10000000
10000000
10000000
10000000
10000000
10000000
10000000
10000000
10000000
10000000
10000000
10000000
10000000
10000000
10000000
10000000
10000000
10000000
10000000
10000000
10000000
10000000
10000000
10000000
10000000
10000000
10000000
10000000
10000000
10000000
10000000
10000000
10000000
10000000
10000000
10000000
10000000
10000000
10000000
10000000
10000000
10000000
10000000
10000000
10000000
10000000
10000000
10000000
10000000
10000000
10000000
10000000
10000000
10000000
10000000
10000000
10000000
10000000
10000000
10000000
10000000
10000000
10000000
10000000
10000000
10000000
10000000
10000000
10000000
10000000
10000000
10000000
10000000
10000000
10000000
10000000
10000000
10000000
10000000
10000000
10000000
10000000
10000000
10000000
10000000
10000000
10000000
10000000
10000000
10000000
10000000
10000000
10000000
10000000
10000000
10000000
10000000
10000000
10000000
10000000
10000000
10000000
10000000
10000000
10000000
10000000
10000000
10000000
10000000
10000000
10000000
10000000
10000000
10000000
10000000
10000000
10000000
10000000
10000000
10000000
10000000
10000000
10000000
10000000
10000000
10000000
10000000
10000000
10000000
10000000
10000000
10000000
10000000
10000000
10000000
10000000
10000000
10000000
10000000
10000000
10000000
10000000
10000000
10000000
10000000
10000000
10000000
10000000
10000000
10000000
10000000
10000000
10000000
10000000
10000000
10000000
10000000
10000000
10000000
10000000
10000000
10000000
10000000
10000000
10000000
10000000
10000000
10000000
10000000
10000000
10000000
10000000
10000000
10000000
10000000
10000000
10000000
10000000
10000000
10000000
10000000
10000000
10000000
10000000
10000000
10000000
10000000
10000000
10000000
10000000
10000000
10000000
10000000
10000000
10000000
10000000
10000000
10000000
10000000
10000000
10000000
10000000
10000000
10000000
10000000
10000000
10000000
10000000
10000000
10000000
10000000
10000000
10000000
10000000
10000000
10000000
10000000
10000000
10000000
10000000
10000000
10000000
10000000
10000000
10000000
10000000
10000000
10000000
10000000
10000000
10000000
10000000
10000000
10000000
10000000
10000000
10000000
10000000
10000000
10000000
10000000
10000000
10000000
10000000
10000000
10000000
10000000
10000000
10000000
10000000
10000000
10000000
10000000
10000000
10000000
10000000
10000000
10000000
10000000
10000000
10000000
10000000
10000000
10000000
10000000
10000000
10000000
10000000
10000000
10000000
10000000
10000000
10000000
10000000
10000000
10000000
10000000
10000000
10000000
10000000
10000000
10000000
10000000
10000000
10000000
10000000
10000000
10000000
10000000
10000000
10000000
10000000
10000000
10000000
10000000
10000000
10000000
10000000
10000000
10000000
10000000
10000000
10000000
10000000
10000000
10000000
10000000
10000000
10000000
10000000
10000000
10000000
10000000
10000000
10000000
10000000
10000000
10000000
10000000
10000000
10000000
10000000
10000000
10000000
10000000
10000000
10000000
10000000
10000000
10000000
10000000
10000000
10000000
10000000
10000000
10000000
10000000
10000000
10000000
10000000
10000000
10000000
10000000
10000000
10000000
10000000
10000000
10000000
10000000
10000000
10000000
10000000
10000000
10000000
10000000
10000000
10000000
10000000
10000000
10000000
10000000
10000000
10000000
10000000
10000000
10000000
10000000
10000000
10000000
10000000
10000000
10000000
10000000
10000000
10000000
10000000
10000000
10000000
10000000
10000000
10000000
10000000
10000000
10000000
10000000
10000000
10000000
10000000
10000000
10000000
10000000
10000000
10000000
10000000
10000000
10000000
10000000
10000000
10000000
10000000
10000000
10000000
10000000
10000000
10000000
10000000
10000000
10000000
10000000
10000000
10000000
10000000
10000000
10000000
10000000
10000000
10000000
10000000
10000000
10000000
10000000
10000000
10000000
10000000
10000000
10000000
10000000
10000000
10000000
10000000
10000000
10000000
10000000
10000000
10000000
10000000
10000000
10000000
10000000
10000000
10000000
10000000
10000000
10000000
10000000
10000000
10000000
10000000
10000000
10000000
10000000
10000000
10000000
10000000
10000000
10000000
10000000
10000000
10000000
10000000
10000000
10000000
10000000
10000000
10000000
10000000
10000000
10000000
10000000
10000000
10000000
10000000
10000000
10000000
10000000
10000000
10000000
10000000
10000000
10000000
10000000
10000000
10000000
10000000
10000000
10000000
10000000
10000000
10000000
10000000
10000000
10000000
10000000
10000000
10000000
10000000
10000000
10000000
10000000
10000000
10000000
10000000
10000000
10000000
10000000
10000000
10000000
10000000
10000000
10000000
10000000
10000000
10000000
10000000
10000000
10000000
10000000
10000000
10000000
10000000
10000000
10000000
10000000
10000000
10000000
10000000
10000000
10000000
10000000
10000000
10000000
10000000
10000000
10000000
10000000
10000000
10000000
10000000
10000000
10000000
10000000
10000000
10000000
10000000
10000000
10000000
10000000
10000000
10000000
10000000
10000000
10000000
10000000
10000000
10000000
10000000
10000000
10000000
10000000
10000000
10000000
10000000
10000000
10000000
10000000
10000000
10000000
10000000
10000000
10000000
10000000
10000000
10000000
10000000
10000000
10000000
10000000
10000000
10000000
10000000
10000000
10000000
10000000
10000000
10000000
10000000
10000000
10000000
10000000
10000000
10000000
10000000
10000000
10000000
10000000
10000000
10000000
10000000
10000000
10000000
10000000
10000000
10000000
10000000
10000000
10000000
10000000
10000000
10000000
10000000
10000000
10000000
10000000
10000000
10000000
10000000
10000000
10000000
10000000
10000000
10000000
10000000
10000000
10000000
10000000
10000000
10000000
10000000
10000000
10000000
10000000
10000000
10000000
10000000
10000000
10000000
10000000
10000000
10000000
10000000
10000000
10000000
10000000
10000000
10000000
10000000
10000000
10000000
10000000
10000000
10000000
10000000
10000000
10000000
10000000
10000000
10000000
10000000
10000000
10000000
10000000
10000000
10000000
10000000
10000000
10000000
10000000
10000000
10000000
10000000
10000000
10000000
10000000
10000000
10000000
10000000
10000000
10000000
10000000
10000000
10000000
10000000
10000000
10000000
10000000
10000000
10000000
10000000
10000000
10000000
10000000
10000000
10000000
10000000
10000000
10000000
10000000
10000000
10000000
10000000
10000000
10000000
10000000
10000000
10000000
10000000
10000000
10000000
10000000
10000000
10000000
10000000
10000000
10000000
10000000
10000000
10000000
10000000
10000000
10000000
10000000
10000000
10000000
10000000
10000000
10000000
10000000
10000000
10000000
10000000
10000000
10000000
10000000
10000000
10000000
10000000
10000000
10000000
10000000
10000000
10000000
10000000
10000000
10000000
10000000
10000000
10000000
10000000
10000000
10000000
10000000
10000000
10000000
10000000
10000000
10000000
10000000
10000000
10000000
10000000
10000000
10000000
10000000
10000000
10000000
10000000
10000000
10000000
10000000
10000000
10000000
10000000
10000000
10000000
10000000
10000000
10000000
10000000
10000000
10000000
10000000
10000000
10000000
10000000
10000000
10000000
10000000
10000000
10000000
10000000
10000000
10000000
10000000
10000000
10000000
10000000
10000000
10000000
10000000
10000000
10000000
10000000
10000000
10000000
10000000
10000000
10000000
10000000
10000000
10000000
10000000
10000000
10000000
10000000
10000000
10000000
10000000
10000000
10000000
10000000
10000000
10000000
10000000
10000000
10000000
10000000
10000000
10000000
10000000
10000000
10000000
10000000
10000000
10000000
10000000
10000000
10000000
10000000
10000000
10000000
10000000
10000000
10000000
10000000
10000000
10000000
10000000
10000000
10000000
10000000
10000000
10000000
10000000
10000000
10000000
10000000
10000000
10000000
10000000
10000000
10000000
10000000
10000000
10000000
10000000
10000000
10000000
10000000
10000000
10000000
10000000
10000000
10000000
10000000
10000000
10000000
10000000
10000000
10000000
10000000
10000000
10000000
10000000
10000000
10000000
10000000
10000000
10000000
10000000
10000000
10000000
10000000
10000000
10000000
10000000
10000000
10000000
10000000
10000000
10000000
10000000
10000000
10000000
10000000
10000000
10000000
10000000
10000000
10000000
10000000
10000000
10000000
10000000
10000000
10000000
10000000
10000000
10000000
10000000
10000000
10000000
10000000
10000000
10000000
10000000
10000000
10000000
10000000
10000000
10000000
10000000
10000000
10000000
10000000
10000000
10000000
10000000
10000000
10000000
10000000
10000000
10000000
10000000
10000000
10000000
10000000
10000000
10000000
10000000
10000000
10000000
10000000
10000000
10000000
10000000
10000000
10000000
10000000
10000000
10000000
10000000
10000000
10000000
10000000
10000000
10000000
10000000
10000000
10000000
10000000
10000000
10000000
10000000
10000000
10000000
10000000
10000000
10000000
10000000
10000000
10000000
10000000
10000000
10000000
10000000
10000000
10000000
10000000
10000000
10000000
10000000
10000000
10000000
10000000
10000000
10000000
10000000
10000000
10000000
10000000
10000000
10000000
10000000
10000000
10000000
10000000
10000000
10000000
10000000
10000000
10000000
10000000
10000000
10000000
10000000
10000000
10000000
10000000
10000000
10000000
10000000
10000000
10000000
10000000
10000000
10000000
10000000
10000000
10000000
10000000
10000000
10000000
10000000
10000000
10000000
10000000
10000000
10000000
10000000
10000000
10000000
10000000
10000000
10000000
10000000
10000000
10000000
10000000
10000000
10000000
10000000
10000000
10000000
10000000
10000000
10000000
10000000
10000000
10000000
10000000
10000000
10000000
10000000
10000000
10000000
10000000
10000000
10000000
10000000
10000000
10000000
10000000
10000000
10000000
10000000
10000000
10000000
10000000
10000000
10000000
10000000
10000000
10000000
10000000
10000000
10000000
10000000
10000000
10000000
10000000
10000000
10000000
10000000
10000000
10000000
10000000
10000000
10000000
10000000
10000000
10000000
10000000
10000000
10000000
10000000
10000000
10000000
10000000
10000000
10000000
10000000
10000000
10000000
10000000
10000000
10000000
10000000
10000000
10000000
10000000
10000000
10000000
10000000
10000000
10000000
10000000
10000000
10000000
10000000
10000000
10000000
10000000
10000000
10000000
10000000
10000000
10000000
10000000
10000000
10000000
10000000
10000000
10000000
10000000
10000000
10000000
10000000
10000000
10000000
10000000
10000000
10000000
10000000
10000000
10000000
10000000
10000000
10000000
10000000
10000000
10000000
10000000
10000000
10000000
10000000
10000000
10000000
10000000
10000000
10000000
10000000
10000000
10000000
10000000
10000000
10000000
10000000
10000000
10000000
10000000
10000000
10000000
10000000
10000000
10000000
10000000
10000000
10000000
10000000
10000000
10000000
10000000
10000000
10000000
10000000
10000000
10000000
10000000
10000000
10000000
10000000
10000000
10000000
10000000
10000000
10000000
10000000
10000000
10000000
10000000
10000000
10000000
10000000
10000000
10000000
10000000
10000000
10000000
10000000
10000000
10000000
10000000
10000000
10000000
10000000
10000000
10000000
10000000
10000000
10000000
10000000
10000000
10000000
10000000
10000000
10000000
10000000
10000000
10000000
10000000
10000000
10000000
10000000
10000000
10000000
10000000
10000000
10000000
10000000
10000000
10000000
10000000
10000000
10000000
10000000
10000000
10000000
10000000
10000000
10000000
10000000
10000000
10000000
10000000
10000000
10000000
10000000
10000000
10000000
10000000
10000000
10000000
10000000
10000000
10000000
10000000
10000000
10000000
10000000
10000000
10000000
10000000
10000000
10000000
10000000
10000000
10000000
10000000
10000000
10000000
10000000
10000000
10000000
10000000
10000000
10000000
10000000
10000000
10000000
10000000
10000000
10000000
10000000
10000000
10000000
10000000
10000000
10000000
10000000
10000000
10000000
10000000
10000000
10000000
10000000
10000000
10000000
10000000
10000000
10000000
10000000
10000000
10000000
10000000
10000000
10000000
10000000
10000000
10000000
10000000
10000000
10000000
10000000
10000000
10000000
10000000
10000000
10000000
10000000
10000000
10000000
10000000
10000000
10000000
10000000
10000000
10000000
10000000
10000000
10000000
10000000
10000000
10000000
10000000
10000000
10000000
10000000
10000000
10000000
10000000
10000000
10000000
10000000
10000000
10000000
10000000
10000000
10000000
10000000
10000000
10000000
10000000
10000000
10000000
10000000
10000000
10000000
10000000
10000000
10000000
10000000
10000000
10000000
10000000
10000000
10000000
10000000
10000000
10000000
10000000
10000000
10000000
10000000
10000000
10000000
10000000
10000000
10000000
10000000
10000000
10000000
10000000
10000000
10000000
10000000
10000000
10000000
10000000
10000000
10000000
10000000
10000000
10000000
10000000
10000000
10000000
10000000
10000000
10000000
10000000
10000000
10000000
10000000
10000000
10000000
10000000
10000000
10000000
10000000
10000000
10000000
10000000
10000000
10000000
10000000
10000000
10000000
10000000
10000000
10000000
10000000
10000000
10000000
10000000
10000000
10000000
10000000
10000000
10000000
10000000
10000000
10000000
10000000
10000000
10000000
10000000
10000000
10000000
10000000
10000000
10000000
10000000
10000000
10000000
10000000
10000000
10000000
10000000
10000000
10000000
10000000
10000000
10000000
10000000
10000000
10000000
10000000
10000000
10000000
10000000
10000000
10000000
10000000
10000000
10000000
10000000
10000000
10000000
10000000
10000000
10000000
10000000
10000000
10000000
10000000
10000000
10000000
10000000
10000000
10000000
10000000
10000000
10000000
10000000
10000000
10000000
10000000
10000000
10000000
10000000
10000000
10000000
10000000
10000000
10000000
10000000
10000000
10000000
10000000
10000000
10000000
10000000
10000000
10000000
10000000
10000000
10000000
10000000
10000000
10000000
10000000
10000000
10000000
10000000
10000000
10000000
10000000
10000000
10000000
10000000
10000000
10000000
10000000
10000000
10000000
10000000
10000000
10000000
10000000
10000000
10000000
10000000
10000000
10000000
10000000
10000000
10000000
10000000
10000000
10000000
10000000
10000000
10000000
10000000
10000000
10000000
10000000
10000000
10000000
10000000
10000000
10000000
10000000
10000000
10000000
10000000
10000000
10000000
10000000
10000000
10000000
10000000
10000000
10000000
10000000
10000000
10000000
10000000
10000000
10000000
10000000
10000000
10000000
10000000
10000000
10000000
10000000
10000000
10000000
10000000
10000000
10000000
10000000
10000000
10000000
10000000
10000000
10000000
10000000
10000000
10000000
10000000
10000000
10000000
10000000
10000000
10000000
10000000
10000000
10000000
10000000
10000000
10000000
10000000
10000000
10000000
10000000
10000000
10000000
10000000
10000000
10000000
10000000
10000000
10000000
10000000
10000000
10000000
10000000
10000000
10000000
10000000
10000000
10000000
10000000
10000000
10000000
10000000
10000000
10000000
10000000
10000000
10000000
10000000
10000000
10000000
10000000
10000000
10000000
10000000
10000000
10000000
10000000
10000000
10000000
10000000
10000000
10000000
10000000
10000000
10000000
10000000
10000000
10000000
10000000
10000000
10000000
10000000
10000000
10000000
10000000
10000000
10000000
10000000
10000000
10000000
10000000
10000000
10000000
10000000
10000000
10000000
10000000
10000000
10000000
10000000
10000000
10000000
10000000
10000000
10000000
10000000
10000000
10000000
10000000
10000000
10000000
10000000
10000000
10000000
10000000
10000000
10000000
10000000
10000000
10000000
10000000
10000000
10000000
10000000
10000000
10000000
10000000
10000000
10000000
10000000
10000000
10000000
10000000
10000000
10000000
10000000
10000000
10000000
10000000
10000000
10000000
10000000
10000000
10000000
10000000
10000000
10000000
10000000
10000000
10000000
10000000
10000000
10000000
10000000
10000000
10000000
10000000
10000000
10000000
10000000
10000000
10000000
10000000
10000000
10000000
10000000
10000000
10000000
10000000
10000000
10000000
10000000
10000000
10000000
10000000
9999999.999
9999999.999
9999999.998
9999999.997
9999999.994
9999999.991
9999999.985
9999999.975
9999999.959
9999999.935
9999999.895
9999999.832
9999999.732
9999999.574
9999999.327
9999998.941
9999998.342
9999997.416
9999995.992
9999993.814
9999990.495
9999985.471
9999977.899
9999966.554
9999949.644
9999924.579
9999887.646
9999833.52
9999754.69
9999640.535
9999476.262
9999241.329
9998907.435
9998436.09
9997774.845
9996853.917
9995579.416
9993829.125
9991441.187
9988209.366
9983865.773
9978076.183
9970416.62
9960368.754
9947294.648
9930428.02
9908863.785
9881528.306
9847220.067
9804536.813
9751988.447
9687921.395
9610613.089
9518407.551
9409449.86
9282579.263
9135902.478
8969555.766
8781355.76
8573933.755
8348456.419
8109816.121
7872793.787
7629161.801
7398636.962
7161611.386
6941414.007
6719868.692
6517761.194
6320077.631
6143820.737
5976200.601
5831212.268
5696730.385
5584364.521
5482558.374
5400316.759
5327566.23
5270754.456
5221781.347
5184972.76
5154065.516
5131809.651
5113583.665
5101068.174
5091029.896
5084462.017
5079264.038
5075998.695
5073432.511
5071861.823
5070626.698
5069865.873
5069262.787
5068870.327
5068549.746
5068315.087
5068108.974
5067933.299
5067764.817
5067604.497
5067443.17
5067285.909
5067128.718
5066979.707
5066837.747
5066710.227
5066594.582
5066496.066
5066407.694
5066332.455
5066261.646
5066197.103
5066131.942
5066069.637
5066005.62
5065942.315
5065882.516
5065827.739
5065778.682
5065735.925
5065697.138
5065661.237
5065625.288
5065588.517
5065548.6
5065504.087
5065456.175
5065405.25
5065352.815
5065301.455
5065251.98
5065205.43
5065161.154
5065125.516
5065084.034
5065052.08
5065073.724
5065033.131
5065019.664
5065036.386
5065053.07
5065072.809
5065090.579
5065177.129
5065369.915
5065710.988
5066325.492
5067386.051
5068598.733
5068974.554
5068735.711
5067472.808
5064349.235
5058582.563
5049721.628
5037791.875
5024847.526
5015150.028
5008761.799
5004830.276
5002548.22
5001290.504
5000629.069
5000295.836
5000134.491
5000059.21
5000025.285
5000010.488
5000004.232
5000001.663
5000000.637
5000000.238
5000000.087
5000000.031
5000000.011
5000000.004
5000000.001
5000000
5000000
5000000
5000000
5000000
5000000
5000000
5000000
5000000
5000000
5000000
5000000
5000000
5000000
5000000
5000000
5000000
5000000
5000000
5000000
5000000
5000000
5000000
5000000
5000000
5000000
5000000
5000000
5000000
5000000
5000000
5000000
5000000
5000000
5000000
5000000
5000000
5000000
5000000
5000000
5000000
5000000
5000000
5000000
5000000
5000000
5000000
5000000
5000000
5000000
5000000
5000000
5000000
5000000
5000000
5000000
5000000
5000000
5000000
5000000
5000000
5000000
5000000
5000000
5000000
5000000
5000000
5000000
5000000
5000000
5000000
5000000
5000000
5000000
5000000
5000000
5000000
5000000
5000000
5000000
5000000
5000000
5000000
5000000
5000000
5000000
5000000
5000000
5000000
5000000
5000000
5000000
5000000
5000000
5000000
5000000
5000000
5000000
5000000
5000000
5000000
5000000
5000000
5000000
5000000
5000000
5000000
5000000
5000000
5000000
5000000
5000000
5000000
5000000
5000000
5000000
5000000
5000000
5000000
5000000
5000000
5000000
5000000
5000000
5000000
5000000
5000000
5000000
5000000
5000000
5000000
5000000
5000000
5000000
5000000
5000000
5000000
5000000
5000000
5000000
5000000
5000000
5000000
5000000
5000000
5000000
5000000
5000000
5000000
5000000
5000000
5000000
5000000
5000000
5000000
5000000
5000000
5000000
5000000
5000000
5000000
5000000
5000000
5000000
5000000
5000000
5000000
5000000
5000000
5000000
5000000
5000000
5000000
5000000
5000000
5000000
5000000
5000000
5000000
5000000
5000000
5000000
5000000
5000000
5000000
5000000
5000000
5000000
5000000
5000000
5000000
5000000
5000000
5000000
5000000
5000000
5000000
5000000
5000000
5000000
5000000
5000000
5000000
5000000
5000000
5000000
5000000
5000000
5000000
5000000
5000000
5000000
5000000
5000000
5000000
5000000
5000000
5000000
5000000
5000000
5000000
5000000
5000000
5000000
5000000
5000000
5000000
5000000
5000000
5000000
5000000
5000000
5000000
5000000
5000000
5000000
5000000
5000000
5000000
5000000
5000000
5000000
5000000
5000000
5000000
5000000
5000000
5000000
5000000
5000000
5000000
5000000
5000000
5000000
5000000
5000000
5000000
5000000
5000000
5000000
5000000
5000000
5000000
5000000
5000000
5000000
5000000
5000000
5000000
5000000
5000000
5000000
5000000
5000000
5000000
5000000
5000000
5000000
5000000
5000000
5000000
5000000
5000000
5000000
5000000
5000000
5000000
5000000
5000000
5000000
5000000
5000000
5000000
5000000
5000000
5000000
5000000
5000000
5000000
5000000
5000000
5000000
5000000
5000000
5000000
5000000
5000000
5000000
5000000
5000000
5000000
5000000
5000000
5000000
5000000
5000000
5000000
5000000
5000000
5000000
5000000
5000000
5000000
5000000
5000000
5000000
5000000
5000000
5000000
5000000
5000000
5000000
5000000
5000000
5000000
5000000
5000000
5000000
5000000
5000000
5000000
5000000
5000000
5000000
5000000
5000000
5000000
5000000
5000000
5000000
5000000
5000000
5000000
5000000
5000000
5000000
5000000
5000000
5000000
5000000
5000000
5000000
5000000
5000000
5000000
5000000
5000000
5000000
5000000
5000000
5000000
5000000
5000000
5000000
5000000
5000000
5000000
5000000
5000000
5000000
5000000
5000000
5000000
5000000
5000000
5000000
5000000
5000000
5000000
5000000
5000000
5000000
5000000
5000000
5000000
5000000
5000000
5000000
5000000
5000000
5000000
5000000
5000000
5000000
5000000
5000000
5000000
5000000
5000000
5000000
5000000
5000000
5000000
5000000
5000000
5000000
5000000
5000000
5000000
5000000
5000000
5000000
5000000
5000000
5000000
5000000
5000000
5000000
5000000
5000000
5000000
5000000
5000000
5000000
5000000
5000000
5000000
5000000
5000000
5000000
5000000
5000000
5000000
5000000
5000000
5000000
5000000
5000000
5000000
5000000
5000000
5000000
5000000
5000000
5000000
5000000
5000000
5000000
5000000
5000000
5000000
5000000
5000000
5000000
5000000
5000000
5000000
5000000
5000000
5000000
5000000
5000000
5000000
5000000
5000000
5000000
5000000
5000000
5000000
5000000
5000000
5000000
5000000
5000000
5000000
5000000
5000000
5000000
5000000
5000000
5000000
5000000
5000000
5000000
5000000
5000000
5000000
5000000
5000000
5000000
5000000
5000000
5000000
5000000
5000000
5000000
5000000
5000000
5000000
5000000
5000000
5000000
5000000
5000000
5000000
5000000
5000000
5000000
5000000
5000000
5000000
5000000
5000000
5000000
5000000
5000000
5000000
5000000
5000000
5000000
5000000
5000000
5000000
5000000
5000000
5000000
5000000
5000000
5000000
5000000
5000000
5000000
5000000
5000000
5000000
5000000
5000000
5000000
5000000
5000000
5000000
5000000
5000000
5000000
5000000
5000000
5000000
5000000
5000000
5000000
5000000
5000000
5000000
5000000
5000000
5000000
5000000
5000000
5000000
5000000
5000000
5000000
5000000
5000000
5000000
5000000
5000000
5000000
5000000
5000000
5000000
5000000
5000000
5000000
5000000
5000000
5000000
5000000
5000000
5000000
5000000
5000000
5000000
5000000
5000000
5000000
5000000
5000000
5000000
5000000
5000000
5000000
5000000
5000000
5000000
5000000
5000000
5000000
5000000
5000000
5000000
5000000
5000000
5000000
5000000
5000000
5000000
5000000
5000000
5000000
5000000
5000000
5000000
5000000
5000000
5000000
5000000
5000000
5000000
5000000
5000000
5000000
5000000
5000000
5000000
5000000
5000000
5000000
5000000
5000000
5000000
5000000
5000000
5000000
5000000
5000000
5000000
5000000
5000000
5000000
5000000
5000000
5000000
5000000
5000000
5000000
5000000
5000000
5000000
5000000
5000000
5000000
5000000
5000000
5000000
5000000
5000000
5000000
5000000
5000000
5000000
5000000
5000000
5000000
5000000
5000000
5000000
5000000
5000000
5000000
5000000
5000000
5000000
5000000
5000000
5000000
5000000
5000000
5000000
5000000
5000000
5000000
5000000
5000000
5000000
5000000
5000000
5000000
5000000
5000000
5000000
5000000
5000000
5000000
5000000
5000000
5000000
5000000
5000000
5000000
5000000
5000000
5000000
5000000
5000000
5000000
5000000
5000000
5000000
5000000
5000000
5000000
5000000
5000000
5000000
5000000
5000000
5000000
5000000
5000000
5000000
5000000
5000000
5000000
5000000
5000000
5000000
5000000
5000000
5000000
5000000
5000000
5000000
5000000
5000000
5000000
5000000
5000000
5000000
5000000
5000000
5000000
5000000
5000000
5000000
5000000
5000000
5000000
5000000
5000000
5000000
5000000
5000000
5000000
5000000
5000000
5000000
5000000
5000000
5000000
5000000
5000000
5000000
5000000
5000000
5000000
5000000
5000000
5000000
5000000
5000000
5000000
5000000
5000000
5000000
5000000
5000000
5000000
5000000
5000000
5000000
5000000
5000000
5000000
5000000
5000000
5000000
5000000
5000000
5000000
5000000
5000000
5000000
5000000
5000000
5000000
5000000
5000000
5000000
5000000
5000000
5000000
5000000
5000000
5000000
5000000
5000000
5000000
5000000
5000000
5000000
5000000
5000000
5000000
5000000
5000000
5000000
5000000
5000000
5000000
5000000
5000000
5000000
5000000
5000000
5000000
5000000
5000000
5000000
5000000
5000000
5000000
5000000
5000000
5000000
5000000
5000000
5000000
5000000
5000000
5000000
5000000
5000000
5000000
5000000
5000000
5000000
5000000
5000000
5000000
5000000
5000000
5000000
5000000
5000000
5000000
5000000
5000000
5000000
5000000
5000000
5000000
5000000
5000000
5000000
5000000
5000000
5000000
5000000
5000000
5000000
5000000
5000000
5000000
5000000
5000000
5000000
5000000
5000000
5000000
5000000
5000000
5000000
5000000
5000000
5000000
5000000
5000000
5000000
5000000
5000000
5000000
5000000
5000000
5000000
5000000
5000000
5000000
5000000
5000000
5000000
5000000
5000000
5000000
5000000
5000000
5000000
5000000
5000000
5000000
5000000
5000000
5000000
5000000
5000000
5000000
5000000
5000000
5000000
5000000
5000000
5000000
5000000
5000000
5000000
5000000
5000000
5000000
5000000
5000000
5000000
5000000
5000000
5000000
5000000
5000000
5000000
5000000
5000000
5000000
5000000
5000000
5000000
5000000
5000000
5000000
5000000
5000000
5000000
5000000
5000000
5000000
5000000
5000000
5000000
5000000
5000000
5000000
5000000
5000000
5000000
5000000
5000000
5000000
5000000
5000000
5000000
5000000
5000000
5000000
5000000
5000000
5000000
5000000
5000000
5000000
5000000
5000000
5000000
5000000
5000000
5000000
5000000
5000000
5000000
5000000
5000000
5000000
5000000
5000000
5000000
5000000
5000000
5000000
5000000
5000000
5000000
5000000
5000000
5000000
5000000
5000000
5000000
5000000
5000000
5000000
5000000
5000000
5000000
5000000
5000000
5000000
5000000
5000000
5000000
5000000
5000000
5000000
5000000
5000000
5000000
5000000
5000000
5000000
5000000
5000000
5000000
5000000
5000000
5000000
5000000
5000000
5000000
5000000
5000000
5000000
5000000
5000000
5000000
5000000
5000000
5000000
5000000
5000000
5000000
5000000
5000000
5000000
5000000
5000000
5000000
5000000
5000000
5000000
5000000
5000000
5000000
5000000
5000000
5000000
5000000
5000000
5000000
5000000
5000000
5000000
5000000
5000000
5000000
5000000
5000000
5000000
5000000
5000000
5000000
5000000
5000000
5000000
5000000
5000000
5000000
5000000
5000000
5000000
5000000
5000000
5000000
5000000
5000000
5000000
5000000
5000000
5000000
5000000
5000000
5000000
5000000
5000000
5000000
5000000
5000000
5000000
5000000
5000000
5000000
5000000
5000000
5000000
5000000
5000000
5000000
5000000
5000000
5000000
5000000
5000000
5000000
5000000
5000000
5000000
5000000
5000000
5000000
5000000
5000000
5000000
5000000
5000000
5000000
5000000
5000000
5000000
5000000
5000000
5000000
5000000
5000000
5000000
5000000
5000000
5000000
5000000
5000000
5000000
5000000
5000000
5000000
5000000
5000000
5000000
5000000
5000000
5000000
5000000
5000000
5000000
5000000
5000000
5000000
5000000
5000000
5000000
5000000
5000000
5000000
5000000
5000000
5000000
5000000
5000000
5000000
5000000
5000000
5000000
5000000
5000000
5000000
5000000
5000000
5000000
5000000
5000000
5000000
5000000
5000000
5000000
5000000
5000000
5000000
5000000
5000000
5000000
5000000
5000000
5000000
5000000
5000000
5000000
5000000
5000000
5000000
5000000
5000000
5000000
5000000
5000000
5000000
5000000
5000000
5000000
5000000
5000000
5000000
5000000
5000000
5000000
5000000
5000000
5000000
5000000
5000000
5000000
5000000
5000000
5000000
5000000
5000000
5000000
5000000
5000000
5000000
5000000
5000000
5000000
5000000
5000000
5000000
5000000
5000000
5000000
5000000
5000000
5000000
5000000
5000000
5000000
5000000
5000000
5000000
5000000
5000000
5000000
5000000
5000000
5000000
5000000
5000000
5000000
5000000
5000000
5000000
5000000
5000000
5000000
5000000
5000000
5000000
5000000
5000000
5000000
5000000
5000000
5000000
5000000
5000000
5000000
5000000
5000000
5000000
5000000
5000000
5000000
5000000
5000000
5000000
5000000
5000000
5000000
5000000
5000000
5000000
5000000
5000000
5000000
5000000
5000000
5000000
5000000
5000000
5000000
5000000
5000000
5000000
5000000
5000000
5000000
5000000
5000000
5000000
5000000
5000000
5000000
5000000
5000000
5000000
5000000
5000000
5000000
5000000
5000000
5000000
5000000
5000000
5000000
5000000
5000000
5000000
5000000
5000000
5000000
5000000
5000000
5000000
5000000
5000000
5000000
5000000
5000000
5000000
5000000
5000000
5000000
5000000
5000000
5000000
5000000
5000000
5000000
5000000
5000000
5000000
5000000
5000000
5000000
5000000
5000000
5000000
5000000
5000000
5000000
5000000
5000000
5000000
5000000
5000000
5000000
5000000
5000000
5000000
5000000
5000000
5000000
5000000
5000000
5000000
5000000
5000000
5000000
5000000
5000000
5000000
5000000
5000000
5000000
5000000
5000000
5000000
5000000
5000000
5000000
5000000
5000000
5000000
5000000
5000000
5000000
5000000
5000000
5000000
5000000
5000000
5000000
5000000
5000000
5000000
5000000
5000000
5000000
5000000
5000000
5000000
5000000
5000000
5000000
5000000
5000000
5000000
5000000
5000000
5000000
5000000
5000000
5000000
5000000
5000000
5000000
5000000
5000000
5000000
5000000
5000000
5000000
5000000
5000000
5000000
5000000
5000000
5000000
5000000
5000000
5000000
5000000
5000000
5000000
5000000
5000000
5000000
5000000
5000000
5000000
5000000
5000000
5000000
5000000
5000000
5000000
5000000
5000000
5000000
5000000
5000000
5000000
5000000
5000000
5000000
5000000
5000000
5000000
5000000
5000000
5000000
5000000
5000000
5000000
5000000
5000000
5000000
5000000
5000000
5000000
5000000
5000000
5000000
5000000
5000000
5000000
5000000
5000000
5000000
5000000
5000000
5000000
5000000
5000000
5000000
5000000
5000000
5000000
5000000
5000000
5000000
5000000
5000000
5000000
5000000
5000000
5000000
5000000
5000000
5000000
5000000
5000000
5000000
5000000
5000000
5000000
5000000
5000000
5000000
5000000
5000000
5000000
5000000
5000000
5000000
5000000
5000000
5000000
5000000
5000000
5000000
5000000
5000000
5000000
5000000
5000000
5000000
5000000
5000000
5000000
5000000
5000000
5000000
5000000
5000000
5000000
5000000
5000000
5000000
5000000
5000000
5000000
5000000
5000000
5000000
5000000
5000000
5000000
5000000
5000000
5000000
5000000
5000000
5000000
5000000
5000000
5000000
5000000
5000000
5000000
5000000
5000000
5000000
5000000
5000000
5000000
5000000
5000000
5000000
5000000
5000000
5000000
5000000
5000000
5000000
5000000
5000000
5000000
5000000
5000000
5000000
5000000
5000000
5000000
5000000
5000000
5000000
5000000
5000000
5000000
5000000
5000000
5000000
5000000
5000000
5000000
5000000
5000000
5000000
5000000
5000000
5000000
5000000
5000000
5000000
5000000
5000000
5000000
5000000
5000000
5000000
5000000
5000000
5000000
5000000
5000000
5000000
5000000
5000000
5000000
5000000
5000000
5000000
5000000
5000000
5000000
5000000
5000000
5000000
5000000
5000000
5000000
5000000
5000000
5000000
5000000
5000000
5000000
5000000
5000000
5000000
5000000
5000000
5000000
5000000
5000000
5000000
5000000
5000000
5000000
5000000
5000000
5000000
5000000
5000000
5000000
5000000
5000000
5000000
5000000
5000000
5000000
5000000
5000000
5000000
5000000
5000000
5000000
5000000
5000000
5000000
5000000
5000000
5000000
5000000
5000000
5000000
5000000
5000000
5000000
5000000
5000000
5000000
5000000
5000000
5000000
5000000
5000000
5000000
5000000
5000000
5000000
5000000
5000000
5000000
5000000
5000000
5000000
5000000
5000000
5000000
5000000
5000000
5000000
5000000
5000000
5000000
5000000
5000000
5000000
5000000
5000000
5000000
5000000
5000000
5000000
5000000
5000000
5000000
5000000
5000000
5000000
5000000
5000000
5000000
5000000
5000000
5000000
5000000
5000000
5000000
5000000
5000000
5000000
5000000
5000000
5000000
5000000
5000000
5000000
5000000
5000000
5000000
5000000
5000000
5000000
5000000
5000000
5000000
5000000
5000000
5000000
5000000
5000000
5000000
5000000
5000000
5000000
5000000
5000000
5000000
5000000
5000000
5000000
5000000
5000000
5000000
5000000
5000000
5000000
5000000
5000000
5000000
5000000
5000000
5000000
5000000
5000000
5000000
5000000
5000000
5000000
5000000
5000000
5000000
5000000
5000000
5000000
5000000
5000000
5000000
5000000
5000000
5000000
5000000
5000000
5000000
5000000
5000000
5000000
5000000
5000000
5000000
5000000
5000000
5000000
5000000
5000000
5000000
5000000
5000000
5000000
5000000
5000000
5000000
5000000
5000000
5000000
5000000
5000000
5000000
5000000
5000000
5000000
5000000
5000000
5000000
5000000
5000000
5000000
5000000
5000000
5000000
5000000
5000000
5000000
5000000
5000000
5000000
5000000
5000000
5000000
5000000
5000000
5000000
5000000
5000000
5000000
5000000
5000000
5000000
5000000
5000000
5000000
5000000
5000000
5000000
5000000
5000000
5000000
5000000
5000000
5000000
5000000
5000000
5000000
5000000
5000000
5000000
5000000
5000000
5000000
5000000
5000000
5000000
5000000
5000000
5000000
5000000
5000000
5000000
5000000
5000000
5000000
5000000
5000000
5000000
5000000
5000000
5000000
5000000
5000000
5000000
5000000
5000000
5000000
5000000
5000000
5000000
5000000
5000000
5000000
5000000
5000000
5000000
5000000
5000000
5000000
5000000
5000000
5000000
5000000
5000000
5000000
5000000
5000000
5000000
5000000
5000000
5000000
5000000
5000000
5000000
5000000
5000000
5000000
5000000
5000000
5000000
5000000
5000000
5000000
5000000
5000000
5000000
5000000
5000000
5000000
5000000
5000000
5000000
5000000
5000000
5000000
5000000
5000000
5000000
5000000
5000000
5000000
5000000
5000000
5000000
5000000
5000000
5000000
5000000
5000000
5000000
5000000
5000000
5000000
5000000
5000000
5000000
5000000
5000000
5000000
5000000
5000000
5000000
5000000
5000000
5000000
5000000
5000000
5000000
5000000
5000000
5000000
5000000
5000000
5000000
5000000
5000000
5000000
5000000
5000000
5000000
5000000
5000000
5000000
5000000
5000000
5000000
5000000
5000000
5000000
5000000
5000000
5000000
5000000
5000000
5000000
5000000
5000000
5000000
5000000
5000000
5000000
5000000
5000000
5000000
5000000
5000000
5000000
5000000
5000000
5000000
5000000
5000000
5000000
5000000
5000000
5000000
5000000
5000000
5000000
5000000
5000000
5000000
5000000
5000000
5000000
5000000
5000000
5000000
5000000
5000000
5000000
5000000
5000000
5000000
5000000
5000000
5000000
5000000
5000000
5000000
5000000
5000000
5000000
5000000
5000000
5000000
5000000
5000000
5000000
5000000
5000000
5000000
5000000
5000000
5000000
5000000
5000000
5000000
5000000
5000000
5000000
5000000
5000000
5000000
5000000
5000000
5000000
5000000
5000000
5000000
5000000
5000000
5000000
5000000
5000000
5000000
5000000
5000000
5000000
5000000
5000000
5000000
5000000
5000000
5000000
5000000
5000000
5000000
5000000
5000000
5000000
5000000
5000000
5000000
5000000
5000000
5000000
5000000
5000000
5000000
5000000
5000000
5000000
5000000
5000000
5000000
5000000
5000000
5000000
5000000
5000000
5000000
5000000
5000000
5000000
5000000
5000000
5000000
5000000
5000000
5000000
5000000
5000000
5000000
5000000
5000000
5000000
5000000
5000000
5000000
5000000
5000000
5000000
5000000
5000000
5000000
5000000
5000000
5000000
5000000
5000000
5000000
5000000
5000000
5000000
5000000
5000000
5000000
5000000
5000000
5000000
5000000
5000000
5000000
5000000
5000000
5000000
5000000
5000000
5000000
5000000
5000000
5000000
5000000
5000000
5000000
5000000
5000000
5000000
5000000
5000000
5000000
5000000
5000000
5000000
5000000
5000000
5000000
5000000
5000000
5000000
5000000
5000000
5000000
5000000
5000000
5000000
5000000
5000000
5000000
5000000
5000000
5000000
5000000
5000000
5000000
5000000
5000000
5000000
5000000
5000000
5000000
5000000
5000000
5000000
5000000
5000000
5000000
5000000
5000000
5000000
5000000
5000000
5000000
5000000
5000000
5000000
5000000
5000000
5000000
5000000
5000000
5000000
5000000
5000000
5000000
5000000
5000000
5000000
5000000
5000000
5000000
5000000
5000000
5000000
5000000
5000000
5000000
5000000
5000000
5000000
5000000
5000000
5000000
5000000
5000000
5000000
5000000
5000000
5000000
5000000
5000000
5000000
5000000
5000000
5000000
5000000
5000000
5000000
5000000
5000000
5000000
5000000
5000000
5000000
5000000
5000000
5000000
5000000
5000000
5000000
5000000
5000000
5000000
5000000
5000000
5000000
5000000
5000000
5000000
5000000
5000000
5000000
5000000
5000000
5000000
5000000
5000000
5000000
5000000
5000000
5000000
5000000
5000000
5000000
5000000
5000000
5000000
5000000
5000000
5000000
5000000
5000000
5000000
5000000
5000000
5000000
5000000
5000000
5000000
5000000
5000000
5000000
5000000
5000000
5000000
5000000
5000000
5000000
5000000
5000000
5000000
5000000
5000000
5000000
5000000
5000000
5000000
5000000
5000000
5000000
5000000
5000000
5000000
5000000
5000000
5000000
5000000
5000000
5000000
5000000
5000000
5000000
5000000
5000000
5000000
5000000
5000000
5000000
5000000
5000000
5000000
5000000
5000000
5000000
5000000
5000000
5000000
5000000
5000000
5000000
5000000
5000000
5000000
5000000
5000000
5000000
5000000
5000000
5000000
5000000
5000000
5000000
5000000
5000000
5000000
5000000
5000000
5000000
5000000
5000000
5000000
5000000
5000000
5000000
5000000
5000000
5000000
5000000
5000000
5000000
5000000
5000000
5000000
5000000
5000000
5000000
5000000
5000000
5000000
5000000
5000000
5000000
5000000
5000000
5000000
5000000
5000000
5000000
5000000
5000000
5000000
5000000
5000000
5000000
5000000
5000000
5000000
5000000
5000000
5000000
5000000
5000000
5000000
5000000
5000000
5000000
5000000
5000000
5000000
)
;

boundaryField
{
    sides
    {
        type            zeroGradient;
    }
    empty1
    {
        type            empty;
    }
    empty2
    {
        type            empty;
    }
}


// ************************************************************************* //
