/*--------------------------------*- C++ -*----------------------------------*\
| =========                 |                                                 |
| \\      /  F ield         | OpenFOAM: The Open Source CFD Toolbox           |
|  \\    /   O peration     | Version:  3.0.1                                 |
|   \\  /    A nd           | Web:      www.OpenFOAM.org                      |
|    \\/     M anipulation  |                                                 |
\*---------------------------------------------------------------------------*/
FoamFile
{
    version     2.0;
    format      ascii;
    class       volScalarField;
    location    "5e-05";
    object      p;
}
// * * * * * * * * * * * * * * * * * * * * * * * * * * * * * * * * * * * * * //

dimensions      [1 -1 -2 0 0 0 0];

internalField   nonuniform List<scalar> 
1000
(
68970
68970
68970
68970
68970
68970
68970
68970
68970
68970
68970
68970
68970
68970
68970
68970
68970
68970
68970
68970
68970
68970
68970
68970
68970
68970
68970
68970
68970
68970
68970
68970
68970
68970
68970
68970
68970
68969.7
68968.7
68964.2
68946
68881.4
68677.2
68144.7
67025
65457.5
64026.7
63403
63550.5
63582.5
63795.1
63788
64031.4
64345.7
63289.6
61203.1
59872
59281.6
59062.9
58994.9
58975.9
58971.3
58970.3
58970
58970
58970
58970
58970
58970
58970
58970
58970
58970
58970
58970
58970
58970
58970
58970
58970
58970
58970
58970
58970
58970
58970
58970
58970
58970
58970
58970
58970
58970
58970
58970
58970
58970
58970
58970
58970
68970
68970
68970
68970
68970
68970
68970
68970
68970
68970
68970
68970
68970
68970
68970
68970
68970
68970
68970
68970
68970
68970
68970
68970
68970
68970
68970
68970
68970
68970
68970
68970
68970
68970
68970
68970
68970
68969.7
68968.7
68964.2
68946
68881.4
68677.2
68144.7
67025
65457.5
64026.7
63403
63550.5
63582.5
63795.1
63788
64031.4
64345.7
63289.6
61203.1
59872
59281.6
59062.9
58994.9
58975.9
58971.3
58970.3
58970
58970
58970
58970
58970
58970
58970
58970
58970
58970
58970
58970
58970
58970
58970
58970
58970
58970
58970
58970
58970
58970
58970
58970
58970
58970
58970
58970
58970
58970
58970
58970
58970
58970
58970
58970
58970
68970
68970
68970
68970
68970
68970
68970
68970
68970
68970
68970
68970
68970
68970
68970
68970
68970
68970
68970
68970
68970
68970
68970
68970
68970
68970
68970
68970
68970
68970
68970
68970
68970
68970
68970
68970
68970
68969.7
68968.7
68964.2
68946
68881.4
68677.2
68144.7
67025
65457.5
64026.7
63403
63550.5
63582.5
63795.1
63787.9
64031.4
64345.7
63289.6
61203.1
59872
59281.6
59062.9
58994.9
58975.9
58971.3
58970.3
58970
58970
58970
58970
58970
58970
58970
58970
58970
58970
58970
58970
58970
58970
58970
58970
58970
58970
58970
58970
58970
58970
58970
58970
58970
58970
58970
58970
58970
58970
58970
58970
58970
58970
58970
58970
58970
68970
68970
68970
68970
68970
68970
68970
68970
68970
68970
68970
68970
68970
68970
68970
68970
68970
68970
68970
68970
68970
68970
68970
68970
68970
68970
68970
68970
68970
68970
68970
68970
68970
68970
68970
68970
68970
68969.7
68968.7
68964.2
68946
68881.4
68677.2
68144.7
67025
65457.5
64026.7
63403
63550.5
63582.5
63795.1
63788
64031.4
64345.7
63289.6
61203.1
59872
59281.6
59062.9
58994.9
58975.9
58971.3
58970.3
58970
58970
58970
58970
58970
58970
58970
58970
58970
58970
58970
58970
58970
58970
58970
58970
58970
58970
58970
58970
58970
58970
58970
58970
58970
58970
58970
58970
58970
58970
58970
58970
58970
58970
58970
58970
58970
68970
68970
68970
68970
68970
68970
68970
68970
68970
68970
68970
68970
68970
68970
68970
68970
68970
68970
68970
68970
68970
68970
68970
68970
68970
68970
68970
68970
68970
68970
68970
68970
68970
68970
68970
68970
68970
68969.7
68968.7
68964.2
68946
68881.4
68677.2
68144.7
67025
65457.5
64026.7
63403
63550.5
63582.5
63795.1
63788
64031.4
64345.7
63289.6
61203.1
59872
59281.6
59062.9
58994.9
58975.9
58971.3
58970.3
58970
58970
58970
58970
58970
58970
58970
58970
58970
58970
58970
58970
58970
58970
58970
58970
58970
58970
58970
58970
58970
58970
58970
58970
58970
58970
58970
58970
58970
58970
58970
58970
58970
58970
58970
58970
58970
68970
68970
68970
68970
68970
68970
68970
68970
68970
68970
68970
68970
68970
68970
68970
68970
68970
68970
68970
68970
68970
68970
68970
68970
68970
68970
68970
68970
68970
68970
68970
68970
68970
68970
68970
68970
68970
68969.7
68968.7
68964.2
68946
68881.4
68677.2
68144.7
67025
65457.5
64026.7
63403
63550.5
63582.5
63795.1
63788
64031.4
64345.7
63289.6
61203.1
59872
59281.6
59062.9
58994.9
58975.9
58971.3
58970.3
58970
58970
58970
58970
58970
58970
58970
58970
58970
58970
58970
58970
58970
58970
58970
58970
58970
58970
58970
58970
58970
58970
58970
58970
58970
58970
58970
58970
58970
58970
58970
58970
58970
58970
58970
58970
58970
68970
68970
68970
68970
68970
68970
68970
68970
68970
68970
68970
68970
68970
68970
68970
68970
68970
68970
68970
68970
68970
68970
68970
68970
68970
68970
68970
68970
68970
68970
68970
68970
68970
68970
68970
68970
68970
68969.7
68968.7
68964.2
68946
68881.4
68677.2
68144.7
67025
65457.5
64026.7
63403
63550.5
63582.5
63795.1
63788
64031.4
64345.7
63289.6
61203.1
59872
59281.6
59062.9
58994.9
58975.9
58971.3
58970.3
58970
58970
58970
58970
58970
58970
58970
58970
58970
58970
58970
58970
58970
58970
58970
58970
58970
58970
58970
58970
58970
58970
58970
58970
58970
58970
58970
58970
58970
58970
58970
58970
58970
58970
58970
58970
58970
68970
68970
68970
68970
68970
68970
68970
68970
68970
68970
68970
68970
68970
68970
68970
68970
68970
68970
68970
68970
68970
68970
68970
68970
68970
68970
68970
68970
68970
68970
68970
68970
68970
68970
68970
68970
68970
68969.7
68968.7
68964.2
68946
68881.4
68677.2
68144.7
67025
65457.5
64026.7
63403
63550.5
63582.5
63795.1
63787.9
64031.4
64345.7
63289.6
61203.1
59872
59281.6
59062.9
58994.9
58975.9
58971.3
58970.3
58970
58970
58970
58970
58970
58970
58970
58970
58970
58970
58970
58970
58970
58970
58970
58970
58970
58970
58970
58970
58970
58970
58970
58970
58970
58970
58970
58970
58970
58970
58970
58970
58970
58970
58970
58970
58970
68970
68970
68970
68970
68970
68970
68970
68970
68970
68970
68970
68970
68970
68970
68970
68970
68970
68970
68970
68970
68970
68970
68970
68970
68970
68970
68970
68970
68970
68970
68970
68970
68970
68970
68970
68970
68970
68969.7
68968.7
68964.2
68946
68881.4
68677.2
68144.7
67025
65457.5
64026.7
63403
63550.5
63582.5
63795.1
63788
64031.4
64345.7
63289.6
61203.1
59872
59281.6
59062.9
58994.9
58975.9
58971.3
58970.3
58970
58970
58970
58970
58970
58970
58970
58970
58970
58970
58970
58970
58970
58970
58970
58970
58970
58970
58970
58970
58970
58970
58970
58970
58970
58970
58970
58970
58970
58970
58970
58970
58970
58970
58970
58970
58970
68970
68970
68970
68970
68970
68970
68970
68970
68970
68970
68970
68970
68970
68970
68970
68970
68970
68970
68970
68970
68970
68970
68970
68970
68970
68970
68970
68970
68970
68970
68970
68970
68970
68970
68970
68970
68970
68969.7
68968.7
68964.2
68946
68881.4
68677.2
68144.7
67025
65457.5
64026.7
63403
63550.5
63582.5
63795.1
63788
64031.4
64345.7
63289.6
61203.1
59872
59281.6
59062.9
58994.9
58975.9
58971.3
58970.3
58970
58970
58970
58970
58970
58970
58970
58970
58970
58970
58970
58970
58970
58970
58970
58970
58970
58970
58970
58970
58970
58970
58970
58970
58970
58970
58970
58970
58970
58970
58970
58970
58970
58970
58970
58970
58970
)
;

boundaryField
{
    sides1
    {
        type            zeroGradient;
    }
    sides2
    {
        type            slip;
    }
    empty
    {
        type            empty;
    }
}


// ************************************************************************* //
