/*--------------------------------*- C++ -*----------------------------------*\
| =========                 |                                                 |
| \\      /  F ield         | OpenFOAM: The Open Source CFD Toolbox           |
|  \\    /   O peration     | Version:  2012                                  |
|   \\  /    A nd           | Website:  www.openfoam.com                      |
|    \\/     M anipulation  |                                                 |
\*---------------------------------------------------------------------------*/
FoamFile
{
    version     2.0;
    format      ascii;
    class       volScalarField;
    location    "0.19";
    object      rho2;
}
// * * * * * * * * * * * * * * * * * * * * * * * * * * * * * * * * * * * * * //

dimensions      [1 -3 0 0 0 0 0];


internalField   nonuniform List<scalar> 
2268
(
1.32131
1.32131
1.32131
1.32131
1.3213
1.32131
1.32129
1.3213
1.32129
1.32133
1.32134
1.32143
1.32155
1.32179
1.32217
1.32272
1.32357
1.3247
1.32635
1.3282
1.33057
1.33253
1.33429
1.32055
1.32054
1.32054
1.32054
1.32053
1.32054
1.32051
1.32053
1.32051
1.32055
1.32056
1.32065
1.32076
1.32099
1.32137
1.32192
1.3228
1.32389
1.32554
1.3274
1.32972
1.33166
1.33337
1.31976
1.31976
1.31975
1.31975
1.31973
1.31975
1.31972
1.31973
1.31971
1.31974
1.31974
1.31981
1.31992
1.32012
1.32049
1.32097
1.32189
1.32286
1.32446
1.32619
1.32859
1.33053
1.33243
1.31895
1.31895
1.31895
1.31895
1.31892
1.31893
1.3189
1.31891
1.31888
1.3189
1.3189
1.31897
1.31906
1.31925
1.3196
1.32008
1.32099
1.32197
1.32357
1.32538
1.32775
1.32971
1.33099
1.31813
1.31813
1.31812
1.31812
1.31809
1.3181
1.31806
1.31806
1.31802
1.31803
1.31801
1.31805
1.31813
1.31827
1.31858
1.31897
1.31983
1.32064
1.32213
1.32354
1.32575
1.32733
1.32938
1.31729
1.31729
1.31728
1.31727
1.31724
1.31724
1.3172
1.31719
1.31714
1.31715
1.31711
1.31714
1.31719
1.31731
1.31758
1.31797
1.31878
1.31956
1.3211
1.32266
1.32498
1.32694
1.32752
1.31643
1.31643
1.31642
1.31641
1.31637
1.31636
1.31631
1.31629
1.31623
1.31621
1.31616
1.31615
1.31617
1.31621
1.31643
1.31668
1.31739
1.31791
1.31932
1.32016
1.32191
1.32236
1.32316
1.31556
1.31555
1.31554
1.31553
1.31549
1.31547
1.31541
1.31538
1.3153
1.31527
1.31519
1.31517
1.31514
1.31515
1.31532
1.31553
1.31614
1.31663
1.31798
1.31901
1.32092
1.32232
1.32158
1.29327
1.29327
1.29326
1.29327
1.29326
1.29327
1.29326
1.29327
1.29326
1.29326
1.29326
1.29326
1.29326
1.29326
1.29326
1.29326
1.29326
1.29326
1.29326
1.29326
1.29326
1.29326
1.29327
1.29326
1.29327
1.29326
1.29326
1.29326
1.29326
1.29326
1.29326
1.29326
1.29326
1.29326
1.29326
1.29326
1.29326
1.29326
1.29326
1.29326
1.29326
1.29326
1.29326
1.29326
1.29326
1.29326
1.29326
1.29326
1.29326
1.29326
1.29326
1.29326
1.29326
1.29326
1.29326
1.29326
1.29326
1.29326
1.29326
1.29326
1.29326
1.29326
1.29326
1.29326
1.29326
1.29326
1.29326
1.29326
1.29326
1.29326
1.29326
1.29326
1.29326
1.29326
1.29326
1.29326
1.29326
1.29326
1.29326
1.29326
1.29326
1.29326
1.29326
1.29326
1.29326
1.29326
1.29326
1.29326
1.29326
1.29326
1.29326
1.29326
1.29326
1.29326
1.29326
1.29326
1.29326
1.29326
1.29326
1.29326
1.29326
1.29326
1.29326
1.29326
1.29326
1.29326
1.29326
1.29326
1.29326
1.29326
1.29326
1.29326
1.29326
1.29326
1.29325
1.29325
1.29325
1.29326
1.29326
1.29326
1.29326
1.29326
1.29326
1.29326
1.29326
1.29326
1.29326
1.29326
1.29326
1.29326
1.29326
1.29326
1.29326
1.29327
1.29326
1.29326
1.29326
1.29326
1.29326
1.29326
1.29326
1.29326
1.29326
1.29326
1.29326
1.29326
1.29326
1.29326
1.29326
1.29326
1.29326
1.29326
1.31417
1.31416
1.31414
1.31412
1.31407
1.31404
1.31395
1.31391
1.3138
1.31372
1.3136
1.3135
1.31339
1.31326
1.3133
1.31323
1.31362
1.31354
1.31457
1.31393
1.3146
1.30991
1.30351
1.31221
1.3122
1.31217
1.31214
1.31207
1.31202
1.31191
1.31182
1.31167
1.31154
1.31134
1.31116
1.3109
1.31066
1.3104
1.31014
1.31006
1.30978
1.31033
1.30996
1.31143
1.31022
1.30952
1.3102
1.31018
1.31014
1.31009
1.31
1.30991
1.30976
1.30962
1.3094
1.30919
1.30888
1.30855
1.30811
1.30758
1.30696
1.30618
1.30547
1.30456
1.30403
1.3023
1.3016
1.29847
1.29754
1.30812
1.3081
1.30805
1.30798
1.30787
1.30775
1.30756
1.30737
1.30709
1.30679
1.30637
1.30589
1.30522
1.30438
1.30322
1.3019
1.30012
1.29761
1.29546
1.29386
1.29345
1.29345
1.29355
1.30604
1.30601
1.30594
1.30585
1.3057
1.30554
1.30529
1.30503
1.30466
1.30426
1.30371
1.30305
1.30206
1.30083
1.29911
1.29678
1.2945
1.29344
1.29311
1.29308
1.29309
1.29306
1.29309
1.3039
1.30386
1.30378
1.30367
1.3035
1.3033
1.30302
1.3027
1.30226
1.30172
1.30101
1.30017
1.29904
1.29723
1.29486
1.29359
1.29316
1.29312
1.29311
1.29312
1.29311
1.29309
1.29305
1.30179
1.30176
1.30166
1.30153
1.30132
1.30107
1.3007
1.3003
1.29974
1.29915
1.29833
1.29741
1.29562
1.29399
1.29335
1.29316
1.29313
1.29313
1.29311
1.29311
1.2931
1.29309
1.29305
1.29965
1.2996
1.29949
1.29932
1.29909
1.29881
1.29845
1.29801
1.29746
1.29668
1.29569
1.29453
1.29362
1.29335
1.2932
1.29316
1.29313
1.29312
1.29312
1.29311
1.2931
1.29308
1.29306
1.29759
1.29754
1.29743
1.29727
1.29704
1.2967
1.29625
1.29571
1.29499
1.29431
1.29377
1.29347
1.29334
1.29327
1.29318
1.29314
1.29313
1.29312
1.29312
1.29311
1.2931
1.29308
1.29306
1.29554
1.29548
1.29535
1.29515
1.29486
1.29454
1.29422
1.29391
1.29364
1.29345
1.29333
1.2933
1.29329
1.29322
1.29313
1.29313
1.29313
1.29313
1.29312
1.29311
1.2931
1.29308
1.29306
1.29391
1.29387
1.29381
1.29371
1.29363
1.29353
1.29344
1.29334
1.29332
1.29329
1.29327
1.29322
1.29322
1.29319
1.29313
1.29313
1.29313
1.29313
1.29312
1.29311
1.29309
1.29307
1.29305
1.29336
1.29335
1.29334
1.29335
1.29334
1.29332
1.2933
1.29328
1.29324
1.29321
1.29319
1.29318
1.29319
1.29318
1.29313
1.29313
1.29313
1.29313
1.29312
1.29311
1.2931
1.29307
1.29305
1.29329
1.29328
1.29328
1.29326
1.29325
1.29323
1.29321
1.29319
1.29318
1.29317
1.29316
1.29315
1.29316
1.29317
1.29314
1.29314
1.29313
1.29313
1.29312
1.29311
1.2931
1.29307
1.29304
1.2932
1.2932
1.2932
1.29319
1.29319
1.29318
1.29317
1.29317
1.29316
1.29316
1.29315
1.29314
1.29315
1.29317
1.29314
1.29314
1.29314
1.29313
1.29313
1.29312
1.29312
1.2931
1.29307
1.29317
1.29317
1.29317
1.29317
1.29317
1.29317
1.29316
1.29316
1.29316
1.29315
1.29315
1.29314
1.29314
1.29316
1.29314
1.29314
1.29314
1.29314
1.29313
1.29313
1.29313
1.29312
1.29312
1.29316
1.29316
1.29316
1.29316
1.29316
1.29316
1.29316
1.29316
1.29316
1.29315
1.29315
1.29313
1.29314
1.29315
1.29314
1.29314
1.29314
1.29314
1.29314
1.29314
1.29314
1.29314
1.29314
1.29316
1.29316
1.29316
1.29316
1.29316
1.29316
1.29316
1.29316
1.29316
1.29315
1.29315
1.29314
1.29315
1.29315
1.29314
1.29314
1.29314
1.29314
1.29314
1.29314
1.29314
1.29315
1.29315
1.29316
1.29316
1.29316
1.29316
1.29316
1.29316
1.29316
1.29316
1.29316
1.29315
1.29315
1.29315
1.29315
1.29315
1.29315
1.29315
1.29315
1.29315
1.29315
1.29315
1.29315
1.29315
1.29315
1.29316
1.29316
1.29316
1.29316
1.29316
1.29316
1.29316
1.29316
1.29316
1.29315
1.29315
1.29315
1.29315
1.29315
1.29315
1.29315
1.29315
1.29315
1.29315
1.29315
1.29315
1.29315
1.29316
1.29316
1.29316
1.29316
1.29316
1.29316
1.29316
1.29316
1.29316
1.29316
1.29316
1.29315
1.29315
1.29315
1.29315
1.29315
1.29315
1.29315
1.29315
1.29315
1.29315
1.29315
1.29316
1.29316
1.29316
1.29316
1.29316
1.29316
1.29316
1.29316
1.29316
1.29316
1.29316
1.29316
1.29315
1.29315
1.29315
1.29315
1.29315
1.29315
1.29315
1.29315
1.29315
1.29315
1.29316
1.29316
1.29316
1.29316
1.29316
1.29316
1.29316
1.29316
1.29316
1.29316
1.29316
1.29316
1.29316
1.29315
1.29315
1.29315
1.29315
1.29315
1.29315
1.29315
1.29315
1.29315
1.29316
1.29316
1.29316
1.29316
1.29316
1.29316
1.29316
1.29316
1.29316
1.29316
1.29316
1.29316
1.29316
1.29315
1.29315
1.29315
1.29315
1.29315
1.29315
1.29315
1.29315
1.29315
1.29315
1.29316
1.29316
1.29316
1.29316
1.29316
1.29316
1.29316
1.29316
1.29316
1.29316
1.29316
1.29315
1.29315
1.29315
1.29315
1.29315
1.29315
1.29315
1.29315
1.29315
1.29315
1.29315
1.29315
1.29316
1.29316
1.29316
1.29316
1.29315
1.29315
1.29315
1.29315
1.29315
1.29315
1.29315
1.29315
1.29315
1.29315
1.29315
1.29315
1.29315
1.29315
1.29315
1.29315
1.29315
1.29315
1.29315
1.29316
1.29316
1.29316
1.29316
1.29315
1.29315
1.29315
1.29315
1.29315
1.29315
1.29315
1.29315
1.29315
1.29315
1.29315
1.29315
1.29315
1.29315
1.29315
1.29315
1.29315
1.29315
1.29315
1.29316
1.29316
1.29316
1.29316
1.29315
1.29315
1.29315
1.29315
1.29315
1.29315
1.29315
1.29315
1.29315
1.29315
1.29315
1.29315
1.29315
1.29315
1.29315
1.29315
1.29315
1.29315
1.29315
1.29315
1.29316
1.29316
1.29316
1.29315
1.29315
1.29315
1.29315
1.29315
1.29315
1.29315
1.29315
1.29315
1.29315
1.29315
1.29315
1.29315
1.29315
1.29315
1.29315
1.29315
1.29315
1.29315
1.29315
1.29315
1.29316
1.29316
1.29315
1.29315
1.29315
1.29315
1.29315
1.29315
1.29315
1.29315
1.29315
1.29315
1.29315
1.29315
1.29315
1.29315
1.29315
1.29315
1.29315
1.29315
1.29315
1.29315
1.29315
1.29315
1.29316
1.29315
1.29315
1.29315
1.29315
1.29315
1.29315
1.29315
1.29315
1.29315
1.29315
1.29315
1.29315
1.29315
1.29315
1.29315
1.29315
1.29315
1.29315
1.29315
1.29315
1.29315
1.29315
1.29315
1.29315
1.29315
1.29315
1.29315
1.29315
1.29315
1.29315
1.29315
1.29315
1.29315
1.29315
1.29315
1.29315
1.29315
1.29315
1.29315
1.29315
1.29315
1.29315
1.29315
1.29315
1.29315
1.29315
1.29314
1.29314
1.29314
1.29314
1.29314
1.29314
1.29314
1.29314
1.29314
1.29314
1.29315
1.29315
1.29315
1.29315
1.29315
1.29315
1.29315
1.29315
1.29315
1.29315
1.29315
1.29315
1.29315
1.29314
1.29314
1.29314
1.29314
1.29314
1.29314
1.29314
1.29314
1.29314
1.29314
1.29314
1.29314
1.29314
1.29314
1.29314
1.29315
1.29315
1.29315
1.29315
1.29315
1.29315
1.29315
1.29315
1.29314
1.29314
1.29314
1.29314
1.29314
1.29314
1.29314
1.29314
1.29314
1.29314
1.29314
1.29314
1.29314
1.29314
1.29314
1.29314
1.29314
1.29314
1.29314
1.29315
1.29315
1.29315
1.29315
1.29314
1.29314
1.29314
1.29314
1.29314
1.29314
1.29314
1.29314
1.29314
1.29314
1.29314
1.29314
1.29314
1.29314
1.29314
1.29314
1.29314
1.29314
1.29314
1.29314
1.29314
1.29314
1.29315
1.29314
1.29314
1.29314
1.29314
1.29314
1.29314
1.29314
1.29314
1.29314
1.29314
1.29314
1.29314
1.29314
1.29314
1.29314
1.29314
1.29314
1.29314
1.29314
1.29314
1.29314
1.29314
1.29314
1.29313
1.29313
1.29313
1.29313
1.29313
1.29313
1.29313
1.29313
1.29313
1.29314
1.29314
1.29314
1.29314
1.29314
1.29314
1.29314
1.29314
1.29314
1.29314
1.29314
1.29314
1.29314
1.29314
1.29313
1.29313
1.29313
1.29313
1.29313
1.29313
1.29313
1.29313
1.29313
1.29313
1.29313
1.29313
1.29313
1.29313
1.29314
1.29314
1.29314
1.29314
1.29314
1.29314
1.29314
1.29314
1.29314
1.29312
1.29312
1.29312
1.29312
1.29312
1.29313
1.29313
1.29313
1.29313
1.29313
1.29313
1.29313
1.29313
1.29313
1.29313
1.29313
1.29313
1.29313
1.29314
1.29314
1.29314
1.29314
1.29314
1.29312
1.29312
1.29312
1.29312
1.29312
1.29312
1.29312
1.29312
1.29312
1.29312
1.29312
1.29313
1.29313
1.29313
1.29313
1.29313
1.29313
1.29313
1.29313
1.29313
1.29313
1.29313
1.29314
1.29312
1.29312
1.29312
1.29312
1.29312
1.29312
1.29312
1.29312
1.29312
1.29312
1.29312
1.29312
1.29312
1.29312
1.29312
1.29313
1.29313
1.29313
1.29313
1.29313
1.29313
1.29313
1.29313
1.29311
1.29311
1.29311
1.29311
1.29311
1.29311
1.29311
1.29311
1.29312
1.29312
1.29312
1.29312
1.29312
1.29312
1.29312
1.29312
1.29312
1.29312
1.29312
1.29313
1.29313
1.29313
1.29313
1.27721
1.29326
1.29324
1.29322
1.30226
1.29636
1.29265
1.29295
1.29179
1.2929
1.29173
1.29187
1.29457
1.29424
1.29358
1.29331
1.29311
1.29334
1.29328
1.29283
1.29301
1.29302
1.29318
1.29312
1.29304
1.29303
1.29306
1.29309
1.29304
1.29304
1.29306
1.29305
1.29304
1.29303
1.29305
1.29304
1.29304
1.29303
1.29304
1.29303
1.29303
1.29302
1.29303
1.29301
1.29304
1.29302
1.29302
1.29298
1.29301
1.29299
1.29297
1.29294
1.29305
1.29303
1.293
1.29302
1.29311
1.29311
1.2931
1.29311
1.29314
1.29314
1.29315
1.29315
1.29315
1.29316
1.29316
1.29317
1.29316
1.29316
1.29317
1.29317
1.29316
1.29316
1.29317
1.29317
1.29316
1.29317
1.29317
1.29317
1.29316
1.29317
1.29317
1.29317
1.29316
1.29317
1.29317
1.29317
1.29316
1.29316
1.29317
1.29317
1.29316
1.29316
1.29316
1.29317
1.29316
1.29316
1.29316
1.29316
1.29316
1.29316
1.29316
1.29316
1.29316
1.29316
1.29316
1.29316
1.29316
1.29316
1.29316
1.29316
1.29316
1.29316
1.29316
1.29316
1.29315
1.29315
1.29316
1.29316
1.29315
1.29315
1.29315
1.29315
1.29315
1.29315
1.29315
1.29315
1.29315
1.29315
1.29315
1.29315
1.29315
1.29315
1.29315
1.29315
1.29315
1.29315
1.29315
1.29315
1.29314
1.29314
1.29314
1.29314
1.29314
1.29314
1.29314
1.29314
1.29314
1.29314
1.29314
1.29314
1.29314
1.29314
1.29314
1.29314
1.29314
1.29314
1.29314
1.29314
1.29313
1.29313
1.29313
1.29313
1.29313
1.29313
1.29313
1.29313
1.29323
1.29324
1.29324
1.29325
1.29325
1.29326
1.29326
1.29326
1.29326
1.29326
1.29326
1.29326
1.29325
1.29325
1.29325
1.29325
1.29325
1.29325
1.29325
1.29324
1.29327
1.29325
1.29326
1.29326
1.29326
1.29326
1.29326
1.29325
1.29326
1.29325
1.29325
1.29325
1.29325
1.29325
1.29325
1.29325
1.29325
1.29325
1.29267
1.29321
1.29323
1.29325
1.29325
1.29326
1.29325
1.29326
1.29325
1.29325
1.29325
1.29325
1.29325
1.29325
1.29325
1.29325
1.29325
1.29325
1.29325
1.29207
1.29314
1.29328
1.29324
1.29326
1.29326
1.29326
1.29325
1.29325
1.29325
1.29325
1.29325
1.29325
1.29325
1.29325
1.29325
1.29325
1.29325
1.29325
1.29224
1.29295
1.29329
1.29323
1.29326
1.29325
1.29326
1.29325
1.29325
1.29325
1.29325
1.29325
1.29325
1.29325
1.29325
1.29324
1.29324
1.29324
1.29324
1.29205
1.29296
1.29326
1.29325
1.29326
1.29326
1.29325
1.29325
1.29325
1.29325
1.29325
1.29325
1.29324
1.29324
1.29324
1.29324
1.29324
1.29324
1.29324
1.29229
1.29298
1.29325
1.29325
1.29326
1.29325
1.29325
1.29325
1.29325
1.29324
1.29324
1.29324
1.29324
1.29324
1.29324
1.29324
1.29324
1.29324
1.29324
1.29233
1.29299
1.29322
1.29324
1.29324
1.29325
1.29325
1.29325
1.29324
1.29324
1.29324
1.29324
1.29324
1.29324
1.29324
1.29324
1.29324
1.29324
1.29324
1.29225
1.29303
1.29319
1.29322
1.29323
1.29324
1.29324
1.29324
1.29324
1.29324
1.29324
1.29324
1.29324
1.29323
1.29323
1.29323
1.29323
1.29323
1.29323
1.29239
1.29308
1.29318
1.29321
1.29322
1.29324
1.29324
1.29324
1.29324
1.29324
1.29324
1.29323
1.29323
1.29323
1.29323
1.29323
1.29323
1.29323
1.29323
1.29305
1.29311
1.29316
1.2932
1.29322
1.29323
1.29323
1.29323
1.29323
1.29323
1.29323
1.29323
1.29323
1.29323
1.29323
1.29323
1.29323
1.29323
1.29323
1.29313
1.29315
1.29316
1.29321
1.29322
1.29323
1.29323
1.29323
1.29323
1.29323
1.29323
1.29323
1.29323
1.29323
1.29323
1.29323
1.29323
1.29323
1.29323
1.29303
1.2931
1.29318
1.29323
1.29323
1.29323
1.29323
1.29323
1.29323
1.29322
1.29323
1.29322
1.29322
1.29322
1.29322
1.29322
1.29322
1.29322
1.29322
1.29306
1.29312
1.29319
1.29323
1.29323
1.29323
1.29323
1.29322
1.29322
1.29322
1.29322
1.29322
1.29322
1.29322
1.29322
1.29322
1.29322
1.29322
1.29322
1.29314
1.29317
1.29321
1.29322
1.29322
1.29322
1.29322
1.29322
1.29322
1.29322
1.29322
1.29322
1.29322
1.29322
1.29322
1.29322
1.29322
1.29322
1.29322
1.29317
1.29319
1.29321
1.29321
1.29322
1.29321
1.29322
1.29321
1.29322
1.29321
1.29321
1.29321
1.29321
1.29321
1.29321
1.29321
1.29321
1.29321
1.29321
1.29318
1.29319
1.2932
1.29321
1.29321
1.29321
1.29321
1.29321
1.29321
1.29321
1.29321
1.29321
1.29321
1.29321
1.29321
1.29321
1.29321
1.29321
1.29321
1.29318
1.29318
1.2932
1.2932
1.2932
1.2932
1.29321
1.2932
1.29321
1.29321
1.29321
1.29321
1.29321
1.29321
1.29321
1.29321
1.29321
1.29321
1.29321
1.29318
1.29318
1.29319
1.29319
1.2932
1.2932
1.2932
1.2932
1.2932
1.2932
1.2932
1.2932
1.2932
1.2932
1.2932
1.2932
1.2932
1.2932
1.2932
1.29318
1.29318
1.29319
1.29319
1.29319
1.29319
1.2932
1.2932
1.2932
1.2932
1.2932
1.2932
1.2932
1.2932
1.2932
1.2932
1.2932
1.2932
1.2932
1.29317
1.29318
1.29318
1.29318
1.29319
1.29319
1.29319
1.29319
1.29319
1.29319
1.29319
1.29319
1.2932
1.29319
1.2932
1.2932
1.2932
1.2932
1.2932
1.29317
1.29317
1.29318
1.29318
1.29318
1.29319
1.29319
1.29319
1.29319
1.29319
1.29319
1.29319
1.29319
1.29319
1.29319
1.29319
1.29319
1.29319
1.29319
1.29317
1.29317
1.29318
1.29318
1.29318
1.29318
1.29318
1.29318
1.29319
1.29319
1.29319
1.29319
1.29319
1.29319
1.29319
1.29319
1.29319
1.29319
1.29319
1.29317
1.29317
1.29317
1.29318
1.29318
1.29318
1.29318
1.29318
1.29318
1.29318
1.29318
1.29318
1.29318
1.29318
1.29319
1.29319
1.29319
1.29319
1.29319
1.29317
1.29317
1.29317
1.29317
1.29317
1.29318
1.29318
1.29318
1.29318
1.29318
1.29318
1.29318
1.29318
1.29318
1.29318
1.29318
1.29318
1.29318
1.29318
1.29316
1.29317
1.29317
1.29317
1.29317
1.29317
1.29317
1.29317
1.29318
1.29318
1.29318
1.29318
1.29318
1.29318
1.29318
1.29318
1.29318
1.29318
1.29318
1.29316
1.29316
1.29317
1.29317
1.29317
1.29317
1.29317
1.29317
1.29317
1.29317
1.29317
1.29317
1.29317
1.29318
1.29318
1.29318
1.29318
1.29318
1.29318
1.29316
1.29316
1.29316
1.29316
1.29317
1.29317
1.29317
1.29317
1.29317
1.29317
1.29317
1.29317
1.29317
1.29317
1.29317
1.29317
1.29317
1.29317
1.29317
1.29316
1.29316
1.29316
1.29316
1.29316
1.29316
1.29317
1.29317
1.29317
1.29317
1.29317
1.29317
1.29317
1.29317
1.29317
1.29317
1.29317
1.29317
1.29317
1.29316
1.29316
1.29316
1.29316
1.29316
1.29316
1.29316
1.29316
1.29316
1.29316
1.29317
1.29317
1.29317
1.29317
1.29317
1.29317
1.29317
1.29317
1.29317
1.29315
1.29316
1.29316
1.29316
1.29316
1.29316
1.29316
1.29316
1.29316
1.29316
1.29316
1.29316
1.29316
1.29316
1.29316
1.29316
1.29316
1.29316
1.29316
1.29315
1.29315
1.29315
1.29316
1.29316
1.29316
1.29316
1.29316
1.29316
1.29316
1.29316
1.29316
1.29316
1.29316
1.29316
1.29316
1.29316
1.29316
1.29316
1.29315
1.29315
1.29315
1.29315
1.29315
1.29315
1.29315
1.29316
1.29316
1.29316
1.29316
1.29316
1.29316
1.29316
1.29316
1.29316
1.29316
1.29316
1.29316
1.29315
1.29315
1.29315
1.29315
1.29315
1.29315
1.29315
1.29315
1.29315
1.29315
1.29315
1.29315
1.29315
1.29315
1.29315
1.29316
1.29316
1.29316
1.29316
1.29315
1.29315
1.29315
1.29315
1.29315
1.29315
1.29315
1.29315
1.29315
1.29315
1.29315
1.29315
1.29315
1.29315
1.29315
1.29315
1.29315
1.29315
1.29315
1.29314
1.29315
1.29315
1.29315
1.29315
1.29315
1.29315
1.29315
1.29315
1.29315
1.29315
1.29315
1.29315
1.29315
1.29315
1.29315
1.29315
1.29315
1.29315
1.29314
1.29314
1.29314
1.29314
1.29314
1.29314
1.29315
1.29315
1.29315
1.29315
1.29315
1.29315
1.29315
1.29315
1.29315
1.29315
1.29315
1.29315
1.29315
1.29314
1.29314
1.29314
1.29314
1.29314
1.29314
1.29314
1.29314
1.29314
1.29314
1.29314
1.29314
1.29314
1.29314
1.29314
1.29314
1.29314
1.29314
1.29314
1.29314
1.29314
1.29314
1.29314
1.29314
1.29314
1.29314
1.29314
1.29314
1.29314
1.29314
1.29314
1.29314
1.29314
1.29314
1.29314
1.29314
1.29314
1.29314
1.29314
1.29314
1.29314
1.29314
1.29314
1.29314
1.29314
1.29314
1.29314
1.29314
1.29314
1.29314
1.29314
1.29314
1.29314
1.29314
1.29314
1.29314
1.29314
1.29313
1.29314
1.29314
1.29314
1.29314
1.29314
1.29314
1.29314
1.29314
1.29314
1.29314
1.29314
1.29314
1.29314
1.29314
1.29314
1.29314
1.29314
1.29314
1.29313
1.29313
1.29313
1.29313
1.29313
1.29314
1.29314
1.29314
1.29314
1.29314
1.29314
1.29314
1.29314
1.29314
1.29314
1.29314
1.29314
1.29314
1.29314
)
;

boundaryField
{
    leftWall
    {
        type            calculated;
        value           nonuniform List<scalar> 
50
(
1.32131
1.32055
1.31976
1.31895
1.31813
1.31729
1.31643
1.31556
1.31417
1.31221
1.3102
1.30812
1.30604
1.3039
1.30179
1.29965
1.29759
1.29554
1.29391
1.29336
1.29329
1.2932
1.29317
1.29316
1.29316
1.29316
1.29316
1.29316
1.29316
1.29316
1.29316
1.29316
1.29315
1.29315
1.29315
1.29315
1.29315
1.29315
1.29315
1.29314
1.29314
1.29314
1.29314
1.29314
1.29313
1.29313
1.29312
1.29312
1.29312
1.29311
)
;
    }
    rightWall
    {
        type            calculated;
        value           nonuniform List<scalar> 
50
(
1.29326
1.29326
1.29326
1.29326
1.29326
1.29326
1.29326
1.29326
1.29325
1.29325
1.29325
1.29325
1.29324
1.29324
1.29324
1.29324
1.29323
1.29323
1.29323
1.29323
1.29322
1.29322
1.29322
1.29321
1.29321
1.29321
1.2932
1.2932
1.2932
1.29319
1.29319
1.29319
1.29318
1.29318
1.29318
1.29317
1.29317
1.29317
1.29316
1.29316
1.29316
1.29316
1.29315
1.29315
1.29315
1.29314
1.29314
1.29314
1.29314
1.29314
)
;
    }
    lowerWall
    {
        type            calculated;
        value           nonuniform List<scalar> 
62
(
1.32169
1.32169
1.32169
1.32169
1.32167
1.32169
1.32166
1.32168
1.32167
1.3217
1.32172
1.32181
1.32193
1.32216
1.32254
1.3231
1.32395
1.32507
1.32672
1.32857
1.33095
1.33291
1.33466
1.33429
1.33337
1.33243
1.33099
1.32938
1.32752
1.32316
1.32158
1.27801
1.29373
1.29324
1.29322
1.29327
1.29326
1.29326
1.29326
1.29326
1.29326
1.29325
1.29327
1.29327
1.29327
1.29326
1.29327
1.29326
1.29327
1.29326
1.29327
1.29326
1.29327
1.29326
1.29326
1.29326
1.29326
1.29326
1.29326
1.29326
1.29326
1.29326
)
;
    }
    atmosphere
    {
        type            calculated;
        value           nonuniform List<scalar> 
46
(
1.29321
1.29321
1.29321
1.29321
1.29321
1.29321
1.29321
1.29321
1.29321
1.29321
1.29321
1.29321
1.29321
1.29321
1.29321
1.29322
1.29322
1.29322
1.29322
1.29322
1.29322
1.29322
1.29322
1.29322
1.29322
1.29322
1.29322
1.29322
1.29323
1.29323
1.29323
1.29323
1.29323
1.29323
1.29323
1.29323
1.29323
1.29323
1.29323
1.29323
1.29323
1.29323
1.29323
1.29323
1.29323
1.29323
)
;
    }
    defaultFaces
    {
        type            empty;
    }
}


// ************************************************************************* //
