/*--------------------------------*- C++ -*----------------------------------*\
| =========                 |                                                 |
| \\      /  F ield         | OpenFOAM: The Open Source CFD Toolbox           |
|  \\    /   O peration     | Version:  2012                                  |
|   \\  /    A nd           | Website:  www.openfoam.com                      |
|    \\/     M anipulation  |                                                 |
\*---------------------------------------------------------------------------*/
FoamFile
{
    version     2.0;
    format      ascii;
    class       volScalarField;
    location    "0.11";
    object      p;
}
// * * * * * * * * * * * * * * * * * * * * * * * * * * * * * * * * * * * * * //

dimensions      [1 -1 -2 0 0 0 0];


internalField   nonuniform List<scalar> 
2268
(
103429
103422
103407
103386
103353
103317
103263
103211
103133
103059
102956
102848
102714
102577
102410
102219
102007
101806
101641
101509
101416
101375
101412
103370
103363
103348
103327
103294
103258
103204
103152
103074
102999
102896
102788
102654
102515
102347
102150
101937
101739
101575
101444
101367
101349
101368
103311
103304
103289
103268
103234
103199
103145
103092
103014
102939
102836
102727
102592
102451
102278
102076
101863
101664
101501
101384
101341
101335
101347
103252
103245
103229
103208
103175
103139
103085
103032
102954
102878
102774
102665
102528
102384
102204
101995
101779
101581
101427
101344
101334
101331
101339
103193
103186
103170
103149
103115
103080
103025
102972
102894
102817
102712
102601
102462
102315
102127
101909
101695
101493
101365
101330
101330
101328
101334
103133
103126
103110
103089
103056
103020
102966
102912
102833
102755
102649
102537
102396
102242
102044
101820
101597
101410
101337
101328
101329
101328
101332
103074
103067
103051
103030
102996
102960
102906
102852
102773
102694
102586
102472
102329
102168
101963
101732
101509
101356
101329
101326
101328
101327
101330
103014
103007
102991
102970
102937
102900
102846
102791
102712
102632
102523
102407
102261
102092
101876
101637
101420
101334
101328
101326
101328
101327
101329
101325
101325
101325
101325
101325
101325
101325
101325
101325
101325
101325
101325
101325
101325
101325
101325
101325
101325
101325
101325
101325
101325
101325
101325
101325
101325
101325
101325
101325
101325
101325
101325
101325
101325
101325
101325
101325
101325
101325
101325
101325
101325
101325
101325
101325
101325
101325
101325
101325
101325
101325
101325
101325
101325
101325
101325
101325
101325
101325
101325
101325
101325
101325
101325
101325
101325
101325
101325
101325
101325
101325
101325
101325
101325
101325
101325
101324
101325
101325
101325
101325
101325
101325
101325
101325
101325
101325
101325
101325
101325
101325
101325
101325
101325
101325
101325
101325
101325
101325
101325
101325
101325
101325
101325
101325
101325
101325
101325
101325
101325
101325
101325
101325
101325
101324
101325
101325
101325
101325
101325
101325
101325
101325
101325
101325
101325
101325
101325
101325
101325
101325
101325
101325
101324
101325
101325
101325
101325
101325
101325
101325
101325
101325
101325
101325
101325
101325
101325
101325
101325
101325
101325
102921
102914
102898
102877
102843
102806
102752
102696
102617
102535
102424
102304
102152
101976
101746
101511
101353
101327
101326
101325
101327
101325
101327
102795
102789
102772
102752
102718
102681
102626
102570
102489
102406
102291
102170
102007
101824
101577
101368
101328
101325
101326
101325
101326
101325
101326
102670
102663
102647
102627
102593
102556
102503
102444
102365
102279
102166
102038
101876
101682
101429
101332
101326
101324
101325
101324
101325
101325
101326
102547
102541
102525
102505
102472
102434
102383
102323
102247
102157
102050
101913
101761
101553
101346
101326
101325
101324
101325
101324
101325
101325
101326
102426
102420
102404
102384
102353
102316
102266
102208
102134
102044
101942
101803
101661
101444
101329
101325
101324
101324
101324
101324
101325
101325
101325
102308
102303
102287
102269
102238
102203
102154
102098
102026
101942
101839
101712
101571
101366
101325
101324
101324
101324
101324
101324
101325
101324
101325
102192
102187
102173
102155
102126
102094
102047
101997
101925
101851
101747
101638
101490
101333
101324
101323
101323
101323
101324
101324
101324
101324
101324
102082
102077
102064
102047
102020
101990
101945
101900
101831
101766
101664
101574
101424
101325
101324
101323
101323
101323
101324
101324
101324
101324
101324
101973
101968
101956
101942
101917
101891
101851
101811
101748
101691
101597
101520
101375
101323
101323
101322
101323
101323
101323
101323
101324
101323
101324
101870
101866
101855
101842
101820
101795
101760
101722
101668
101616
101536
101469
101344
101323
101323
101322
101323
101323
101323
101323
101323
101323
101323
101767
101764
101755
101744
101727
101706
101678
101646
101603
101556
101493
101427
101328
101322
101322
101322
101322
101322
101323
101323
101323
101323
101323
101672
101669
101661
101650
101635
101616
101592
101563
101528
101487
101440
101385
101322
101322
101322
101322
101322
101322
101323
101323
101323
101323
101323
101575
101573
101568
101560
101550
101536
101519
101497
101473
101441
101408
101358
101321
101322
101322
101322
101322
101322
101322
101322
101323
101322
101323
101484
101481
101477
101469
101460
101446
101432
101413
101394
101369
101347
101322
101321
101322
101322
101322
101322
101322
101322
101322
101322
101322
101322
101398
101396
101394
101390
101386
101381
101376
101370
101366
101360
101355
101344
101321
101322
101322
101321
101322
101322
101322
101322
101322
101322
101322
101345
101344
101343
101341
101339
101336
101333
101330
101327
101323
101320
101320
101321
101320
101321
101321
101321
101321
101322
101322
101322
101322
101322
101321
101321
101321
101321
101321
101321
101320
101320
101320
101320
101320
101320
101319
101320
101320
101321
101321
101321
101321
101321
101322
101322
101322
101321
101321
101321
101321
101321
101321
101320
101320
101320
101320
101320
101320
101319
101319
101320
101320
101321
101321
101321
101321
101321
101321
101322
101320
101320
101320
101320
101320
101320
101320
101320
101320
101320
101320
101319
101319
101318
101319
101320
101321
101321
101321
101321
101321
101321
101321
101320
101320
101320
101320
101320
101320
101320
101320
101320
101320
101320
101320
101319
101319
101320
101320
101321
101321
101321
101321
101321
101321
101321
101320
101320
101320
101320
101320
101320
101320
101320
101320
101320
101320
101320
101320
101320
101320
101320
101320
101321
101321
101321
101321
101321
101321
101320
101320
101320
101320
101320
101320
101320
101320
101320
101320
101320
101320
101320
101320
101320
101320
101320
101321
101321
101321
101321
101321
101321
101320
101320
101320
101320
101320
101320
101320
101320
101320
101320
101320
101320
101320
101320
101320
101320
101320
101320
101321
101321
101321
101321
101321
101320
101320
101320
101320
101320
101320
101320
101320
101320
101320
101320
101320
101320
101320
101320
101320
101320
101320
101320
101320
101320
101321
101321
101320
101320
101320
101320
101320
101320
101320
101320
101320
101320
101320
101320
101320
101320
101320
101320
101320
101320
101320
101320
101320
101320
101320
101320
101320
101320
101320
101320
101320
101320
101320
101320
101320
101320
101320
101320
101320
101320
101320
101320
101320
101320
101320
101320
101320
101320
101320
101320
101320
101320
101320
101320
101320
101320
101320
101320
101320
101320
101320
101320
101320
101320
101320
101320
101320
101320
101320
101320
101320
101320
101320
101320
101320
101320
101320
101320
101320
101320
101320
101320
101320
101320
101320
101320
101320
101320
101320
101320
101320
101320
101320
101320
101319
101319
101319
101319
101319
101319
101319
101320
101320
101320
101320
101320
101320
101320
101320
101320
101320
101320
101320
101320
101320
101320
101320
101319
101319
101319
101319
101319
101319
101319
101319
101319
101319
101319
101319
101319
101319
101319
101319
101320
101320
101320
101320
101320
101320
101320
101319
101319
101319
101319
101319
101319
101319
101319
101319
101319
101319
101319
101319
101319
101319
101319
101319
101319
101319
101319
101319
101319
101319
101319
101319
101319
101319
101319
101319
101319
101319
101319
101319
101319
101319
101319
101319
101319
101319
101319
101319
101319
101319
101319
101319
101319
101319
101319
101319
101319
101319
101319
101319
101319
101319
101319
101319
101319
101319
101319
101319
101319
101319
101319
101319
101319
101319
101319
101319
101319
101319
101319
101319
101319
101319
101319
101319
101319
101319
101319
101319
101319
101319
101319
101319
101319
101319
101319
101319
101319
101319
101319
101319
101319
101319
101319
101319
101319
101319
101319
101319
101319
101319
101319
101319
101319
101319
101319
101319
101319
101319
101319
101319
101319
101319
101319
101319
101319
101319
101319
101319
101319
101319
101319
101319
101319
101319
101319
101319
101319
101319
101319
101319
101319
101319
101319
101319
101319
101318
101318
101318
101318
101318
101318
101318
101318
101318
101318
101318
101318
101318
101318
101318
101318
101318
101318
101318
101318
101318
101318
101318
101318
101318
101318
101318
101318
101318
101318
101318
101318
101318
101318
101318
101318
101318
101318
101318
101318
101318
101318
101318
101318
101318
101318
101318
101318
101318
101318
101318
101318
101318
101318
101318
101318
101318
101318
101318
101318
101318
101318
101318
101318
101318
101318
101318
101318
101318
101318
101318
101318
101318
101318
101318
101318
101318
101318
101318
101318
101318
101318
101318
101318
101318
101318
101318
101318
101318
101318
101318
101318
101318
101318
101318
101318
101318
101318
101318
101318
101318
101318
101318
101318
101318
101318
101318
101318
101318
101318
101318
101318
101318
101318
101318
101318
101318
101318
101318
101318
101318
101318
101318
101318
101318
101318
101318
101318
101318
101318
101318
101318
101318
101318
101318
101318
101318
101318
101319
101324
101322
101324
101324
101324
101323
101324
101325
101325
101324
101325
101325
101325
101325
101325
101325
101325
101325
101325
101325
101325
101325
101325
101324
101324
101324
101324
101324
101324
101324
101324
101324
101324
101324
101324
101323
101323
101323
101324
101323
101323
101323
101323
101323
101323
101323
101323
101323
101323
101323
101323
101322
101322
101323
101323
101322
101322
101322
101322
101322
101322
101322
101322
101322
101322
101322
101322
101322
101322
101322
101322
101321
101321
101321
101322
101321
101321
101321
101321
101321
101321
101321
101321
101321
101321
101321
101321
101321
101321
101321
101321
101321
101321
101321
101321
101320
101320
101320
101320
101320
101320
101320
101320
101320
101320
101320
101320
101320
101320
101320
101320
101320
101320
101320
101320
101320
101320
101320
101320
101319
101319
101319
101319
101319
101319
101319
101319
101319
101319
101319
101319
101319
101319
101319
101319
101319
101319
101319
101319
101319
101319
101319
101319
101318
101318
101318
101318
101318
101318
101318
101318
101318
101318
101318
101318
101318
101318
101318
101318
101318
101318
101318
101318
101318
101318
101318
101318
101323
101325
101324
101325
101325
101325
101325
101325
101325
101325
101325
101325
101325
101325
101325
101325
101325
101325
101325
101324
101325
101324
101325
101325
101325
101325
101325
101325
101325
101325
101325
101325
101325
101325
101325
101325
101325
101325
101324
101325
101324
101325
101324
101325
101324
101324
101324
101324
101324
101324
101324
101324
101324
101324
101324
101324
101324
101324
101325
101324
101325
101324
101324
101324
101324
101324
101324
101324
101324
101324
101324
101324
101324
101324
101324
101324
101324
101325
101324
101324
101324
101324
101324
101324
101324
101324
101324
101324
101324
101324
101324
101324
101324
101324
101324
101324
101324
101324
101324
101324
101324
101324
101324
101324
101324
101324
101324
101324
101324
101324
101324
101324
101324
101324
101324
101324
101324
101324
101324
101324
101324
101324
101324
101324
101324
101324
101324
101324
101324
101324
101324
101324
101324
101324
101324
101324
101324
101324
101324
101324
101324
101324
101324
101324
101324
101324
101324
101324
101324
101324
101324
101324
101324
101324
101324
101324
101324
101324
101323
101324
101323
101323
101323
101323
101323
101323
101323
101323
101323
101323
101323
101323
101324
101323
101323
101323
101323
101323
101323
101323
101323
101323
101323
101323
101323
101323
101323
101323
101323
101323
101323
101323
101323
101323
101323
101323
101323
101323
101323
101323
101323
101323
101323
101323
101323
101323
101323
101323
101323
101323
101323
101323
101323
101323
101323
101323
101323
101323
101323
101323
101323
101323
101323
101323
101323
101323
101323
101323
101323
101323
101323
101323
101323
101323
101323
101323
101323
101323
101323
101323
101323
101323
101323
101323
101323
101323
101323
101323
101323
101323
101323
101323
101323
101323
101323
101323
101323
101323
101323
101323
101323
101323
101323
101323
101323
101323
101322
101322
101322
101322
101322
101322
101322
101322
101322
101322
101322
101322
101322
101322
101322
101322
101322
101322
101322
101322
101322
101322
101322
101322
101322
101322
101322
101322
101322
101322
101322
101322
101322
101322
101322
101322
101322
101322
101322
101322
101322
101322
101322
101322
101322
101322
101322
101322
101322
101322
101322
101322
101322
101322
101322
101322
101322
101322
101322
101322
101322
101322
101322
101322
101322
101322
101322
101322
101322
101322
101322
101322
101322
101322
101322
101322
101322
101322
101322
101322
101322
101322
101322
101322
101322
101322
101322
101322
101322
101322
101322
101322
101322
101322
101322
101321
101321
101321
101321
101321
101321
101321
101321
101321
101321
101321
101322
101322
101322
101322
101322
101322
101322
101322
101321
101321
101321
101321
101321
101321
101321
101321
101321
101321
101321
101321
101321
101321
101321
101321
101321
101321
101321
101321
101321
101321
101321
101321
101321
101321
101321
101321
101321
101321
101321
101321
101321
101321
101321
101321
101321
101321
101321
101321
101321
101321
101321
101321
101321
101321
101321
101321
101321
101321
101321
101321
101321
101321
101321
101321
101321
101321
101321
101321
101321
101321
101321
101321
101321
101321
101321
101321
101321
101321
101321
101321
101321
101321
101321
101321
101320
101321
101321
101321
101321
101321
101321
101321
101321
101321
101321
101321
101321
101321
101321
101321
101321
101321
101321
101320
101320
101320
101320
101320
101320
101320
101320
101320
101320
101320
101320
101320
101320
101320
101320
101320
101320
101320
101320
101320
101320
101320
101320
101320
101320
101320
101320
101320
101320
101320
101320
101320
101320
101320
101320
101320
101320
101320
101320
101320
101320
101320
101320
101320
101320
101320
101320
101320
101320
101320
101320
101320
101320
101320
101320
101320
101320
101320
101320
101320
101320
101320
101320
101320
101320
101320
101320
101320
101320
101320
101320
101320
101320
101320
101320
101320
101320
101320
101320
101320
101320
101320
101320
101320
101320
101320
101320
101320
101320
101320
101320
101320
101320
101320
101319
101320
101320
101320
101320
101320
101320
101320
101320
101320
101320
101320
101320
101320
101320
101320
101320
101320
101320
101319
101319
101319
101319
101319
101319
101319
101319
101319
101319
101319
101319
101319
101319
101319
101319
101319
101319
101319
101319
101319
101319
101319
101319
101319
101319
101319
101319
101319
101319
101319
101319
101319
101319
101319
101319
101319
101319
101319
101319
101319
101319
101319
101319
101319
101319
101319
101319
101319
101319
101319
101319
101319
101319
101319
101319
101319
101319
101319
101319
101319
101319
101319
101319
101319
101319
101319
101319
101319
101319
101319
101319
101319
101319
101319
101319
101319
101319
101319
101319
101319
101319
101319
101319
101319
101319
101319
101319
101319
101319
101319
101319
101319
101319
101319
101318
101319
101319
101319
101319
101319
101319
101319
101319
101319
101319
101319
101319
101319
101319
101319
101319
101319
101319
101318
101318
101318
101318
101318
101318
101318
101318
101318
101318
101318
101318
101318
101318
101318
101318
101318
101318
101318
101318
101318
101318
101318
101318
101318
101318
101318
101318
101318
101318
101318
101318
101318
101318
101318
101318
101318
101318
101318
101318
101318
101318
101318
101318
101318
101318
101318
101318
101318
101318
101318
101318
101318
101318
101318
101318
101318
101318
101318
101318
101318
101318
101318
101318
101318
101318
101318
101318
101318
101318
101318
101318
101318
101318
101318
101318
101318
101318
101318
101318
101318
101318
101318
101318
101318
101318
101318
101318
101318
101318
101318
101318
101318
101318
101318
)
;

boundaryField
{
    leftWall
    {
        type            zeroGradient;
    }
    rightWall
    {
        type            zeroGradient;
    }
    lowerWall
    {
        type            zeroGradient;
    }
    atmosphere
    {
        type            fixedValue;
        value           uniform 101325;
    }
    defaultFaces
    {
        type            empty;
    }
}


// ************************************************************************* //
