/*--------------------------------*- C++ -*----------------------------------*\
| =========                 |                                                 |
| \\      /  F ield         | OpenFOAM: The Open Source CFD Toolbox           |
|  \\    /   O peration     | Version:  2012                                  |
|   \\  /    A nd           | Website:  www.openfoam.com                      |
|    \\/     M anipulation  |                                                 |
\*---------------------------------------------------------------------------*/
FoamFile
{
    version     2.0;
    format      ascii;
    class       volScalarField;
    location    "0.2";
    object      rho2;
}
// * * * * * * * * * * * * * * * * * * * * * * * * * * * * * * * * * * * * * //

dimensions      [1 -3 0 0 0 0 0];


internalField   nonuniform List<scalar> 
2268
(
1.31947
1.31946
1.31945
1.31944
1.31941
1.3194
1.31936
1.31934
1.31933
1.3193
1.31935
1.31935
1.31953
1.31963
1.32009
1.32046
1.32132
1.32218
1.32369
1.32517
1.32721
1.32878
1.33019
1.3187
1.31869
1.31868
1.31867
1.31864
1.31863
1.31859
1.31857
1.31855
1.31853
1.31857
1.31857
1.31875
1.31884
1.3193
1.31966
1.32055
1.32138
1.32289
1.32436
1.32637
1.32793
1.32927
1.31792
1.31791
1.3179
1.31789
1.31785
1.31784
1.3178
1.31777
1.31775
1.31772
1.31776
1.31774
1.31792
1.31799
1.31844
1.31875
1.31967
1.32041
1.32188
1.32326
1.3253
1.32684
1.3284
1.31712
1.31711
1.3171
1.31708
1.31705
1.31703
1.31699
1.31696
1.31693
1.3169
1.31693
1.31691
1.31707
1.31713
1.31756
1.31786
1.31878
1.31952
1.32099
1.32242
1.32446
1.32606
1.32708
1.31631
1.3163
1.31628
1.31627
1.31623
1.31621
1.31616
1.31612
1.31608
1.31604
1.31605
1.31602
1.31616
1.31619
1.31659
1.31681
1.31772
1.31833
1.3197
1.3208
1.32266
1.32387
1.3255
1.31548
1.31547
1.31545
1.31543
1.31539
1.31536
1.31531
1.31527
1.31522
1.31517
1.31516
1.31512
1.31523
1.31525
1.31562
1.31582
1.3167
1.31726
1.31866
1.31989
1.32188
1.32352
1.32406
1.31464
1.31463
1.31461
1.31458
1.31454
1.3145
1.31444
1.31438
1.31432
1.31426
1.31423
1.31416
1.31424
1.3142
1.31454
1.31463
1.31549
1.3158
1.31714
1.31776
1.31917
1.31941
1.31994
1.31378
1.31377
1.31375
1.31372
1.31367
1.31363
1.31355
1.31349
1.31341
1.31334
1.31328
1.3132
1.31323
1.31318
1.31344
1.31351
1.31429
1.3145
1.31583
1.31657
1.3182
1.31937
1.31899
1.29329
1.29329
1.29329
1.29328
1.29329
1.29328
1.29329
1.29328
1.29329
1.29329
1.29329
1.29329
1.29329
1.29329
1.29329
1.29329
1.29329
1.29329
1.29329
1.29329
1.29329
1.29329
1.29328
1.29329
1.29328
1.29329
1.29328
1.29329
1.29328
1.29329
1.29328
1.29329
1.29328
1.29329
1.29328
1.29328
1.29328
1.29328
1.29329
1.29328
1.29329
1.29328
1.29328
1.29328
1.29328
1.29328
1.29329
1.29328
1.29328
1.29328
1.29328
1.29328
1.29328
1.29328
1.29328
1.29328
1.29328
1.29329
1.29328
1.29328
1.29328
1.29328
1.29328
1.29328
1.29328
1.29328
1.29328
1.29328
1.29328
1.29328
1.29328
1.29328
1.29328
1.29328
1.29328
1.29328
1.29328
1.29328
1.29328
1.29328
1.29328
1.29328
1.29328
1.29328
1.29328
1.29328
1.29328
1.29328
1.29328
1.29328
1.29328
1.29328
1.29328
1.29328
1.29328
1.29328
1.29328
1.29328
1.29328
1.29328
1.29328
1.29328
1.29328
1.29328
1.29328
1.29328
1.29328
1.29328
1.29328
1.29328
1.29328
1.29328
1.29328
1.29328
1.29328
1.29328
1.29328
1.29328
1.29328
1.29328
1.29328
1.29328
1.29328
1.29328
1.29328
1.29328
1.29328
1.29328
1.29328
1.29328
1.29328
1.29328
1.29328
1.29328
1.29328
1.29328
1.29328
1.29328
1.29328
1.29328
1.29328
1.29328
1.29328
1.29328
1.29328
1.29328
1.29328
1.29328
1.29328
1.29328
1.29328
1.29328
1.31242
1.3124
1.31238
1.31234
1.31228
1.31222
1.31213
1.31205
1.31194
1.31183
1.31172
1.31159
1.31154
1.31141
1.31156
1.31142
1.31212
1.31185
1.31307
1.31239
1.31276
1.30848
1.3018
1.31051
1.31049
1.31046
1.31041
1.31033
1.31025
1.31013
1.31001
1.30986
1.30969
1.30951
1.30931
1.30911
1.3089
1.30873
1.30853
1.30868
1.30822
1.30914
1.30835
1.30994
1.30851
1.30894
1.30855
1.30853
1.30848
1.30841
1.30831
1.3082
1.30804
1.30788
1.30766
1.30742
1.30713
1.30681
1.30643
1.30601
1.30548
1.30495
1.30464
1.30402
1.30441
1.3028
1.3031
1.29996
1.29778
1.30655
1.30652
1.30647
1.30639
1.30626
1.30612
1.30592
1.30569
1.3054
1.30507
1.30468
1.30422
1.30362
1.30292
1.30198
1.30108
1.29979
1.29803
1.2964
1.29505
1.29508
1.29514
1.29484
1.30452
1.30449
1.30442
1.30431
1.30415
1.30397
1.30372
1.30344
1.30308
1.30265
1.3021
1.30146
1.30057
1.29957
1.29787
1.29604
1.29405
1.29351
1.29319
1.2931
1.29305
1.29302
1.29294
1.30247
1.30244
1.30235
1.30223
1.30206
1.30184
1.30154
1.30116
1.3007
1.30013
1.29948
1.29868
1.29753
1.29586
1.29404
1.29347
1.29316
1.29313
1.29312
1.29312
1.29311
1.29308
1.29304
1.30044
1.30039
1.30029
1.30013
1.29991
1.29964
1.29929
1.29889
1.29839
1.2978
1.29696
1.29582
1.29454
1.29358
1.29327
1.29317
1.29313
1.29313
1.29311
1.29311
1.2931
1.29309
1.29307
1.29838
1.29833
1.29823
1.29807
1.29786
1.29758
1.29723
1.2967
1.29609
1.29522
1.2944
1.29373
1.29344
1.29328
1.29322
1.29316
1.29313
1.29312
1.29311
1.29311
1.2931
1.29309
1.29307
1.29642
1.29636
1.29624
1.29605
1.29578
1.29544
1.29497
1.29449
1.29409
1.29367
1.29345
1.29331
1.29329
1.29325
1.29316
1.29312
1.29311
1.29311
1.29311
1.2931
1.29309
1.29308
1.29306
1.29452
1.29447
1.29437
1.29422
1.29406
1.29385
1.29366
1.29351
1.29335
1.2933
1.29328
1.29325
1.29322
1.29319
1.29312
1.29312
1.29311
1.29312
1.29311
1.2931
1.29308
1.29307
1.29305
1.29351
1.29349
1.29347
1.29342
1.29337
1.29332
1.29331
1.29329
1.29327
1.29323
1.2932
1.29318
1.29318
1.29317
1.29311
1.29311
1.29311
1.29311
1.2931
1.29309
1.29308
1.29305
1.29303
1.29331
1.29331
1.2933
1.29329
1.29328
1.29326
1.29323
1.29321
1.29318
1.29316
1.29316
1.29315
1.29315
1.29315
1.29312
1.29312
1.29311
1.29311
1.2931
1.29309
1.29307
1.29305
1.29302
1.29322
1.29322
1.29321
1.2932
1.29319
1.29318
1.29317
1.29316
1.29315
1.29314
1.29314
1.29313
1.29313
1.29315
1.29313
1.29312
1.29312
1.29311
1.2931
1.29309
1.29307
1.29305
1.29301
1.29317
1.29317
1.29316
1.29316
1.29316
1.29315
1.29315
1.29315
1.29314
1.29314
1.29313
1.29312
1.29312
1.29314
1.29313
1.29312
1.29312
1.29311
1.29311
1.2931
1.29308
1.29306
1.29302
1.29315
1.29315
1.29315
1.29315
1.29315
1.29315
1.29315
1.29314
1.29314
1.29313
1.29313
1.29312
1.29312
1.29314
1.29312
1.29312
1.29312
1.29312
1.29311
1.2931
1.29309
1.29307
1.29304
1.29315
1.29315
1.29315
1.29315
1.29315
1.29314
1.29314
1.29314
1.29314
1.29313
1.29313
1.29312
1.29313
1.29313
1.29312
1.29312
1.29312
1.29312
1.29312
1.29311
1.29311
1.2931
1.29309
1.29315
1.29314
1.29315
1.29314
1.29314
1.29314
1.29314
1.29314
1.29314
1.29314
1.29313
1.29313
1.29313
1.29313
1.29313
1.29313
1.29312
1.29312
1.29312
1.29312
1.29311
1.29311
1.2931
1.29314
1.29314
1.29314
1.29314
1.29314
1.29314
1.29314
1.29314
1.29314
1.29314
1.29313
1.29313
1.29313
1.29313
1.29313
1.29313
1.29313
1.29313
1.29312
1.29312
1.29312
1.29312
1.29313
1.29314
1.29314
1.29314
1.29314
1.29314
1.29314
1.29314
1.29314
1.29314
1.29314
1.29314
1.29313
1.29313
1.29313
1.29313
1.29313
1.29313
1.29313
1.29313
1.29313
1.29313
1.29313
1.29313
1.29314
1.29314
1.29314
1.29314
1.29314
1.29314
1.29314
1.29314
1.29314
1.29314
1.29314
1.29314
1.29314
1.29313
1.29313
1.29313
1.29313
1.29313
1.29313
1.29313
1.29314
1.29314
1.29314
1.29314
1.29314
1.29314
1.29314
1.29314
1.29314
1.29314
1.29314
1.29314
1.29314
1.29314
1.29314
1.29314
1.29314
1.29314
1.29313
1.29313
1.29314
1.29314
1.29314
1.29314
1.29314
1.29315
1.29314
1.29314
1.29314
1.29314
1.29314
1.29314
1.29314
1.29314
1.29314
1.29314
1.29314
1.29314
1.29314
1.29314
1.29314
1.29314
1.29314
1.29314
1.29314
1.29314
1.29314
1.29315
1.29315
1.29314
1.29314
1.29314
1.29314
1.29314
1.29314
1.29314
1.29314
1.29314
1.29314
1.29314
1.29314
1.29314
1.29314
1.29314
1.29314
1.29314
1.29314
1.29314
1.29314
1.29314
1.29315
1.29315
1.29314
1.29314
1.29314
1.29314
1.29314
1.29314
1.29314
1.29314
1.29314
1.29314
1.29314
1.29314
1.29314
1.29314
1.29314
1.29314
1.29314
1.29314
1.29314
1.29314
1.29315
1.29315
1.29315
1.29314
1.29314
1.29314
1.29314
1.29314
1.29314
1.29314
1.29314
1.29314
1.29314
1.29314
1.29314
1.29314
1.29314
1.29314
1.29314
1.29314
1.29314
1.29314
1.29314
1.29315
1.29315
1.29315
1.29314
1.29314
1.29314
1.29314
1.29314
1.29314
1.29314
1.29314
1.29314
1.29314
1.29314
1.29314
1.29314
1.29314
1.29314
1.29314
1.29314
1.29314
1.29314
1.29315
1.29315
1.29315
1.29315
1.29314
1.29314
1.29314
1.29314
1.29314
1.29314
1.29314
1.29314
1.29314
1.29314
1.29314
1.29314
1.29314
1.29314
1.29314
1.29314
1.29314
1.29314
1.29314
1.29315
1.29315
1.29315
1.29315
1.29314
1.29314
1.29314
1.29314
1.29314
1.29314
1.29314
1.29314
1.29314
1.29314
1.29314
1.29314
1.29314
1.29314
1.29314
1.29314
1.29314
1.29314
1.29314
1.29315
1.29315
1.29315
1.29315
1.29314
1.29314
1.29314
1.29314
1.29314
1.29314
1.29314
1.29314
1.29314
1.29314
1.29314
1.29314
1.29314
1.29314
1.29314
1.29314
1.29314
1.29314
1.29314
1.29315
1.29315
1.29315
1.29315
1.29314
1.29314
1.29314
1.29314
1.29314
1.29314
1.29314
1.29314
1.29314
1.29314
1.29314
1.29314
1.29314
1.29314
1.29314
1.29314
1.29314
1.29314
1.29314
1.29314
1.29315
1.29315
1.29315
1.29314
1.29314
1.29314
1.29314
1.29314
1.29314
1.29314
1.29314
1.29314
1.29314
1.29314
1.29314
1.29314
1.29314
1.29314
1.29314
1.29314
1.29314
1.29314
1.29314
1.29315
1.29315
1.29315
1.29314
1.29314
1.29314
1.29314
1.29314
1.29314
1.29314
1.29314
1.29314
1.29314
1.29314
1.29314
1.29314
1.29314
1.29314
1.29314
1.29314
1.29314
1.29314
1.29314
1.29314
1.29315
1.29315
1.29313
1.29313
1.29313
1.29313
1.29313
1.29313
1.29314
1.29314
1.29314
1.29314
1.29314
1.29314
1.29314
1.29314
1.29314
1.29314
1.29314
1.29314
1.29314
1.29314
1.29314
1.29314
1.29315
1.29313
1.29313
1.29313
1.29313
1.29313
1.29313
1.29313
1.29313
1.29313
1.29314
1.29314
1.29314
1.29314
1.29314
1.29314
1.29314
1.29314
1.29314
1.29314
1.29314
1.29314
1.29314
1.29314
1.29313
1.29313
1.29313
1.29313
1.29313
1.29313
1.29313
1.29313
1.29313
1.29313
1.29313
1.29314
1.29314
1.29314
1.29314
1.29314
1.29314
1.29314
1.29314
1.29314
1.29314
1.29314
1.29314
1.29313
1.29313
1.29313
1.29313
1.29313
1.29313
1.29313
1.29313
1.29313
1.29313
1.29313
1.29313
1.29313
1.29313
1.29314
1.29314
1.29314
1.29314
1.29314
1.29314
1.29314
1.29314
1.29314
1.29313
1.29313
1.29313
1.29313
1.29313
1.29313
1.29313
1.29313
1.29313
1.29313
1.29313
1.29313
1.29313
1.29313
1.29313
1.29313
1.29314
1.29314
1.29314
1.29314
1.29314
1.29314
1.29314
1.29312
1.29312
1.29312
1.29312
1.29312
1.29313
1.29313
1.29313
1.29313
1.29313
1.29313
1.29313
1.29313
1.29313
1.29313
1.29313
1.29313
1.29313
1.29314
1.29314
1.29314
1.29314
1.29314
1.29312
1.29312
1.29312
1.29312
1.29312
1.29312
1.29312
1.29312
1.29312
1.29312
1.29313
1.29313
1.29313
1.29313
1.29313
1.29313
1.29313
1.29313
1.29313
1.29313
1.29313
1.29314
1.29314
1.29312
1.29312
1.29312
1.29312
1.29312
1.29312
1.29312
1.29312
1.29312
1.29312
1.29312
1.29312
1.29312
1.29313
1.29313
1.29313
1.29313
1.29313
1.29313
1.29313
1.29313
1.29313
1.29313
1.29311
1.29311
1.29311
1.29311
1.29311
1.29311
1.29311
1.29311
1.29311
1.29312
1.29312
1.29312
1.29312
1.29312
1.29312
1.29312
1.29312
1.29313
1.29313
1.29313
1.29313
1.29313
1.29313
1.29311
1.29311
1.29311
1.29311
1.29311
1.29311
1.29311
1.29311
1.29311
1.29311
1.29311
1.29311
1.29311
1.29312
1.29312
1.29312
1.29312
1.29312
1.29312
1.29312
1.29312
1.29313
1.29313
1.27811
1.29305
1.29327
1.29327
1.30266
1.29721
1.29214
1.29286
1.29142
1.293
1.29172
1.29223
1.29499
1.29433
1.29371
1.29356
1.29279
1.29283
1.29257
1.29257
1.29301
1.29302
1.29301
1.29313
1.29305
1.29302
1.29299
1.29299
1.29305
1.29304
1.29302
1.29302
1.29305
1.29304
1.29303
1.29303
1.29304
1.29303
1.29302
1.29303
1.29303
1.29302
1.29301
1.29303
1.29301
1.293
1.293
1.29301
1.29299
1.29298
1.29298
1.29299
1.29297
1.29294
1.29293
1.29295
1.29299
1.29294
1.29292
1.2929
1.29307
1.29305
1.29304
1.29303
1.2931
1.2931
1.2931
1.2931
1.29313
1.29313
1.29314
1.29314
1.29314
1.29314
1.29314
1.29315
1.29315
1.29315
1.29315
1.29316
1.29315
1.29315
1.29315
1.29316
1.29315
1.29315
1.29316
1.29316
1.29315
1.29316
1.29316
1.29316
1.29315
1.29316
1.29316
1.29316
1.29315
1.29316
1.29316
1.29316
1.29315
1.29316
1.29316
1.29316
1.29315
1.29315
1.29316
1.29316
1.29315
1.29315
1.29315
1.29316
1.29315
1.29315
1.29315
1.29315
1.29315
1.29315
1.29315
1.29315
1.29315
1.29315
1.29315
1.29315
1.29315
1.29315
1.29315
1.29315
1.29315
1.29315
1.29315
1.29315
1.29314
1.29315
1.29315
1.29315
1.29314
1.29314
1.29314
1.29314
1.29314
1.29314
1.29314
1.29314
1.29314
1.29314
1.29314
1.29314
1.29314
1.29314
1.29314
1.29314
1.29314
1.29314
1.29314
1.29314
1.29313
1.29314
1.29314
1.29314
1.29313
1.29313
1.29313
1.29313
1.29313
1.29313
1.29313
1.29313
1.29327
1.29326
1.29327
1.29327
1.29327
1.29328
1.29328
1.29328
1.29328
1.29328
1.29328
1.29328
1.29328
1.29328
1.29328
1.29328
1.29328
1.29328
1.29328
1.29323
1.29329
1.29328
1.29327
1.29327
1.29328
1.29328
1.29328
1.29328
1.29328
1.29328
1.29328
1.29328
1.29328
1.29328
1.29328
1.29328
1.29328
1.29328
1.29239
1.29323
1.29327
1.29326
1.29325
1.29328
1.29327
1.29328
1.29327
1.29328
1.29328
1.29327
1.29327
1.29327
1.29327
1.29327
1.29327
1.29327
1.29327
1.2926
1.29275
1.29325
1.29326
1.29326
1.29327
1.29327
1.29328
1.29328
1.29327
1.29327
1.29327
1.29327
1.29327
1.29327
1.29327
1.29327
1.29327
1.29327
1.2919
1.29229
1.2931
1.29331
1.29324
1.29328
1.29327
1.29328
1.29327
1.29327
1.29327
1.29327
1.29327
1.29327
1.29327
1.29327
1.29327
1.29327
1.29327
1.29236
1.29235
1.29292
1.29327
1.29325
1.29328
1.29327
1.29328
1.29327
1.29327
1.29327
1.29327
1.29327
1.29327
1.29327
1.29327
1.29327
1.29327
1.29327
1.29299
1.29217
1.29292
1.29326
1.29327
1.29328
1.29328
1.29328
1.29327
1.29327
1.29327
1.29327
1.29327
1.29326
1.29326
1.29326
1.29326
1.29326
1.29326
1.29304
1.29253
1.29296
1.29325
1.29328
1.29327
1.29328
1.29327
1.29327
1.29327
1.29327
1.29326
1.29326
1.29326
1.29326
1.29326
1.29326
1.29326
1.29326
1.29304
1.29262
1.29311
1.29325
1.29328
1.29327
1.29328
1.29327
1.29327
1.29326
1.29326
1.29326
1.29326
1.29326
1.29326
1.29326
1.29326
1.29326
1.29326
1.29302
1.29193
1.29311
1.29322
1.29327
1.29326
1.29327
1.29327
1.29327
1.29326
1.29326
1.29326
1.29326
1.29326
1.29326
1.29325
1.29325
1.29325
1.29325
1.293
1.29205
1.2931
1.29321
1.29325
1.29326
1.29327
1.29326
1.29326
1.29326
1.29326
1.29325
1.29325
1.29325
1.29325
1.29325
1.29325
1.29325
1.29325
1.29298
1.29242
1.29315
1.2932
1.29325
1.29325
1.29326
1.29326
1.29326
1.29325
1.29325
1.29325
1.29325
1.29325
1.29325
1.29325
1.29325
1.29325
1.29325
1.29295
1.29324
1.29315
1.2932
1.29324
1.29325
1.29326
1.29325
1.29325
1.29325
1.29325
1.29325
1.29325
1.29324
1.29324
1.29324
1.29324
1.29324
1.29324
1.29282
1.29312
1.29315
1.2932
1.29324
1.29324
1.29325
1.29325
1.29325
1.29324
1.29324
1.29324
1.29324
1.29324
1.29324
1.29324
1.29324
1.29324
1.29324
1.2929
1.29308
1.29315
1.29322
1.29325
1.29325
1.29325
1.29324
1.29324
1.29324
1.29324
1.29324
1.29324
1.29324
1.29324
1.29324
1.29324
1.29324
1.29323
1.29306
1.29308
1.29314
1.29321
1.29324
1.29324
1.29324
1.29324
1.29323
1.29323
1.29323
1.29323
1.29323
1.29323
1.29323
1.29323
1.29323
1.29323
1.29323
1.29311
1.29317
1.29319
1.29323
1.29323
1.29323
1.29323
1.29323
1.29323
1.29323
1.29323
1.29323
1.29323
1.29323
1.29323
1.29323
1.29323
1.29323
1.29323
1.29315
1.29317
1.29319
1.29321
1.29322
1.29322
1.29322
1.29322
1.29322
1.29322
1.29322
1.29322
1.29322
1.29322
1.29322
1.29322
1.29322
1.29322
1.29322
1.29316
1.29318
1.29319
1.29321
1.29321
1.29321
1.29321
1.29322
1.29322
1.29322
1.29322
1.29322
1.29322
1.29322
1.29322
1.29322
1.29322
1.29322
1.29322
1.29316
1.29318
1.29319
1.2932
1.2932
1.29321
1.29321
1.29321
1.29321
1.29321
1.29321
1.29321
1.29321
1.29321
1.29321
1.29321
1.29321
1.29321
1.29321
1.29316
1.29318
1.29318
1.29319
1.2932
1.2932
1.2932
1.29321
1.29321
1.29321
1.29321
1.29321
1.29321
1.29321
1.29321
1.29321
1.29321
1.29321
1.29321
1.29317
1.29317
1.29318
1.29319
1.29319
1.29319
1.2932
1.2932
1.2932
1.2932
1.2932
1.2932
1.2932
1.29321
1.29321
1.29321
1.29321
1.29321
1.29321
1.29316
1.29317
1.29318
1.29318
1.29319
1.29319
1.29319
1.29319
1.2932
1.2932
1.2932
1.2932
1.2932
1.2932
1.2932
1.2932
1.2932
1.2932
1.2932
1.29316
1.29317
1.29317
1.29318
1.29318
1.29319
1.29319
1.29319
1.29319
1.29319
1.29319
1.2932
1.2932
1.2932
1.2932
1.2932
1.2932
1.2932
1.2932
1.29316
1.29317
1.29317
1.29317
1.29318
1.29318
1.29318
1.29319
1.29319
1.29319
1.29319
1.29319
1.29319
1.29319
1.29319
1.29319
1.29319
1.29319
1.29319
1.29316
1.29316
1.29317
1.29317
1.29317
1.29318
1.29318
1.29318
1.29318
1.29318
1.29319
1.29319
1.29319
1.29319
1.29319
1.29319
1.29319
1.29319
1.29319
1.29316
1.29316
1.29317
1.29317
1.29317
1.29317
1.29318
1.29318
1.29318
1.29318
1.29318
1.29318
1.29318
1.29318
1.29318
1.29318
1.29319
1.29319
1.29319
1.29316
1.29316
1.29316
1.29317
1.29317
1.29317
1.29317
1.29317
1.29318
1.29318
1.29318
1.29318
1.29318
1.29318
1.29318
1.29318
1.29318
1.29318
1.29318
1.29316
1.29316
1.29316
1.29316
1.29317
1.29317
1.29317
1.29317
1.29317
1.29317
1.29317
1.29317
1.29318
1.29318
1.29318
1.29318
1.29318
1.29318
1.29318
1.29315
1.29316
1.29316
1.29316
1.29316
1.29316
1.29317
1.29317
1.29317
1.29317
1.29317
1.29317
1.29317
1.29317
1.29317
1.29317
1.29317
1.29317
1.29317
1.29315
1.29315
1.29316
1.29316
1.29316
1.29316
1.29316
1.29316
1.29317
1.29317
1.29317
1.29317
1.29317
1.29317
1.29317
1.29317
1.29317
1.29317
1.29317
1.29315
1.29315
1.29315
1.29316
1.29316
1.29316
1.29316
1.29316
1.29316
1.29316
1.29316
1.29316
1.29317
1.29317
1.29317
1.29317
1.29317
1.29317
1.29317
1.29315
1.29315
1.29315
1.29315
1.29315
1.29316
1.29316
1.29316
1.29316
1.29316
1.29316
1.29316
1.29316
1.29316
1.29316
1.29316
1.29316
1.29316
1.29316
1.29315
1.29315
1.29315
1.29315
1.29315
1.29315
1.29315
1.29315
1.29316
1.29316
1.29316
1.29316
1.29316
1.29316
1.29316
1.29316
1.29316
1.29316
1.29316
1.29315
1.29315
1.29315
1.29315
1.29315
1.29315
1.29315
1.29315
1.29315
1.29315
1.29315
1.29315
1.29316
1.29316
1.29316
1.29316
1.29316
1.29316
1.29316
1.29314
1.29314
1.29315
1.29315
1.29315
1.29315
1.29315
1.29315
1.29315
1.29315
1.29315
1.29315
1.29315
1.29315
1.29315
1.29315
1.29315
1.29315
1.29315
1.29314
1.29314
1.29314
1.29314
1.29314
1.29315
1.29315
1.29315
1.29315
1.29315
1.29315
1.29315
1.29315
1.29315
1.29315
1.29315
1.29315
1.29315
1.29315
1.29314
1.29314
1.29314
1.29314
1.29314
1.29314
1.29314
1.29314
1.29314
1.29315
1.29315
1.29315
1.29315
1.29315
1.29315
1.29315
1.29315
1.29315
1.29315
1.29314
1.29314
1.29314
1.29314
1.29314
1.29314
1.29314
1.29314
1.29314
1.29314
1.29314
1.29314
1.29314
1.29314
1.29314
1.29314
1.29314
1.29315
1.29315
1.29314
1.29314
1.29314
1.29314
1.29314
1.29314
1.29314
1.29314
1.29314
1.29314
1.29314
1.29314
1.29314
1.29314
1.29314
1.29314
1.29314
1.29314
1.29314
1.29313
1.29314
1.29314
1.29314
1.29314
1.29314
1.29314
1.29314
1.29314
1.29314
1.29314
1.29314
1.29314
1.29314
1.29314
1.29314
1.29314
1.29314
1.29314
1.29313
1.29313
1.29313
1.29314
1.29314
1.29314
1.29314
1.29314
1.29314
1.29314
1.29314
1.29314
1.29314
1.29314
1.29314
1.29314
1.29314
1.29314
1.29314
)
;

boundaryField
{
    leftWall
    {
        type            calculated;
        value           nonuniform List<scalar> 
50
(
1.31947
1.3187
1.31792
1.31712
1.31631
1.31548
1.31464
1.31378
1.31242
1.31051
1.30855
1.30655
1.30452
1.30247
1.30044
1.29838
1.29642
1.29452
1.29351
1.29331
1.29322
1.29317
1.29315
1.29315
1.29315
1.29314
1.29314
1.29314
1.29314
1.29314
1.29314
1.29314
1.29314
1.29314
1.29314
1.29314
1.29314
1.29314
1.29314
1.29314
1.29313
1.29313
1.29313
1.29313
1.29313
1.29312
1.29312
1.29312
1.29311
1.29311
)
;
    }
    rightWall
    {
        type            calculated;
        value           nonuniform List<scalar> 
50
(
1.29329
1.29328
1.29328
1.29328
1.29328
1.29328
1.29328
1.29328
1.29328
1.29328
1.29327
1.29327
1.29327
1.29327
1.29326
1.29326
1.29326
1.29325
1.29325
1.29325
1.29324
1.29324
1.29323
1.29323
1.29323
1.29322
1.29322
1.29321
1.29321
1.29321
1.2932
1.2932
1.29319
1.29319
1.29319
1.29318
1.29318
1.29317
1.29317
1.29317
1.29316
1.29316
1.29316
1.29315
1.29315
1.29315
1.29315
1.29314
1.29314
1.29314
)
;
    }
    lowerWall
    {
        type            calculated;
        value           nonuniform List<scalar> 
62
(
1.31984
1.31984
1.31983
1.31981
1.31978
1.31977
1.31974
1.31971
1.3197
1.31968
1.31973
1.31972
1.31991
1.32001
1.32047
1.32083
1.3217
1.32256
1.32407
1.32554
1.32759
1.32916
1.33056
1.33019
1.32927
1.3284
1.32708
1.3255
1.32406
1.31994
1.31899
1.2789
1.29374
1.29328
1.29327
1.29329
1.29329
1.29329
1.29329
1.29328
1.29328
1.29328
1.29328
1.29329
1.29329
1.29329
1.29328
1.29329
1.29328
1.29329
1.29329
1.29329
1.29329
1.29329
1.29329
1.29329
1.29329
1.29329
1.29329
1.29329
1.29329
1.29329
)
;
    }
    atmosphere
    {
        type            calculated;
        value           nonuniform List<scalar> 
46
(
1.2932
1.2932
1.2932
1.2932
1.2932
1.2932
1.2932
1.2932
1.29321
1.29321
1.29321
1.29321
1.29321
1.29321
1.29321
1.29321
1.29321
1.29321
1.29322
1.29322
1.29322
1.29322
1.29322
1.29322
1.29322
1.29322
1.29322
1.29323
1.29323
1.29323
1.29323
1.29323
1.29323
1.29323
1.29323
1.29323
1.29323
1.29323
1.29324
1.29324
1.29324
1.29324
1.29324
1.29324
1.29324
1.29324
)
;
    }
    defaultFaces
    {
        type            empty;
    }
}


// ************************************************************************* //
