/*--------------------------------*- C++ -*----------------------------------*\
| =========                 |                                                 |
| \\      /  F ield         | OpenFOAM: The Open Source CFD Toolbox           |
|  \\    /   O peration     | Version:  2012                                  |
|   \\  /    A nd           | Website:  www.openfoam.com                      |
|    \\/     M anipulation  |                                                 |
\*---------------------------------------------------------------------------*/
FoamFile
{
    version     2.0;
    format      ascii;
    class       volVectorField;
    location    "0.28";
    object      U;
}
// * * * * * * * * * * * * * * * * * * * * * * * * * * * * * * * * * * * * * //

dimensions      [0 1 -1 0 0 0 0];


internalField   nonuniform List<vector> 
2268
(
(0.0233774 -0.0113876 0)
(0.072513 -0.0113143 0)
(0.118656 -0.0112567 0)
(0.167274 -0.0114598 0)
(0.215045 -0.0111866 0)
(0.261216 -0.0110603 0)
(0.307672 -0.010951 0)
(0.352814 -0.0109818 0)
(0.399077 -0.0103661 0)
(0.438742 -0.0103011 0)
(0.483768 -0.00914095 0)
(0.512879 -0.00817338 0)
(0.548604 -0.00828709 0)
(0.578328 -0.00686938 0)
(0.594381 -0.00395558 0)
(0.603323 -0.00257252 0)
(0.597692 -0.000189478 0)
(0.577347 0.000404093 0)
(0.538924 0.00253612 0)
(0.474816 0.00283138 0)
(0.378081 0.00642149 0)
(0.25794 0.0116756 0)
(0.0862461 0.0425801 0)
(0.0232912 -0.0339288 0)
(0.0725116 -0.0337183 0)
(0.118753 -0.0335189 0)
(0.167308 -0.0341059 0)
(0.215122 -0.0331949 0)
(0.261382 -0.0327303 0)
(0.307874 -0.0323204 0)
(0.353102 -0.0322325 0)
(0.399336 -0.0302293 0)
(0.439423 -0.0297195 0)
(0.484395 -0.0259269 0)
(0.51365 -0.022385 0)
(0.552091 -0.0227722 0)
(0.577078 -0.0145883 0)
(0.595777 -0.00803927 0)
(0.606523 0.00122368 0)
(0.601919 0.0122733 0)
(0.581383 0.0276376 0)
(0.541185 0.0457267 0)
(0.474568 0.0735393 0)
(0.371112 0.095963 0)
(0.241128 0.126517 0)
(0.0638394 0.119986 0)
(0.0231735 -0.0566606 0)
(0.072576 -0.056432 0)
(0.118944 -0.0560478 0)
(0.167376 -0.0570143 0)
(0.215311 -0.0556304 0)
(0.261775 -0.0549108 0)
(0.308365 -0.0542821 0)
(0.353839 -0.0542259 0)
(0.400063 -0.0511523 0)
(0.440947 -0.0505027 0)
(0.485805 -0.0442586 0)
(0.516064 -0.0400957 0)
(0.556609 -0.0384117 0)
(0.579052 -0.0273552 0)
(0.601987 -0.0180805 0)
(0.613283 -0.00532916 0)
(0.613163 0.011453 0)
(0.595162 0.0291826 0)
(0.561363 0.0526704 0)
(0.502967 0.0831222 0)
(0.411233 0.116222 0)
(0.287292 0.156627 0)
(0.0939979 0.186656 0)
(0.0230867 -0.07918 0)
(0.0726516 -0.0789851 0)
(0.119119 -0.0783138 0)
(0.167364 -0.0796608 0)
(0.215412 -0.0777936 0)
(0.262141 -0.0767205 0)
(0.308896 -0.0758096 0)
(0.354642 -0.0755798 0)
(0.400781 -0.0713754 0)
(0.442555 -0.0702303 0)
(0.487408 -0.0614392 0)
(0.518981 -0.0557581 0)
(0.560925 -0.0526459 0)
(0.582803 -0.0358433 0)
(0.606806 -0.0243566 0)
(0.618996 -0.00381263 0)
(0.620953 0.0207237 0)
(0.604796 0.0525822 0)
(0.567071 0.0892889 0)
(0.506999 0.145383 0)
(0.409856 0.198296 0)
(0.288426 0.2776 0)
(0.0934647 0.300166 0)
(0.0230308 -0.101902 0)
(0.0727683 -0.101818 0)
(0.119355 -0.100799 0)
(0.167517 -0.102532 0)
(0.215648 -0.100409 0)
(0.262777 -0.0991077 0)
(0.30983 -0.0979875 0)
(0.35604 -0.0976748 0)
(0.402162 -0.0927001 0)
(0.445288 -0.0914593 0)
(0.490062 -0.080426 0)
(0.523896 -0.0747907 0)
(0.567702 -0.0687335 0)
(0.589783 -0.0489075 0)
(0.618557 -0.0354104 0)
(0.631286 -0.0119202 0)
(0.640399 0.0178476 0)
(0.630251 0.0545474 0)
(0.604175 0.0982863 0)
(0.553076 0.156693 0)
(0.467453 0.218239 0)
(0.347618 0.304401 0)
(0.135929 0.366576 0)
(0.0229979 -0.124455 0)
(0.0727901 -0.124514 0)
(0.119487 -0.123085 0)
(0.16762 -0.125179 0)
(0.215739 -0.122799 0)
(0.263218 -0.121239 0)
(0.310545 -0.119864 0)
(0.357145 -0.119216 0)
(0.403225 -0.113523 0)
(0.447631 -0.11175 0)
(0.492233 -0.0985778 0)
(0.528503 -0.0923559 0)
(0.573553 -0.08386 0)
(0.596397 -0.0596583 0)
(0.630155 -0.0441286 0)
(0.643123 -0.0137819 0)
(0.651329 0.0210902 0)
(0.645056 0.0703605 0)
(0.617507 0.125966 0)
(0.568981 0.21169 0)
(0.476008 0.296688 0)
(0.361295 0.437816 0)
(0.123782 0.530129 0)
(0.0230195 -0.147167 0)
(0.072865 -0.147419 0)
(0.119747 -0.145606 0)
(0.16793 -0.14803 0)
(0.216168 -0.145579 0)
(0.264077 -0.143931 0)
(0.311813 -0.142374 0)
(0.359006 -0.141506 0)
(0.405357 -0.135476 0)
(0.451358 -0.13356 0)
(0.49585 -0.118705 0)
(0.53561 -0.113209 0)
(0.581985 -0.100978 0)
(0.605966 -0.0755737 0)
(0.64719 -0.0576956 0)
(0.658618 -0.0219042 0)
(0.679056 0.0166213 0)
(0.67596 0.0703158 0)
(0.667763 0.133432 0)
(0.631498 0.222101 0)
(0.559271 0.313995 0)
(0.457817 0.465997 0)
(0.201925 0.592143 0)
(0.0231276 -0.169772 0)
(0.0727615 -0.170234 0)
(0.119847 -0.168007 0)
(0.168093 -0.170755 0)
(0.216342 -0.168226 0)
(0.26455 -0.166443 0)
(0.312546 -0.164703 0)
(0.360231 -0.163412 0)
(0.406918 -0.15713 0)
(0.454039 -0.154475 0)
(0.49872 -0.138359 0)
(0.542066 -0.132961 0)
(0.587879 -0.117139 0)
(0.615109 -0.0902363 0)
(0.662048 -0.0692005 0)
(0.673959 -0.0283961 0)
(0.698826 0.0126869 0)
(0.699865 0.0765135 0)
(0.69247 0.147189 0)
(0.668596 0.265463 0)
(0.58803 0.380905 0)
(0.494553 0.614273 0)
(0.217684 0.848984 0)
(-0.0217994 0.0139478 0)
(-0.102295 -0.00687174 0)
(-0.150158 -0.0407019 0)
(-0.178714 -0.0473483 0)
(-0.193598 -0.0295163 0)
(-0.168783 -0.0251332 0)
(-0.1543 -0.0131615 0)
(-0.122473 -0.016253 0)
(-0.0933262 -0.0101798 0)
(-0.0611368 -0.0127096 0)
(-0.0285311 -0.00930091 0)
(-0.00459079 -0.0101355 0)
(0.0220004 -0.00769475 0)
(0.0325452 -0.00704988 0)
(0.0447542 -0.00506025 0)
(0.040694 -0.00423174 0)
(0.0370355 -0.00239951 0)
(0.0224727 -0.00110663 0)
(0.00924386 -0.000302513 0)
(-0.0384911 0.0389556 0)
(-0.119071 0.0606868 0)
(-0.172772 0.073951 0)
(-0.185669 0.0647334 0)
(-0.191237 0.0266302 0)
(-0.166408 0.00717702 0)
(-0.153473 -0.00524627 0)
(-0.121944 -0.0108603 0)
(-0.0923827 -0.0147592 0)
(-0.0608604 -0.0158233 0)
(-0.0274107 -0.0138509 0)
(-0.00374841 -0.0121129 0)
(0.0234569 -0.00740945 0)
(0.0338341 -0.00318579 0)
(0.0461024 0.0020938 0)
(0.0419794 0.0071607 0)
(0.0383854 0.0104411 0)
(0.0233541 0.0127829 0)
(0.00958107 0.0138644 0)
(-0.0303966 0.0815608 0)
(-0.116204 0.0503869 0)
(-0.155374 -0.0109071 0)
(-0.193848 -0.0406113 0)
(-0.211074 -0.0364555 0)
(-0.176978 -0.0427438 0)
(-0.160079 -0.030597 0)
(-0.126215 -0.0433635 0)
(-0.0961291 -0.0352696 0)
(-0.0620137 -0.041067 0)
(-0.0276013 -0.0329036 0)
(-0.00275776 -0.03233 0)
(0.025301 -0.0231052 0)
(0.0362022 -0.0171447 0)
(0.0486546 -0.00807964 0)
(0.0440192 -0.00127864 0)
(0.0394772 0.00579884 0)
(0.0240045 0.0110187 0)
(0.00974279 0.0137882 0)
(-0.0454751 0.100913 0)
(-0.136447 0.112232 0)
(-0.19533 0.10724 0)
(-0.203853 0.0873824 0)
(-0.198912 0.0210753 0)
(-0.171205 -0.0154646 0)
(-0.158097 -0.0256787 0)
(-0.125083 -0.0393013 0)
(-0.0915964 -0.040599 0)
(-0.0597926 -0.0461784 0)
(-0.0228421 -0.0379328 0)
(0.00115722 -0.0355457 0)
(0.0306852 -0.0231651 0)
(0.0408923 -0.0137654 0)
(0.0533795 -0.000670584 0)
(0.0482724 0.0106831 0)
(0.0435544 0.0192684 0)
(0.0265814 0.0252693 0)
(0.0107113 0.0282845 0)
(-0.0340957 0.160211 0)
(-0.141546 0.114771 0)
(-0.188119 0.019649 0)
(-0.231292 -0.0405665 0)
(-0.246113 -0.0494197 0)
(-0.191686 -0.0621803 0)
(-0.168603 -0.0484756 0)
(-0.131728 -0.0727441 0)
(-0.0996736 -0.0625963 0)
(-0.0626959 -0.0707492 0)
(-0.0238147 -0.0584387 0)
(0.00231133 -0.0554688 0)
(0.0338233 -0.0395831 0)
(0.0450982 -0.0271808 0)
(0.0580893 -0.0108354 0)
(0.0521046 0.00258747 0)
(0.0459354 0.0152784 0)
(0.0280862 0.0248661 0)
(0.0111356 0.0297324 0)
(-0.0634872 0.174439 0)
(-0.178132 0.175645 0)
(-0.244539 0.145669 0)
(-0.234201 0.111288 0)
(-0.225253 0.00676937 0)
(-0.183584 -0.0490611 0)
(-0.16923 -0.0501958 0)
(-0.134477 -0.070012 0)
(-0.0925099 -0.0678841 0)
(-0.0583944 -0.0799417 0)
(-0.0147738 -0.0641523 0)
(0.0101323 -0.061145 0)
(0.0437448 -0.0403925 0)
(0.0538457 -0.0248095 0)
(0.0668646 -0.003012 0)
(0.0599404 0.0154448 0)
(0.0527922 0.0298414 0)
(0.0323601 0.0399049 0)
(0.0126815 0.0450429 0)
(-0.0435076 0.265454 0)
(-0.190306 0.192551 0)
(-0.260862 0.0455716 0)
(-0.302684 -0.0510135 0)
(-0.31355 -0.0709931 0)
(-0.221925 -0.0887841 0)
(-0.179777 -0.0669961 0)
(-0.143091 -0.10628 0)
(-0.108642 -0.0954115 0)
(-0.0641635 -0.103803 0)
(-0.0168756 -0.0876364 0)
(0.011056 -0.0805426 0)
(0.048704 -0.0579367 0)
(0.0600141 -0.0373415 0)
(0.0739808 -0.0131067 0)
(0.0656122 0.00825407 0)
(0.0568521 0.0272336 0)
(0.0350416 0.0417894 0)
(0.0135176 0.0489603 0)
(-0.0743848 0.27107 0)
(-0.262406 0.265717 0)
(-0.337824 0.193998 0)
(-0.295307 0.13338 0)
(-0.294641 -0.0229166 0)
(-0.205326 -0.106424 0)
(-0.188201 -0.0834314 0)
(-0.158749 -0.102109 0)
(-0.101351 -0.0981312 0)
(-0.0591243 -0.120929 0)
(-0.00735588 -0.094295 0)
(0.0229637 -0.0902383 0)
(0.0619045 -0.0600699 0)
(0.0733732 -0.0363432 0)
(0.0874032 -0.00465892 0)
(0.0779296 0.0223065 0)
(0.0663505 0.0432635 0)
(0.0409169 0.0581768 0)
(0.0155508 0.0657975 0)
(0.0234531 -0.205273 0)
(0.0726126 -0.206029 0)
(0.120263 -0.203413 0)
(0.168671 -0.206537 0)
(0.217235 -0.204079 0)
(0.266064 -0.202361 0)
(0.314966 -0.200499 0)
(0.363757 -0.198953 0)
(0.412003 -0.192629 0)
(0.461025 -0.189695 0)
(0.507627 -0.172784 0)
(0.556291 -0.168021 0)
(0.601202 -0.146075 0)
(0.636457 -0.122061 0)
(0.691689 -0.095029 0)
(0.704833 -0.0453562 0)
(0.756542 -0.000806027 0)
(0.756646 0.0711653 0)
(0.805201 0.147305 0)
(0.786953 0.27182 0)
(0.862839 0.399606 0)
(0.840822 0.64136 0)
(1.03024 0.954354 0)
(0.0238131 -0.253549 0)
(0.072276 -0.254659 0)
(0.120465 -0.251802 0)
(0.168948 -0.25535 0)
(0.217775 -0.25319 0)
(0.267149 -0.251744 0)
(0.316913 -0.249975 0)
(0.366867 -0.248127 0)
(0.416674 -0.242065 0)
(0.467572 -0.237831 0)
(0.517253 -0.221684 0)
(0.570847 -0.214208 0)
(0.616455 -0.187348 0)
(0.668557 -0.169339 0)
(0.716991 -0.129079 0)
(0.751421 -0.0865577 0)
(0.809417 -0.0355092 0)
(0.818039 0.0313513 0)
(0.864866 0.115558 0)
(0.844765 0.209944 0)
(0.90589 0.319966 0)
(0.895364 0.452917 0)
(1.08713 0.678028 0)
(0.0241171 -0.301853 0)
(0.0719032 -0.303182 0)
(0.120553 -0.300574 0)
(0.169207 -0.30436 0)
(0.218449 -0.302781 0)
(0.268664 -0.302035 0)
(0.319819 -0.300743 0)
(0.371695 -0.299279 0)
(0.424238 -0.293905 0)
(0.478158 -0.290875 0)
(0.533008 -0.276706 0)
(0.590242 -0.267859 0)
(0.644188 -0.244422 0)
(0.704976 -0.223151 0)
(0.755341 -0.178551 0)
(0.816614 -0.137922 0)
(0.872635 -0.0682552 0)
(0.911617 0.0161483 0)
(0.968903 0.119077 0)
(0.99232 0.230519 0)
(1.06576 0.344145 0)
(1.09401 0.455174 0)
(1.24006 0.641902 0)
(0.0243766 -0.350082 0)
(0.0714202 -0.351614 0)
(0.120464 -0.349625 0)
(0.169148 -0.353771 0)
(0.218578 -0.353169 0)
(0.269277 -0.353645 0)
(0.321166 -0.353528 0)
(0.374191 -0.353056 0)
(0.428322 -0.349036 0)
(0.484175 -0.347042 0)
(0.541908 -0.334302 0)
(0.604225 -0.32567 0)
(0.667443 -0.302689 0)
(0.736498 -0.280792 0)
(0.804363 -0.241479 0)
(0.88606 -0.204363 0)
(0.938687 -0.131993 0)
(1.01216 -0.0652152 0)
(1.03816 0.0331676 0)
(1.07328 0.114218 0)
(1.10238 0.218288 0)
(1.14061 0.284029 0)
(1.23218 0.430685 0)
(0.0247652 -0.39813 0)
(0.0708744 -0.399755 0)
(0.120437 -0.398792 0)
(0.169213 -0.40297 0)
(0.218928 -0.403418 0)
(0.270361 -0.405156 0)
(0.323566 -0.406212 0)
(0.378432 -0.407026 0)
(0.435854 -0.404535 0)
(0.4952 -0.405156 0)
(0.557891 -0.397635 0)
(0.623328 -0.3944 0)
(0.69048 -0.377848 0)
(0.762628 -0.36128 0)
(0.833899 -0.329614 0)
(0.895466 -0.273407 0)
(0.958131 -0.195309 0)
(1.00926 -0.0844237 0)
(1.02763 0.0572353 0)
(1.10518 0.164614 0)
(1.12647 0.274539 0)
(1.19568 0.32221 0)
(1.2654 0.439826 0)
(0.0250784 -0.446259 0)
(0.0703931 -0.447828 0)
(0.120202 -0.448523 0)
(0.169264 -0.45282 0)
(0.219443 -0.454906 0)
(0.271373 -0.458902 0)
(0.325031 -0.462252 0)
(0.379792 -0.466029 0)
(0.436949 -0.466527 0)
(0.494644 -0.469818 0)
(0.550835 -0.463221 0)
(0.61114 -0.45861 0)
(0.681878 -0.442813 0)
(0.781083 -0.424644 0)
(0.867981 -0.375664 0)
(0.84179 -0.326671 0)
(0.640487 -0.244894 0)
(0.59708 -0.129188 0)
(0.699821 -0.0626936 0)
(0.996941 0.0201577 0)
(1.13647 0.138745 0)
(1.20233 0.153189 0)
(1.26101 0.304065 0)
(0.0250819 -0.494152 0)
(0.0695545 -0.495432 0)
(0.118964 -0.498235 0)
(0.167828 -0.502793 0)
(0.217241 -0.506113 0)
(0.268136 -0.511321 0)
(0.321122 -0.515202 0)
(0.377598 -0.519477 0)
(0.444244 -0.520101 0)
(0.562436 -0.521002 0)
(0.689104 -0.516694 0)
(0.831705 -0.527618 0)
(0.986167 -0.550293 0)
(1.0751 -0.542545 0)
(1.10732 -0.387933 0)
(1.00125 -0.0522383 0)
(0.809407 0.0509467 0)
(0.781118 -0.154621 0)
(0.927622 -0.34454 0)
(1.11407 -0.2731 0)
(1.28411 0.0380976 0)
(1.47993 0.190723 0)
(1.4415 0.319551 0)
(0.0267135 -0.541373 0)
(0.0764995 -0.542257 0)
(0.135751 -0.547343 0)
(0.200563 -0.552238 0)
(0.263018 -0.556195 0)
(0.33483 -0.563724 0)
(0.412323 -0.572113 0)
(0.503688 -0.589362 0)
(0.612026 -0.6563 0)
(0.739388 -0.695791 0)
(0.908435 -0.737673 0)
(1.08965 -0.753436 0)
(1.23948 -0.68817 0)
(1.31635 -0.547306 0)
(1.32838 -0.305404 0)
(1.33166 -0.0178389 0)
(1.36984 -0.028968 0)
(1.35391 -0.233192 0)
(1.22468 -0.401788 0)
(1.17702 -0.339603 0)
(1.23687 -0.215581 0)
(1.45155 -5.31975e-05 0)
(1.61201 0.364045 0)
(0.0247735 -0.596748 0)
(0.0831736 -0.604159 0)
(0.136813 -0.621284 0)
(0.201493 -0.630987 0)
(0.269575 -0.640401 0)
(0.34325 -0.661706 0)
(0.433496 -0.684964 0)
(0.538539 -0.722756 0)
(0.65859 -0.76456 0)
(0.785983 -0.822936 0)
(0.940121 -0.872032 0)
(1.09021 -0.864713 0)
(1.20491 -0.776035 0)
(1.33395 -0.632663 0)
(1.43098 -0.401441 0)
(1.55376 -0.0994186 0)
(1.63573 0.030448 0)
(1.6239 -0.0149291 0)
(1.52696 -0.164715 0)
(1.39581 -0.279928 0)
(1.37165 -0.244322 0)
(1.37445 -0.175914 0)
(1.53076 -0.0224169 0)
(0.0285123 -0.652581 0)
(0.0892775 -0.657364 0)
(0.145053 -0.667076 0)
(0.19628 -0.685368 0)
(0.259549 -0.697053 0)
(0.313796 -0.728666 0)
(0.386332 -0.763923 0)
(0.457942 -0.816835 0)
(0.549872 -0.891994 0)
(0.661367 -0.979753 0)
(0.777348 -1.038 0)
(0.851739 -1.01766 0)
(0.939018 -0.93186 0)
(1.04802 -0.774902 0)
(1.15248 -0.525901 0)
(1.2835 -0.221935 0)
(1.42113 -0.0971183 0)
(1.50691 -0.121746 0)
(1.54459 -0.169031 0)
(1.50238 -0.187099 0)
(1.48657 -0.189766 0)
(1.50054 -0.160018 0)
(1.56038 -0.0711724 0)
(0.029139 -0.712261 0)
(0.0680291 -0.718216 0)
(0.126877 -0.72731 0)
(0.163997 -0.746184 0)
(0.224089 -0.758148 0)
(0.264184 -0.79041 0)
(0.32767 -0.830489 0)
(0.377541 -0.889815 0)
(0.451763 -0.972577 0)
(0.508717 -1.0549 0)
(0.53708 -1.06491 0)
(0.537281 -1.03105 0)
(0.559417 -0.97362 0)
(0.594244 -0.848429 0)
(0.653369 -0.63731 0)
(0.778551 -0.370996 0)
(0.956966 -0.195564 0)
(1.08674 -0.14192 0)
(1.18649 -0.163782 0)
(1.25737 -0.219983 0)
(1.35732 -0.248559 0)
(1.47029 -0.248268 0)
(1.61279 -0.200104 0)
(0.0265718 -0.751909 0)
(0.0569091 -0.756946 0)
(0.109401 -0.764565 0)
(0.137202 -0.783183 0)
(0.187496 -0.797178 0)
(0.218286 -0.832493 0)
(0.26702 -0.875776 0)
(0.297306 -0.941139 0)
(0.340258 -1.01935 0)
(0.33609 -1.06498 0)
(0.328246 -1.06273 0)
(0.307505 -1.03761 0)
(0.30427 -0.98583 0)
(0.292648 -0.867717 0)
(0.312542 -0.709158 0)
(0.390935 -0.524573 0)
(0.552957 -0.404139 0)
(0.72429 -0.349622 0)
(0.910937 -0.335967 0)
(1.0697 -0.357051 0)
(1.23998 -0.400448 0)
(1.41558 -0.413451 0)
(1.60447 -0.39073 0)
(0.0229447 -0.794657 0)
(0.0526262 -0.800305 0)
(0.0981772 -0.806726 0)
(0.126065 -0.824426 0)
(0.169093 -0.839117 0)
(0.196649 -0.870574 0)
(0.229861 -0.91007 0)
(0.245786 -0.964226 0)
(0.252937 -1.01293 0)
(0.231543 -1.04426 0)
(0.218565 -1.03768 0)
(0.194799 -1.00969 0)
(0.184959 -0.960751 0)
(0.168284 -0.859086 0)
(0.200895 -0.736644 0)
(0.289961 -0.614141 0)
(0.444856 -0.533297 0)
(0.614711 -0.504195 0)
(0.813987 -0.514926 0)
(1.01164 -0.551786 0)
(1.21342 -0.600857 0)
(1.40792 -0.614763 0)
(1.62616 -0.608581 0)
(0.0208249 -0.828493 0)
(0.0470897 -0.833057 0)
(0.0865565 -0.838794 0)
(0.111799 -0.854553 0)
(0.146536 -0.868 0)
(0.169518 -0.893409 0)
(0.193248 -0.924468 0)
(0.199032 -0.963975 0)
(0.197907 -1.00321 0)
(0.179225 -1.02953 0)
(0.168622 -1.02363 0)
(0.153518 -1.0018 0)
(0.151343 -0.956569 0)
(0.159091 -0.881693 0)
(0.225188 -0.83035 0)
(0.328683 -0.768341 0)
(0.483432 -0.728584 0)
(0.653884 -0.718176 0)
(0.843022 -0.732778 0)
(1.03401 -0.755543 0)
(1.22115 -0.797092 0)
(1.4124 -0.824197 0)
(1.63543 -0.843577 0)
(0.0171756 -0.86213 0)
(0.0421399 -0.865716 0)
(0.0756652 -0.87109 0)
(0.100502 -0.884301 0)
(0.13012 -0.896785 0)
(0.153037 -0.917303 0)
(0.173251 -0.939676 0)
(0.180318 -0.969022 0)
(0.181073 -0.9937 0)
(0.171277 -1.0156 0)
(0.16843 -1.01295 0)
(0.168899 -0.993908 0)
(0.191225 -0.968633 0)
(0.236776 -0.934613 0)
(0.312253 -0.90869 0)
(0.404316 -0.875111 0)
(0.529771 -0.862228 0)
(0.670724 -0.867072 0)
(0.824648 -0.899556 0)
(0.997059 -0.932927 0)
(1.17898 -0.984279 0)
(1.38033 -1.03185 0)
(1.61733 -1.08135 0)
(0.0143759 -0.888253 0)
(0.0375332 -0.891944 0)
(0.0663697 -0.897541 0)
(0.0894763 -0.909222 0)
(0.115101 -0.920721 0)
(0.135586 -0.936526 0)
(0.155309 -0.951562 0)
(0.166285 -0.971405 0)
(0.17318 -0.993217 0)
(0.172064 -1.01597 0)
(0.178154 -1.02004 0)
(0.191939 -1.02306 0)
(0.222863 -1.02252 0)
(0.27008 -1.00204 0)
(0.334599 -0.996531 0)
(0.41757 -0.985212 0)
(0.522075 -0.994676 0)
(0.649841 -1.01258 0)
(0.78574 -1.05947 0)
(0.947054 -1.10949 0)
(1.11894 -1.18079 0)
(1.32427 -1.26171 0)
(1.55921 -1.34807 0)
(0.0126353 -0.913892 0)
(0.0345697 -0.917551 0)
(0.0593426 -0.922966 0)
(0.0804366 -0.932896 0)
(0.102321 -0.942961 0)
(0.121347 -0.957443 0)
(0.141246 -0.970585 0)
(0.156984 -0.986883 0)
(0.173131 -0.999924 0)
(0.179782 -1.02081 0)
(0.195548 -1.0336 0)
(0.2164 -1.03979 0)
(0.246498 -1.04869 0)
(0.289012 -1.04757 0)
(0.344753 -1.05848 0)
(0.416437 -1.06435 0)
(0.502475 -1.09715 0)
(0.614247 -1.13278 0)
(0.7337 -1.19996 0)
(0.880215 -1.26853 0)
(1.0392 -1.36574 0)
(1.23458 -1.47525 0)
(1.45869 -1.60926 0)
(0.0110235 -0.935643 0)
(0.0304622 -0.938787 0)
(0.0513705 -0.943601 0)
(0.0696069 -0.952231 0)
(0.0888955 -0.961768 0)
(0.105728 -0.975323 0)
(0.123561 -0.987168 0)
(0.138614 -1.00295 0)
(0.15768 -1.01568 0)
(0.172488 -1.0378 0)
(0.18951 -1.05611 0)
(0.211262 -1.07304 0)
(0.242325 -1.09429 0)
(0.28064 -1.09991 0)
(0.329691 -1.12336 0)
(0.388538 -1.14287 0)
(0.466303 -1.19239 0)
(0.552276 -1.24415 0)
(0.6632 -1.32541 0)
(0.771615 -1.41579 0)
(0.927606 -1.53473 0)
(1.07456 -1.68291 0)
(1.302 -1.85684 0)
(0.00943965 -0.95532 0)
(0.026269 -0.957789 0)
(0.0443204 -0.962106 0)
(0.0607644 -0.970281 0)
(0.0782081 -0.979154 0)
(0.0934554 -0.991995 0)
(0.110271 -1.00369 0)
(0.12443 -1.02101 0)
(0.143107 -1.0342 0)
(0.159411 -1.05287 0)
(0.17837 -1.07302 0)
(0.198995 -1.09327 0)
(0.223351 -1.11896 0)
(0.250893 -1.13564 0)
(0.293794 -1.16742 0)
(0.338289 -1.20196 0)
(0.41039 -1.26216 0)
(0.470598 -1.33121 0)
(0.575165 -1.42075 0)
(0.646229 -1.53542 0)
(0.797066 -1.67017 0)
(0.885665 -1.85394 0)
(1.10529 -2.06276 0)
(0.00807168 -0.971406 0)
(0.0225897 -0.973671 0)
(0.038763 -0.978195 0)
(0.0532382 -0.98605 0)
(0.0687062 -0.994569 0)
(0.0820551 -1.00722 0)
(0.0967947 -1.01818 0)
(0.109001 -1.03549 0)
(0.124146 -1.05064 0)
(0.138224 -1.0726 0)
(0.156445 -1.09552 0)
(0.171849 -1.11749 0)
(0.193913 -1.14611 0)
(0.21445 -1.17001 0)
(0.254593 -1.21097 0)
(0.288777 -1.2592 0)
(0.34939 -1.32546 0)
(0.389352 -1.40842 0)
(0.472486 -1.50244 0)
(0.51795 -1.63675 0)
(0.632437 -1.77623 0)
(0.68291 -1.98999 0)
(0.844878 -2.2079 0)
(0.00707017 -0.985936 0)
(0.0201152 -0.988386 0)
(0.0343476 -0.992753 0)
(0.0466859 -1.00008 0)
(0.0600826 -1.00803 0)
(0.071149 -1.01991 0)
(0.0839747 -1.0308 0)
(0.0946531 -1.04825 0)
(0.107332 -1.06369 0)
(0.118252 -1.08517 0)
(0.130598 -1.10708 0)
(0.141703 -1.1308 0)
(0.159786 -1.16213 0)
(0.17582 -1.19637 0)
(0.207416 -1.24263 0)
(0.226945 -1.29676 0)
(0.270219 -1.36403 0)
(0.292313 -1.45423 0)
(0.348828 -1.55124 0)
(0.374155 -1.69502 0)
(0.444605 -1.83795 0)
(0.471741 -2.06517 0)
(0.55474 -2.27763 0)
(0.00613164 -0.998585 0)
(0.0171178 -1.00089 0)
(0.0290279 -1.00481 0)
(0.0391705 -1.01167 0)
(0.0503114 -1.01911 0)
(0.0593315 -1.03093 0)
(0.0698933 -1.04174 0)
(0.07796 -1.05857 0)
(0.0878812 -1.0743 0)
(0.0955249 -1.09549 0)
(0.105514 -1.119 0)
(0.113712 -1.14618 0)
(0.127887 -1.18037 0)
(0.136187 -1.21709 0)
(0.155181 -1.26256 0)
(0.163818 -1.32133 0)
(0.190127 -1.39167 0)
(0.196894 -1.48604 0)
(0.225881 -1.5854 0)
(0.230569 -1.73129 0)
(0.257208 -1.87517 0)
(0.256784 -2.09862 0)
(0.268324 -2.3121 0)
(0.00500918 -1.00912 0)
(0.0137348 -1.01117 0)
(0.0234586 -1.01479 0)
(0.0315892 -1.02119 0)
(0.0406947 -1.02821 0)
(0.0477604 -1.03928 0)
(0.0558368 -1.04954 0)
(0.0617883 -1.06602 0)
(0.0686502 -1.08142 0)
(0.0737036 -1.10257 0)
(0.080002 -1.12558 0)
(0.0835582 -1.15296 0)
(0.0904476 -1.18513 0)
(0.0915938 -1.22337 0)
(0.101601 -1.27093 0)
(0.10012 -1.3313 0)
(0.109247 -1.3979 0)
(0.100407 -1.48962 0)
(0.103408 -1.58579 0)
(0.0849172 -1.72623 0)
(0.0714806 -1.86468 0)
(0.0385249 -2.0767 0)
(-0.0115649 -2.27623 0)
(0.00395604 -1.01728 0)
(0.0109427 -1.01924 0)
(0.0187361 -1.02265 0)
(0.02516 -1.02876 0)
(0.0322077 -1.0353 0)
(0.037276 -1.04588 0)
(0.0429337 -1.05578 0)
(0.0464669 -1.07108 0)
(0.0502762 -1.08624 0)
(0.0520749 -1.10646 0)
(0.0540944 -1.12892 0)
(0.0527583 -1.15608 0)
(0.0540306 -1.18848 0)
(0.0490517 -1.22756 0)
(0.0487852 -1.27131 0)
(0.0376221 -1.32822 0)
(0.0318018 -1.39225 0)
(0.00963013 -1.47924 0)
(-0.00983719 -1.56995 0)
(-0.0489176 -1.69824 0)
(-0.0974792 -1.8283 0)
(-0.161138 -2.01411 0)
(-0.266311 -2.20959 0)
(0.00321871 -1.02395 0)
(0.00864792 -1.02583 0)
(0.0148126 -1.02897 0)
(0.0194219 -1.03449 0)
(0.0245032 -1.04032 0)
(0.0276745 -1.04977 0)
(0.0309536 -1.05879 0)
(0.032199 -1.0731 0)
(0.032938 -1.08715 0)
(0.031422 -1.10607 0)
(0.0297472 -1.12644 0)
(0.0240619 -1.15255 0)
(0.019078 -1.18174 0)
(0.00742707 -1.21772 0)
(-0.00227575 -1.25985 0)
(-0.0222356 -1.31375 0)
(-0.0403645 -1.37019 0)
(-0.0737199 -1.44749 0)
(-0.110681 -1.52743 0)
(-0.16558 -1.63833 0)
(-0.239012 -1.75217 0)
(-0.330503 -1.90844 0)
(-0.470447 -2.07747 0)
(0.00245936 -1.02906 0)
(0.00635861 -1.03071 0)
(0.0108262 -1.03338 0)
(0.0138133 -1.03829 0)
(0.0170859 -1.04352 0)
(0.0184331 -1.05209 0)
(0.0197303 -1.06026 0)
(0.0188995 -1.07274 0)
(0.0171917 -1.08543 0)
(0.0127371 -1.10286 0)
(0.00734852 -1.12154 0)
(-0.00208213 -1.14485 0)
(-0.0125859 -1.1718 0)
(-0.0297191 -1.20546 0)
(-0.047282 -1.2416 0)
(-0.0758538 -1.28929 0)
(-0.106894 -1.34055 0)
(-0.151162 -1.40773 0)
(-0.204001 -1.4773 0)
(-0.272203 -1.56834 0)
(-0.362673 -1.66139 0)
(-0.470235 -1.7809 0)
(-0.625671 -1.90559 0)
(0.00173804 -1.03267 0)
(0.00428943 -1.03407 0)
(0.00731566 -1.03636 0)
(0.00897299 -1.04057 0)
(0.0106991 -1.0449 0)
(0.010492 -1.05219 0)
(0.00977982 -1.05927 0)
(0.00687701 -1.07028 0)
(0.00289157 -1.08102 0)
(-0.00391358 -1.09587 0)
(-0.0124178 -1.11169 0)
(-0.02517 -1.13219 0)
(-0.0394503 -1.15421 0)
(-0.0609364 -1.18255 0)
(-0.0850968 -1.21378 0)
(-0.118871 -1.25353 0)
(-0.158343 -1.29493 0)
(-0.211381 -1.3499 0)
(-0.276231 -1.40629 0)
(-0.35755 -1.47947 0)
(-0.46196 -1.55359 0)
(-0.585298 -1.64596 0)
(-0.75024 -1.73945 0)
(0.00117119 -1.03497 0)
(0.00276166 -1.03615 0)
(0.00464325 -1.03798 0)
(0.00512072 -1.04148 0)
(0.0054763 -1.04497 0)
(0.00386074 -1.05092 0)
(0.00156394 -1.05655 0)
(-0.00324899 -1.06552 0)
(-0.00957394 -1.07454 0)
(-0.0189808 -1.0871 0)
(-0.030352 -1.10014 0)
(-0.046347 -1.11724 0)
(-0.0648859 -1.13583 0)
(-0.0896971 -1.15904 0)
(-0.118216 -1.18339 0)
(-0.15614 -1.21511 0)
(-0.200604 -1.24745 0)
(-0.256811 -1.28862 0)
(-0.326538 -1.32993 0)
(-0.410902 -1.38093 0)
(-0.520379 -1.43118 0)
(-0.64831 -1.48978 0)
(-0.819801 -1.54643 0)
(0.000867376 -1.03651 0)
(0.0017414 -1.03741 0)
(0.00285297 -1.03864 0)
(0.0024861 -1.04123 0)
(0.00179023 -1.04358 0)
(-0.000882646 -1.04806 0)
(-0.00445102 -1.05212 0)
(-0.0104508 -1.05887 0)
(-0.0181769 -1.06526 0)
(-0.0292468 -1.07475 0)
(-0.0427939 -1.0843 0)
(-0.0610244 -1.09722 0)
(-0.0827674 -1.11081 0)
(-0.111263 -1.12867 0)
(-0.144431 -1.14713 0)
(-0.186322 -1.17045 0)
(-0.236274 -1.19385 0)
(-0.297242 -1.2232 0)
(-0.371398 -1.25155 0)
(-0.459085 -1.28513 0)
(-0.568151 -1.31557 0)
(-0.693513 -1.34739 0)
(-0.852445 -1.37247 0)
(0.000567909 -1.03746 0)
(0.00103264 -1.03798 0)
(0.00142753 -1.03861 0)
(0.000468195 -1.04022 0)
(-0.00112735 -1.04149 0)
(-0.00455309 -1.0444 0)
(-0.00923587 -1.04686 0)
(-0.0162624 -1.05144 0)
(-0.0252693 -1.05559 0)
(-0.0373395 -1.06204 0)
(-0.0522073 -1.06818 0)
(-0.0713257 -1.07674 0)
(-0.0943448 -1.08536 0)
(-0.123368 -1.09678 0)
(-0.15812 -1.10807 0)
(-0.200907 -1.1226 0)
(-0.252169 -1.13608 0)
(-0.313724 -1.15265 0)
(-0.388653 -1.16703 0)
(-0.476322 -1.18269 0)
(-0.584668 -1.19411 0)
(-0.708163 -1.20218 0)
(-0.862236 -1.20216 0)
(0.000485632 -1.03804 0)
(0.000782744 -1.03816 0)
(0.000941462 -1.03801 0)
(-0.000322641 -1.03853 0)
(-0.0023417 -1.0385 0)
(-0.00630447 -1.03976 0)
(-0.0117187 -1.04035 0)
(-0.0196574 -1.04257 0)
(-0.029785 -1.04409 0)
(-0.0431812 -1.04744 0)
(-0.0594756 -1.05015 0)
(-0.0800335 -1.05456 0)
(-0.104569 -1.05846 0)
(-0.134995 -1.06418 0)
(-0.170961 -1.06904 0)
(-0.214536 -1.07549 0)
(-0.266165 -1.08024 0)
(-0.327134 -1.08576 0)
(-0.399876 -1.08807 0)
(-0.483698 -1.08861 0)
(-0.584203 -1.08331 0)
(-0.697243 -1.07075 0)
(-0.833164 -1.04803 0)
(0.000610034 -1.0386 0)
(0.00129981 -1.03828 0)
(0.0016783 -1.03738 0)
(0.000824326 -1.03674 0)
(-0.00108321 -1.03538 0)
(-0.00479621 -1.03478 0)
(-0.0103827 -1.03336 0)
(-0.018353 -1.03307 0)
(-0.0288619 -1.03192 0)
(-0.0423092 -1.032 0)
(-0.0590119 -1.03118 0)
(-0.0795188 -1.03126 0)
(-0.104316 -1.03025 0)
(-0.134364 -1.02998 0)
(-0.170328 -1.02833 0)
(-0.212914 -1.02691 0)
(-0.263579 -1.02306 0)
(-0.322434 -1.01821 0)
(-0.392508 -1.00942 0)
(-0.47219 -0.996962 0)
(-0.566834 -0.978163 0)
(-0.671884 -0.9505 0)
(-0.79567 -0.912723 0)
(0.000722945 -1.0399 0)
(0.00178301 -1.03917 0)
(0.00249721 -1.0375 0)
(0.00210639 -1.03566 0)
(0.000584681 -1.03283 0)
(-0.00270812 -1.03029 0)
(-0.00791938 -1.0267 0)
(-0.0155955 -1.02383 0)
(-0.0260109 -1.01997 0)
(-0.0396246 -1.01691 0)
(-0.0567325 -1.01267 0)
(-0.0776714 -1.00873 0)
(-0.102638 -1.0032 0)
(-0.132349 -0.997476 0)
(-0.167367 -0.989891 0)
(-0.208543 -0.981406 0)
(-0.256814 -0.969953 0)
(-0.312502 -0.956008 0)
(-0.377534 -0.937537 0)
(-0.450933 -0.913797 0)
(-0.536102 -0.883128 0)
(-0.629864 -0.842221 0)
(-0.737281 -0.791086 0)
(0.000840937 -1.04097 0)
(0.00235266 -1.0399 0)
(0.00348038 -1.03758 0)
(0.00388332 -1.03464 0)
(0.00316702 -1.03043 0)
(0.00101407 -1.02604 0)
(-0.00311249 -1.02032 0)
(-0.00945426 -1.0147 0)
(-0.0188219 -1.00772 0)
(-0.0313029 -1.00096 0)
(-0.0476546 -0.992946 0)
(-0.0677273 -0.984998 0)
(-0.0921496 -0.975358 0)
(-0.12073 -0.964839 0)
(-0.154453 -0.951836 0)
(-0.193332 -0.936956 0)
(-0.238855 -0.918594 0)
(-0.290572 -0.896768 0)
(-0.350716 -0.870037 0)
(-0.417701 -0.837249 0)
(-0.494803 -0.797475 0)
(-0.578504 -0.747491 0)
(-0.672922 -0.687888 0)
(0.000994313 -1.0431 0)
(0.00291656 -1.0418 0)
(0.00443023 -1.03904 0)
(0.00541211 -1.03532 0)
(0.00539042 -1.02997 0)
(0.00419692 -1.02394 0)
(0.00112941 -1.0162 0)
(-0.00383994 -1.00796 0)
(-0.0115799 -0.998026 0)
(-0.0220951 -0.987809 0)
(-0.0363568 -0.976045 0)
(-0.0543916 -0.963838 0)
(-0.0771273 -0.949856 0)
(-0.104299 -0.934644 0)
(-0.136482 -0.916816 0)
(-0.173338 -0.896392 0)
(-0.215752 -0.872128 0)
(-0.263302 -0.843518 0)
(-0.317649 -0.809763 0)
(-0.377715 -0.769211 0)
(-0.445541 -0.721755 0)
(-0.518733 -0.663947 0)
(-0.599709 -0.597338 0)
(0.000977981 -1.04474 0)
(0.00296105 -1.04319 0)
(0.00447292 -1.03993 0)
(0.00560608 -1.03541 0)
(0.00583072 -1.02905 0)
(0.00526784 -1.02154 0)
(0.00319339 -1.0121 0)
(-0.000281938 -1.00171 0)
(-0.00602749 -0.989245 0)
(-0.0140403 -0.975851 0)
(-0.0254399 -0.960392 0)
(-0.0401607 -0.943837 0)
(-0.0593398 -0.925153 0)
(-0.0827426 -0.905045 0)
(-0.111429 -0.88242 0)
(-0.144782 -0.857154 0)
(-0.183731 -0.828101 0)
(-0.227062 -0.7942 0)
(-0.276141 -0.754831 0)
(-0.32959 -0.708465 0)
(-0.389396 -0.655252 0)
(-0.453117 -0.592104 0)
(-0.52281 -0.520732 0)
(0.000936057 -1.04711 0)
(0.00282327 -1.04536 0)
(0.00424866 -1.04176 0)
(0.00542234 -1.03672 0)
(0.00582422 -1.02971 0)
(0.00570212 -1.02134 0)
(0.00449307 -1.01073 0)
(0.00228502 -0.998733 0)
(-0.0016132 -0.984294 0)
(-0.00721942 -0.968311 0)
(-0.0154396 -0.949874 0)
(-0.0263722 -0.929755 0)
(-0.041026 -0.907106 0)
(-0.0595768 -0.882244 0)
(-0.0831517 -0.854465 0)
(-0.111566 -0.823674 0)
(-0.145677 -0.789415 0)
(-0.184576 -0.750632 0)
(-0.228648 -0.706726 0)
(-0.276344 -0.655516 0)
(-0.328592 -0.597704 0)
(-0.383555 -0.530217 0)
(-0.442653 -0.455442 0)
(0.000682377 -1.04832 0)
(0.00208247 -1.04631 0)
(0.00310244 -1.04236 0)
(0.00399476 -1.03679 0)
(0.00434429 -1.02915 0)
(0.00434488 -1.01997 0)
(0.00344571 -1.00846 0)
(0.00186886 -0.995314 0)
(-0.000858518 -0.979491 0)
(-0.00459124 -0.9617 0)
(-0.00998117 -0.940958 0)
(-0.0172536 -0.917874 0)
(-0.0273047 -0.89162 0)
(-0.0403589 -0.862487 0)
(-0.0574108 -0.830035 0)
(-0.0785692 -0.794123 0)
(-0.105015 -0.754591 0)
(-0.136399 -0.710647 0)
(-0.173636 -0.662427 0)
(-0.215055 -0.607824 0)
(-0.261025 -0.547208 0)
(-0.309074 -0.477224 0)
(-0.359849 -0.399851 0)
(0.000474392 -1.05001 0)
(0.00142951 -1.0479 0)
(0.00207941 -1.0438 0)
(0.00258271 -1.03807 0)
(0.00268371 -1.03017 0)
(0.00252174 -1.02053 0)
(0.00189745 -1.00839 0)
(0.00083807 -0.994536 0)
(-0.000899739 -0.977978 0)
(-0.00327367 -0.959264 0)
(-0.00661399 -0.93731 0)
(-0.0110559 -0.912453 0)
(-0.0171477 -0.884028 0)
(-0.0252047 -0.852072 0)
(-0.0360045 -0.816175 0)
(-0.0498643 -0.775902 0)
(-0.0678876 -0.731376 0)
(-0.0902572 -0.681729 0)
(-0.118186 -0.627719 0)
(-0.151141 -0.567778 0)
(-0.18948 -0.503254 0)
(-0.231148 -0.431038 0)
(-0.275235 -0.352843 0)
(0.000205912 -1.05003 0)
(0.000594832 -1.04773 0)
(0.000750088 -1.04333 0)
(0.000763503 -1.0372 0)
(0.000476215 -1.02892 0)
(1.32493e-05 -1.01897 0)
(-0.00075505 -1.00654 0)
(-0.00173542 -0.992237 0)
(-0.00313354 -0.975104 0)
(-0.00491562 -0.955665 0)
(-0.00723418 -0.932884 0)
(-0.0100667 -0.906991 0)
(-0.0136915 -0.877162 0)
(-0.0182712 -0.843267 0)
(-0.0243038 -0.805039 0)
(-0.0319423 -0.761838 0)
(-0.0419669 -0.713803 0)
(-0.0546147 -0.659897 0)
(-0.0711074 -0.601073 0)
(-0.0916567 -0.536016 0)
(-0.117649 -0.466639 0)
(-0.148617 -0.390925 0)
(-0.184951 -0.311214 0)
(-2.00253e-05 -1.05096 0)
(-8.31686e-05 -1.04859 0)
(-0.000309373 -1.04411 0)
(-0.000635268 -1.03792 0)
(-0.00116754 -1.02955 0)
(-0.00183762 -1.01943 0)
(-0.00276861 -1.00682 0)
(-0.00384445 -0.99233 0)
(-0.00515018 -0.975014 0)
(-0.00659908 -0.955372 0)
(-0.00827268 -0.932395 0)
(-0.010106 -0.90621 0)
(-0.0123351 -0.876034 0)
(-0.0149502 -0.841617 0)
(-0.0182306 -0.802652 0)
(-0.0221298 -0.758336 0)
(-0.027096 -0.708767 0)
(-0.0331075 -0.652598 0)
(-0.0409171 -0.590616 0)
(-0.0507646 -0.521125 0)
(-0.0638931 -0.446069 0)
(-0.0807056 -0.363475 0)
(-0.102567 -0.277106 0)
(-0.000219954 -1.04971 0)
(-0.000653449 -1.04722 0)
(-0.0012152 -1.04256 0)
(-0.00182608 -1.03612 0)
(-0.0026244 -1.02749 0)
(-0.00348881 -1.01711 0)
(-0.0045427 -1.00426 0)
(-0.00565355 -0.989538 0)
(-0.00693707 -0.972008 0)
(-0.00827121 -0.952153 0)
(-0.00976101 -0.928977 0)
(-0.0112934 -0.902493 0)
(-0.013063 -0.871904 0)
(-0.0149828 -0.836954 0)
(-0.017242 -0.797462 0)
(-0.0196617 -0.752565 0)
(-0.0224768 -0.702441 0)
(-0.025433 -0.645685 0)
(-0.0288306 -0.583048 0)
(-0.0324317 -0.512671 0)
(-0.0367401 -0.436351 0)
(-0.0416079 -0.351921 0)
(-0.0478043 -0.262483 0)
(0.981345 0.735013 0)
(0.457831 0.702943 0)
(0.3728 0.592622 0)
(-0.0369641 0.547063 0)
(1.16303 0.534093 0)
(1.16674 0.532567 0)
(1.18893 0.494684 0)
(1.16337 0.476659 0)
(1.31512 0.620961 0)
(1.32985 0.627752 0)
(1.35346 0.604933 0)
(1.3571 0.571966 0)
(1.30875 0.421649 0)
(1.34842 0.448121 0)
(1.39297 0.44476 0)
(1.42894 0.455759 0)
(1.31117 0.431 0)
(1.34354 0.442668 0)
(1.3751 0.432655 0)
(1.40881 0.434702 0)
(1.29988 0.295643 0)
(1.32699 0.315277 0)
(1.3559 0.309453 0)
(1.38527 0.319466 0)
(1.42013 0.312003 0)
(1.39035 0.31628 0)
(1.38613 0.302903 0)
(1.39104 0.302984 0)
(1.74376 0.41461 0)
(1.78185 0.39039 0)
(1.8113 0.328311 0)
(1.81612 0.279029 0)
(1.73107 0.0507846 0)
(1.83176 0.152146 0)
(1.93221 0.21809 0)
(2.00686 0.281901 0)
(1.64338 -0.0587079 0)
(1.70277 -0.0288689 0)
(1.78283 -0.028627 0)
(1.86603 0.000971152 0)
(1.74276 -0.189986 0)
(1.81589 -0.152765 0)
(1.89299 -0.136782 0)
(1.96894 -0.108541 0)
(1.76122 -0.384865 0)
(1.85045 -0.344506 0)
(1.95407 -0.348154 0)
(2.04941 -0.306251 0)
(1.79746 -0.594632 0)
(1.90383 -0.566067 0)
(2.02531 -0.565486 0)
(2.13586 -0.517729 0)
(1.81442 -0.837606 0)
(1.93659 -0.828223 0)
(2.07431 -0.837984 0)
(2.20129 -0.787583 0)
(1.81314 -1.09808 0)
(1.95471 -1.12319 0)
(2.10388 -1.13115 0)
(2.25518 -1.10926 0)
(1.77094 -1.40002 0)
(1.91806 -1.44875 0)
(2.08107 -1.46912 0)
(2.25885 -1.53191 0)
(1.66971 -1.70374 0)
(1.81994 -1.78331 0)
(1.99277 -1.85839 0)
(2.19333 -1.99951 0)
(1.4673 -2.0152 0)
(1.62184 -2.12164 0)
(1.76198 -2.27018 0)
(1.97103 -2.42879 0)
(1.20041 -2.26541 0)
(1.34044 -2.40686 0)
(1.43272 -2.60965 0)
(1.60202 -2.7115 0)
(0.880557 -2.4387 0)
(0.992786 -2.61766 0)
(1.02912 -2.82259 0)
(1.13253 -2.85966 0)
(0.568745 -2.54672 0)
(0.630546 -2.72971 0)
(0.62285 -2.90381 0)
(0.669622 -2.8963 0)
(0.259154 -2.58404 0)
(0.250567 -2.73964 0)
(0.228823 -2.89745 0)
(0.204525 -2.8841 0)
(-0.0495076 -2.51701 0)
(-0.111895 -2.66807 0)
(-0.141426 -2.80107 0)
(-0.220793 -2.78235 0)
(-0.333401 -2.39866 0)
(-0.428277 -2.54402 0)
(-0.47256 -2.66649 0)
(-0.584467 -2.70172 0)
(-0.587998 -2.23428 0)
(-0.695242 -2.35857 0)
(-0.799169 -2.49493 0)
(-0.931139 -2.57487 0)
(-0.759207 -2.01274 0)
(-0.874743 -2.08611 0)
(-0.99365 -2.17572 0)
(-1.16069 -2.26717 0)
(-0.889353 -1.81293 0)
(-0.9989 -1.85717 0)
(-1.10968 -1.90215 0)
(-1.25347 -1.95644 0)
(-0.96416 -1.58738 0)
(-1.0774 -1.60982 0)
(-1.18749 -1.62994 0)
(-1.32874 -1.64465 0)
(-0.984511 -1.38258 0)
(-1.08447 -1.38467 0)
(-1.18295 -1.3802 0)
(-1.30365 -1.37285 0)
(-0.988337 -1.19108 0)
(-1.08185 -1.17927 0)
(-1.1736 -1.16115 0)
(-1.28246 -1.13839 0)
(-0.942778 -1.01735 0)
(-1.02198 -0.993252 0)
(-1.09952 -0.962318 0)
(-1.18959 -0.926996 0)
(-0.893811 -0.87102 0)
(-0.962804 -0.840211 0)
(-1.03075 -0.803174 0)
(-1.1064 -0.762027 0)
(-0.821587 -0.73988 0)
(-0.879561 -0.703343 0)
(-0.936736 -0.661521 0)
(-0.999156 -0.616147 0)
(-0.74583 -0.631675 0)
(-0.795073 -0.59223 0)
(-0.8436 -0.548015 0)
(-0.895306 -0.500874 0)
(-0.661847 -0.537253 0)
(-0.703195 -0.496048 0)
(-0.74395 -0.450625 0)
(-0.786769 -0.403092 0)
(-0.575658 -0.458398 0)
(-0.610482 -0.416031 0)
(-0.64467 -0.369796 0)
(-0.680053 -0.321726 0)
(-0.487344 -0.391858 0)
(-0.516609 -0.349539 0)
(-0.545393 -0.303773 0)
(-0.574832 -0.256649 0)
(-0.397682 -0.334882 0)
(-0.422314 -0.291809 0)
(-0.446545 -0.245724 0)
(-0.471108 -0.198432 0)
(-0.307576 -0.288179 0)
(-0.328282 -0.245662 0)
(-0.348619 -0.200477 0)
(-0.368992 -0.154368 0)
(-0.213674 -0.24661 0)
(-0.232348 -0.204229 0)
(-0.250932 -0.159069 0)
(-0.269348 -0.112982 0)
(-0.122129 -0.209354 0)
(-0.135664 -0.166337 0)
(-0.150049 -0.121913 0)
(-0.164904 -0.0779985 0)
(-0.0536547 -0.191106 0)
(-0.0583382 -0.144879 0)
(-0.0636015 -0.0969088 0)
(-0.0700221 -0.0490058 0)
(-0.172723 0.493714 0)
(-0.263491 0.327486 0)
(-0.360195 -0.0123477 0)
(-0.386847 -0.188689 0)
(-0.418236 -0.161668 0)
(-0.259272 -0.155123 0)
(-0.161578 -0.0823589 0)
(-0.14481 -0.166873 0)
(-0.13332 -0.16391 0)
(-0.0719012 -0.155447 0)
(-0.00965244 -0.139507 0)
(0.0232734 -0.12122 0)
(0.0703714 -0.0901687 0)
(0.0842019 -0.0553785 0)
(0.100351 -0.02047 0)
(0.0890622 0.013752 0)
(0.076394 0.0431276 0)
(0.0474087 0.0660654 0)
(0.0177918 0.0771007 0)
(1.1842 0.446777 0)
(1.14106 0.409358 0)
(1.05665 0.367593 0)
(0.594889 0.29779 0)
(0.368526 -0.0761869 0)
(-0.0607463 -0.32451 0)
(-0.222481 -0.188334 0)
(-0.208906 -0.109926 0)
(-0.0582298 -0.131082 0)
(-0.0275601 -0.225362 0)
(0.0256639 -0.160299 0)
(0.0754914 -0.15374 0)
(0.119043 -0.102013 0)
(0.137784 -0.058219 0)
(0.148052 -0.0017246 0)
(0.133188 0.0461166 0)
(0.10813 0.0819517 0)
(0.0676004 0.108 0)
(0.0243263 0.120972 0)
(1.36637 0.508492 0)
(1.37339 0.466953 0)
(1.36541 0.468823 0)
(1.32129 0.455367 0)
(1.25381 0.41492 0)
(0.733074 0.369252 0)
(0.434725 0.0687627 0)
(0.0472652 -0.311271 0)
(-0.172714 -0.341968 0)
(-0.0651455 -0.225834 0)
(0.0499684 -0.23455 0)
(0.0766628 -0.206219 0)
(0.153837 -0.146022 0)
(0.173774 -0.0829268 0)
(0.19012 -0.0153855 0)
(0.166425 0.0486796 0)
(0.137074 0.103141 0)
(0.085423 0.141354 0)
(0.0307876 0.160396 0)
(1.47507 0.429698 0)
(1.51365 0.409898 0)
(1.55688 0.401951 0)
(1.61431 0.419382 0)
(1.65183 0.453335 0)
(1.63525 0.440371 0)
(1.58962 0.417409 0)
(1.19991 0.422357 0)
(0.7629 -0.00178277 0)
(0.26274 -0.435645 0)
(0.0698076 -0.287231 0)
(0.162258 -0.247229 0)
(0.22513 -0.188073 0)
(0.25954 -0.0922261 0)
(0.270651 0.00700094 0)
(0.23646 0.0931214 0)
(0.187307 0.156512 0)
(0.115784 0.203793 0)
(0.0409553 0.226486 0)
(1.46124 0.41382 0)
(1.5278 0.391755 0)
(1.57878 0.376035 0)
(1.62809 0.368968 0)
(1.68113 0.381438 0)
(1.74621 0.429843 0)
(1.75289 0.466556 0)
(1.7314 0.463721 0)
(1.68698 0.469177 0)
(1.16266 0.415069 0)
(0.654971 -0.139893 0)
(0.263448 -0.354163 0)
(0.296739 -0.231056 0)
(0.33932 -0.128039 0)
(0.355684 0.007592 0)
(0.308022 0.121545 0)
(0.243432 0.213572 0)
(0.150343 0.27269 0)
(0.0522827 0.302344 0)
(1.43675 0.305045 0)
(1.51528 0.305012 0)
(1.60014 0.312322 0)
(1.67118 0.32696 0)
(1.7269 0.345406 0)
(1.76783 0.374362 0)
(1.81424 0.427659 0)
(1.83626 0.488194 0)
(1.81304 0.505348 0)
(1.76579 0.510357 0)
(1.64168 0.511001 0)
(0.995431 0.0910821 0)
(0.601686 -0.257433 0)
(0.499957 -0.146158 0)
(0.495745 0.0387196 0)
(0.415525 0.19327 0)
(0.320986 0.301261 0)
(0.194138 0.376298 0)
(0.0678849 0.410459 0)
(1.41892 0.27554 0)
(1.48794 0.243373 0)
(1.57121 0.235129 0)
(1.65887 0.255018 0)
(1.76089 0.294234 0)
(1.83178 0.351594 0)
(1.86809 0.402982 0)
(1.88933 0.465132 0)
(1.89234 0.534189 0)
(1.85569 0.565201 0)
(1.80056 0.572538 0)
(1.7241 0.566328 0)
(1.20851 0.226557 0)
(0.79625 -0.0404304 0)
(0.672158 0.0880678 0)
(0.551115 0.274976 0)
(0.409627 0.416247 0)
(0.248161 0.499646 0)
(0.0832345 0.539539 0)
(1.81057 0.212426 0)
(1.69397 0.168758 0)
(1.63131 0.155814 0)
(1.643 0.156144 0)
(1.7374 0.190609 0)
(1.83849 0.277777 0)
(1.94625 0.377069 0)
(1.95704 0.464991 0)
(1.94862 0.535877 0)
(1.92723 0.596461 0)
(1.88435 0.625183 0)
(1.82675 0.630563 0)
(1.74921 0.591728 0)
(1.30614 0.331686 0)
(0.962805 0.270359 0)
(0.728383 0.426148 0)
(0.526356 0.579601 0)
(0.308671 0.670739 0)
(0.105296 0.711452 0)
(2.10978 0.378305 0)
(2.17795 0.397011 0)
(2.18102 0.290101 0)
(2.12369 0.157696 0)
(1.95335 0.115755 0)
(1.8547 0.165753 0)
(1.93803 0.297933 0)
(2.03846 0.464649 0)
(2.01277 0.560501 0)
(1.97535 0.623616 0)
(1.93555 0.667551 0)
(1.88026 0.677947 0)
(1.82191 0.706697 0)
(1.6979 0.660772 0)
(1.25316 0.618357 0)
(0.886963 0.662826 0)
(0.617024 0.79979 0)
(0.360613 0.877256 0)
(0.118271 0.914046 0)
(2.02958 0.0322513 0)
(2.2706 0.109522 0)
(2.47078 0.19424 0)
(2.55832 0.362621 0)
(2.46301 0.422585 0)
(2.33645 0.289033 0)
(2.07559 0.206921 0)
(2.08829 0.401486 0)
(2.05014 0.594725 0)
(2.00226 0.664932 0)
(1.94858 0.713833 0)
(1.90003 0.73601 0)
(1.83642 0.750005 0)
(1.81198 0.844873 0)
(1.5674 1.01773 0)
(1.04916 0.992166 0)
(0.730561 1.06264 0)
(0.412316 1.12042 0)
(0.138319 1.14619 0)
(2.08643 -0.0545755 0)
(2.26673 -0.003334 0)
(2.43551 0.0395634 0)
(2.5457 0.167911 0)
(2.69691 0.325286 0)
(2.62872 0.523438 0)
(2.38822 0.527014 0)
(1.99384 0.469404 0)
(2.06429 0.641825 0)
(1.99666 0.716447 0)
(1.9348 0.759237 0)
(1.8863 0.783225 0)
(1.84146 0.79654 0)
(1.81204 0.869277 0)
(1.70291 1.34221 0)
(1.1661 1.40076 0)
(0.789264 1.38415 0)
(0.448496 1.40869 0)
(0.145726 1.41266 0)
(2.21102 -0.275169 0)
(2.45259 -0.205655 0)
(2.64534 -0.0613557 0)
(2.70716 0.126673 0)
(2.72625 0.338446 0)
(2.6608 0.581695 0)
(2.55053 0.759719 0)
(2.16151 0.724258 0)
(2.05582 0.593598 0)
(1.97484 0.782398 0)
(1.91097 0.81376 0)
(1.85507 0.821435 0)
(1.81703 0.830526 0)
(1.77887 0.932442 0)
(1.5991 1.63862 0)
(1.14213 1.80297 0)
(0.767746 1.71635 0)
(0.443506 1.70048 0)
(0.141174 1.68381 0)
(2.33211 -0.481698 0)
(2.62665 -0.398167 0)
(2.85345 -0.188108 0)
(2.94132 0.0939889 0)
(2.87216 0.370571 0)
(2.763 0.682448 0)
(2.55089 0.975462 0)
(2.20993 0.936864 0)
(2.0404 0.772979 0)
(1.93716 0.848598 0)
(1.8725 0.868128 0)
(1.81912 0.868462 0)
(1.77745 0.87489 0)
(1.725 1.04443 0)
(1.37396 1.93648 0)
(1.04414 2.14572 0)
(0.699571 2.02044 0)
(0.416117 1.97506 0)
(0.12887 1.94292 0)
(2.45269 -0.787189 0)
(2.85732 -0.675878 0)
(3.08889 -0.344096 0)
(3.2151 0.111106 0)
(3.05527 0.498509 0)
(2.82603 0.874917 0)
(2.49271 1.25542 0)
(2.16957 1.188 0)
(1.9832 0.873865 0)
(1.88023 0.931839 0)
(1.82158 0.920949 0)
(1.76483 0.909255 0)
(1.71542 0.916374 0)
(1.63789 1.29756 0)
(1.1479 2.25292 0)
(0.932771 2.41449 0)
(0.612744 2.28252 0)
(0.376572 2.21614 0)
(0.112317 2.17567 0)
(2.58723 -1.16975 0)
(3.03298 -0.977391 0)
(3.27608 -0.511184 0)
(3.38397 0.121775 0)
(3.17338 0.723386 0)
(2.82192 1.19775 0)
(2.31971 1.56273 0)
(2.03622 1.42201 0)
(1.87135 0.989443 0)
(1.79408 0.999658 0)
(1.74061 0.972699 0)
(1.68135 0.967142 0)
(1.61936 0.97899 0)
(1.51967 1.58418 0)
(0.960687 2.56132 0)
(0.797196 2.64207 0)
(0.502329 2.52121 0)
(0.3237 2.43157 0)
(0.0927455 2.38653 0)
(2.6563 -1.60917 0)
(3.05294 -1.2978 0)
(3.3162 -0.657453 0)
(3.37065 0.203435 0)
(3.03332 1.00935 0)
(2.5632 1.63787 0)
(1.97392 1.95621 0)
(1.83165 1.59356 0)
(1.71675 1.12101 0)
(1.69325 1.05171 0)
(1.65696 1.02414 0)
(1.62459 1.02536 0)
(1.58872 1.0453 0)
(1.49478 1.9138 0)
(0.809807 2.8833 0)
(0.66832 2.83819 0)
(0.396268 2.70196 0)
(0.260498 2.58821 0)
(0.0730351 2.54963 0)
(2.56496 -2.03361 0)
(2.87544 -1.58343 0)
(3.04954 -0.796932 0)
(3.0471 0.371335 0)
(2.61633 1.46565 0)
(2.03605 2.15809 0)
(1.37183 2.24399 0)
(1.5326 1.66616 0)
(1.60575 1.10692 0)
(1.62771 1.05501 0)
(1.63511 1.03504 0)
(1.63276 1.03533 0)
(1.62085 1.07898 0)
(1.17848 2.32338 0)
(0.574829 3.28444 0)
(0.487758 3.03667 0)
(0.300031 2.88292 0)
(0.190721 2.73151 0)
(0.0567993 2.68952 0)
(2.1827 -2.35196 0)
(2.49812 -1.74503 0)
(2.45759 -0.798999 0)
(2.34475 0.589808 0)
(1.83972 1.93022 0)
(1.03963 2.72666 0)
(0.863387 2.43332 0)
(1.40308 1.32913 0)
(1.56221 1.04798 0)
(1.60823 1.02527 0)
(1.62617 1.02052 0)
(1.6015 1.04338 0)
(1.36648 1.42784 0)
(0.288405 2.89434 0)
(0.215392 3.46859 0)
(0.183448 3.09911 0)
(0.159053 2.95964 0)
(0.0902771 2.80994 0)
(0.0381865 2.76968 0)
(1.66106 -2.59438 0)
(2.04207 -1.83594 0)
(1.61759 -0.662844 0)
(1.10974 0.922685 0)
(0.575637 2.67592 0)
(0.103846 3.03478 0)
(0.674395 1.94556 0)
(1.16228 1.0297 0)
(1.41414 0.916654 0)
(1.54152 0.991669 0)
(1.5362 1.02652 0)
(1.22067 1.26146 0)
(0.377303 2.27789 0)
(-0.347493 3.39834 0)
(-0.0392613 3.36012 0)
(-0.0334326 3.11069 0)
(0.0461547 2.96033 0)
(0.0160657 2.84978 0)
(0.018248 2.80744 0)
(1.10261 -2.77055 0)
(1.49683 -1.69399 0)
(0.64439 0.0442334 0)
(-0.393206 1.56161 0)
(-0.881216 2.83894 0)
(-0.766663 2.5937 0)
(-0.445149 1.46327 0)
(-0.582242 0.669652 0)
(-0.705569 0.769484 0)
(-0.0404961 0.903266 0)
(0.0413692 1.36853 0)
(-0.300479 2.09724 0)
(-0.821535 2.82752 0)
(-0.70423 3.27113 0)
(-0.337703 3.16768 0)
(-0.205854 3.02452 0)
(-0.0759153 2.9077 0)
(-0.0511146 2.83444 0)
(-0.00110308 2.79719 0)
(0.601311 -2.91816 0)
(0.914295 -1.42108 0)
(0.0834902 1.04829 0)
(-0.824456 2.2874 0)
(-1.06717 3.04286 0)
(-0.680139 2.6541 0)
(-0.372476 1.84797 0)
(-0.970931 1.23512 0)
(-1.47716 0.303367 0)
(-1.51042 0.31101 0)
(-0.978889 1.21644 0)
(-1.08089 2.04612 0)
(-0.954467 2.65495 0)
(-0.703931 2.97387 0)
(-0.385008 2.90878 0)
(-0.250891 2.88429 0)
(-0.119237 2.82192 0)
(-0.0777662 2.78785 0)
(-0.00917548 2.76327 0)
(0.15017 -2.96508 0)
(0.0563573 -1.22669 0)
(0.189346 1.62689 0)
(-0.495742 2.58874 0)
(-0.0954651 2.73039 0)
(0.749004 1.83771 0)
(1.03179 1.69318 0)
(0.927585 1.65737 0)
(0.506706 1.40354 0)
(-0.690245 0.445864 0)
(-0.818162 1.03885 0)
(-0.918938 2.07111 0)
(-0.818364 2.48005 0)
(-0.606538 2.75305 0)
(-0.392413 2.74907 0)
(-0.28425 2.78202 0)
(-0.161838 2.74526 0)
(-0.101899 2.73233 0)
(-0.021476 2.71505 0)
(-0.228455 -2.76039 0)
(-0.598274 -1.46201 0)
(0.576947 1.58569 0)
(0.141429 2.48154 0)
(1.01029 1.9478 0)
(1.06949 1.74461 0)
(1.04801 1.71839 0)
(1.02466 1.70974 0)
(0.972446 1.70008 0)
(0.695818 1.49165 0)
(-0.356448 1.40041 0)
(-0.454094 2.03652 0)
(-0.564775 2.37951 0)
(-0.443625 2.58462 0)
(-0.3468 2.62363 0)
(-0.260162 2.6786 0)
(-0.16496 2.66095 0)
(-0.103187 2.66477 0)
(-0.0256541 2.6549 0)
(-0.533643 -2.62976 0)
(-0.878279 -1.94746 0)
(0.380726 0.928861 0)
(0.869707 2.25217 0)
(1.05303 1.86785 0)
(1.04733 1.76011 0)
(1.03534 1.73265 0)
(1.0189 1.72677 0)
(1.00398 1.7224 0)
(0.983784 1.6902 0)
(0.434894 2.05557 0)
(-0.203476 2.29123 0)
(-0.324123 2.45873 0)
(-0.361271 2.55974 0)
(-0.311217 2.57785 0)
(-0.254095 2.61536 0)
(-0.173573 2.59981 0)
(-0.110082 2.60353 0)
(-0.0307698 2.59562 0)
(-1.02842 -2.53909 0)
(-1.24512 -2.26323 0)
(-0.682713 0.0116466 0)
(0.971213 1.81301 0)
(0.967189 1.82284 0)
(1.01925 1.75482 0)
(1.01942 1.7434 0)
(1.01931 1.7371 0)
(1.01734 1.74371 0)
(0.953889 1.9253 0)
(0.183874 2.52811 0)
(-0.146037 2.69028 0)
(-0.313425 2.53972 0)
(-0.318193 2.56586 0)
(-0.30577 2.53401 0)
(-0.242577 2.55388 0)
(-0.176146 2.53494 0)
(-0.108473 2.53744 0)
(-0.033398 2.53018 0)
(-1.36205 -2.33163 0)
(-1.62482 -2.20704 0)
(-1.58256 -1.12781 0)
(0.252289 0.850914 0)
(0.873915 1.79697 0)
(0.991407 1.71698 0)
(1.01136 1.73384 0)
(1.01029 1.73042 0)
(0.932902 1.79041 0)
(0.38723 2.43061 0)
(-0.377306 3.05191 0)
(-0.277699 2.73445 0)
(-0.400896 2.61203 0)
(-0.346849 2.54946 0)
(-0.33103 2.50708 0)
(-0.257961 2.49489 0)
(-0.189536 2.47667 0)
(-0.115456 2.47209 0)
(-0.0366583 2.46553 0)
(-1.4927 -2.05488 0)
(-1.88888 -2.09806 0)
(-2.0034 -1.65208 0)
(-1.50096 -0.499129 0)
(0.23145 1.15829 0)
(0.670507 1.63535 0)
(0.983181 1.71728 0)
(0.788349 1.79223 0)
(0.294214 2.301 0)
(-0.613139 3.18001 0)
(-0.572076 3.11966 0)
(-0.490988 2.73426 0)
(-0.474135 2.60707 0)
(-0.403667 2.50591 0)
(-0.349001 2.45841 0)
(-0.274489 2.42734 0)
(-0.197106 2.40897 0)
(-0.120136 2.4005 0)
(-0.038444 2.39432 0)
(-1.55225 -1.66793 0)
(-2.05435 -1.70379 0)
(-2.47625 -1.4903 0)
(-2.76526 -1.11911 0)
(-2.30967 -0.0947556 0)
(-1.5561 0.96175 0)
(-1.19171 1.66307 0)
(-1.26725 2.41441 0)
(-1.48914 2.99494 0)
(-1.44209 3.17234 0)
(-0.922062 2.91885 0)
(-0.755037 2.63581 0)
(-0.587749 2.52387 0)
(-0.487364 2.43238 0)
(-0.387112 2.38731 0)
(-0.299071 2.35445 0)
(-0.211222 2.33605 0)
(-0.126635 2.32688 0)
(-0.0411518 2.3212 0)
(-1.4884 -1.33317 0)
(-1.87863 -1.27429 0)
(-2.27173 -1.02857 0)
(-2.71344 -0.657463 0)
(-2.96788 0.00649016 0)
(-2.80882 0.68556 0)
(-2.64916 1.43098 0)
(-2.36579 2.05769 0)
(-2.00559 2.51981 0)
(-1.49763 2.69749 0)
(-1.06049 2.53058 0)
(-0.830514 2.44009 0)
(-0.653972 2.3796 0)
(-0.524977 2.32676 0)
(-0.413727 2.2939 0)
(-0.313733 2.26949 0)
(-0.221068 2.25535 0)
(-0.131406 2.24744 0)
(-0.0429024 2.24356 0)
(-1.45253 -1.07659 0)
(-1.76214 -0.976476 0)
(-2.0793 -0.735825 0)
(-2.3902 -0.475456 0)
(-2.61805 0.018719 0)
(-2.64404 0.645342 0)
(-2.55113 1.28081 0)
(-2.2975 1.82888 0)
(-1.93194 2.16442 0)
(-1.47795 2.30267 0)
(-1.12858 2.28902 0)
(-0.903924 2.26095 0)
(-0.711184 2.23795 0)
(-0.563555 2.21042 0)
(-0.43781 2.19325 0)
(-0.328006 2.17778 0)
(-0.228872 2.17032 0)
(-0.135469 2.1647 0)
(-0.043983 2.16311 0)
(-1.32834 -0.847084 0)
(-1.57473 -0.712652 0)
(-1.80699 -0.472391 0)
(-2.0409 -0.177486 0)
(-2.24322 0.215816 0)
(-2.31147 0.633854 0)
(-2.2372 1.10381 0)
(-2.00922 1.50658 0)
(-1.6987 1.79662 0)
(-1.37177 1.96939 0)
(-1.09753 2.03015 0)
(-0.890565 2.067 0)
(-0.712286 2.08016 0)
(-0.568265 2.08254 0)
(-0.442862 2.08458 0)
(-0.332076 2.08176 0)
(-0.2321 2.08277 0)
(-0.137034 2.08072 0)
(-0.0449528 2.08188 0)
(-1.2253 -0.675045 0)
(-1.41886 -0.533173 0)
(-1.59721 -0.31159 0)
(-1.75535 -0.0681139 0)
(-1.86197 0.271331 0)
(-1.89639 0.637854 0)
(-1.84749 1.00947 0)
(-1.6952 1.33561 0)
(-1.48723 1.58009 0)
(-1.25377 1.75312 0)
(-1.04195 1.84684 0)
(-0.859787 1.90687 0)
(-0.698527 1.9427 0)
(-0.561017 1.96317 0)
(-0.439457 1.97812 0)
(-0.329544 1.98537 0)
(-0.230831 1.99346 0)
(-0.135213 1.99459 0)
(-0.0457343 1.99827 0)
(-1.09683 -0.526097 0)
(-1.25112 -0.379207 0)
(-1.38708 -0.174362 0)
(-1.50814 0.0574816 0)
(-1.59293 0.336789 0)
(-1.6122 0.623175 0)
(-1.56758 0.920865 0)
(-1.45411 1.18549 0)
(-1.3007 1.40192 0)
(-1.12723 1.5688 0)
(-0.957661 1.68004 0)
(-0.802814 1.75865 0)
(-0.662616 1.81378 0)
(-0.537192 1.84985 0)
(-0.424491 1.87724 0)
(-0.319922 1.89383 0)
(-0.225164 1.90809 0)
(-0.131322 1.91357 0)
(-0.0457707 1.91889 0)
(-0.976944 -0.409958 0)
(-1.09954 -0.265274 0)
(-1.20533 -0.0774174 0)
(-1.29441 0.124684 0)
(-1.34796 0.367612 0)
(-1.36042 0.616209 0)
(-1.32713 0.866066 0)
(-1.24625 1.09233 0)
(-1.13318 1.28216 0)
(-1.00284 1.43886 0)
(-0.866955 1.55111 0)
(-0.737071 1.63669 0)
(-0.616204 1.70098 0)
(-0.503043 1.74573 0)
(-0.400538 1.78088 0)
(-0.302785 1.80395 0)
(-0.214028 1.82256 0)
(-0.124571 1.83157 0)
(-0.044089 1.83787 0)
(-0.854431 -0.314072 0)
(-0.953527 -0.174133 0)
(-1.03635 -0.00122204 0)
(-1.1063 0.184615 0)
(-1.14895 0.394063 0)
(-1.15831 0.605007 0)
(-1.13165 0.817406 0)
(-1.07107 1.01222 0)
(-0.984587 1.18363 0)
(-0.884677 1.32986 0)
(-0.77424 1.44231 0)
(-0.667777 1.53325 0)
(-0.563978 1.60401 0)
(-0.464453 1.65571 0)
(-0.372579 1.69728 0)
(-0.282975 1.72565 0)
(-0.200827 1.74773 0)
(-0.116937 1.76015 0)
(-0.0417322 1.767 0)
(-0.736307 -0.233577 0)
(-0.816408 -0.0981281 0)
(-0.882797 0.0616032 0)
(-0.937115 0.229368 0)
(-0.968264 0.41515 0)
(-0.97578 0.601375 0)
(-0.95588 0.786577 0)
(-0.911436 0.958475 0)
(-0.845721 1.11235 0)
(-0.768537 1.24673 0)
(-0.679483 1.35383 0)
(-0.59283 1.44482 0)
(-0.504232 1.5163 0)
(-0.418603 1.5715 0)
(-0.337698 1.61624 0)
(-0.257577 1.64783 0)
(-0.183417 1.67202 0)
(-0.107051 1.68696 0)
(-0.0380921 1.694 0)
(-0.621828 -0.171385 0)
(-0.687668 -0.0422323 0)
(-0.741727 0.106536 0)
(-0.786248 0.261345 0)
(-0.812617 0.428072 0)
(-0.820431 0.594138 0)
(-0.806467 0.759153 0)
(-0.774199 0.913604 0)
(-0.72403 1.05515 0)
(-0.664364 1.1805 0)
(-0.592734 1.28453 0)
(-0.522672 1.37551 0)
(-0.44701 1.44738 0)
(-0.374355 1.50569 0)
(-0.303051 1.5524 0)
(-0.232293 1.58663 0)
(-0.165677 1.61235 0)
(-0.0970611 1.62917 0)
(-0.0342278 1.63649 0)
(-0.51054 -0.11395 0)
(-0.565136 0.0115015 0)
(-0.609906 0.151143 0)
(-0.646225 0.294697 0)
(-0.667829 0.446209 0)
(-0.675369 0.596287 0)
(-0.665935 0.744461 0)
(-0.642815 0.883673 0)
(-0.604948 1.01243 0)
(-0.559344 1.12724 0)
(-0.502897 1.22512 0)
(-0.447472 1.31221 0)
(-0.384551 1.38163 0)
(-0.325092 1.44058 0)
(-0.263892 1.48717 0)
(-0.203744 1.52281 0)
(-0.145494 1.54907 0)
(-0.0858292 1.56716 0)
(-0.0298404 1.57456 0)
(-0.401863 -0.0724438 0)
(-0.447673 0.047451 0)
(-0.486439 0.17923 0)
(-0.518589 0.313563 0)
(-0.539465 0.453945 0)
(-0.549284 0.592544 0)
(-0.545353 0.729587 0)
(-0.530533 0.858856 0)
(-0.502901 0.979893 0)
(-0.468505 1.08869 0)
(-0.424336 1.18386 0)
(-0.380215 1.26897 0)
(-0.328104 1.33736 0)
(-0.279488 1.39719 0)
(-0.226883 1.4435 0)
(-0.176314 1.48037 0)
(-0.125643 1.50676 0)
(-0.0746724 1.52549 0)
(-0.0254586 1.53304 0)
(-0.298555 -0.0306298 0)
(-0.337638 0.0885289 0)
(-0.370534 0.215496 0)
(-0.397792 0.34326 0)
(-0.416201 0.474132 0)
(-0.42625 0.60197 0)
(-0.425714 0.727473 0)
(-0.416989 0.845302 0)
(-0.398092 0.956097 0)
(-0.373822 1.05589 0)
(-0.341234 1.14488 0)
(-0.308143 1.22459 0)
(-0.267316 1.28989 0)
(-0.229864 1.34817 0)
(-0.186796 1.39288 0)
(-0.146547 1.43006 0)
(-0.10417 1.45591 0)
(-0.0626024 1.47509 0)
(-0.0208674 1.48264 0)
(-0.190456 -0.000148762 0)
(-0.225355 0.112478 0)
(-0.256946 0.233271 0)
(-0.283916 0.354667 0)
(-0.304202 0.479278 0)
(-0.317669 0.601012 0)
(-0.322424 0.720974 0)
(-0.320359 0.833936 0)
(-0.309602 0.940882 0)
(-0.294053 1.03758 0)
(-0.271146 1.12485 0)
(-0.247057 1.20276 0)
(-0.215796 1.26741 0)
(-0.187226 1.32542 0)
(-0.15229 1.36949 0)
(-0.120649 1.40711 0)
(-0.0853742 1.43258 0)
(-0.0519153 1.4519 0)
(-0.0168503 1.45949 0)
(-0.0819865 0.0333836 0)
(-0.102478 0.14899 0)
(-0.123122 0.268797 0)
(-0.143078 0.386569 0)
(-0.160111 0.505132 0)
(-0.17379 0.618966 0)
(-0.182241 0.73023 0)
(-0.186488 0.833918 0)
(-0.184627 0.932282 0)
(-0.179404 1.02086 0)
(-0.168346 1.10188 0)
(-0.156123 1.1737 0)
(-0.137982 1.23469 0)
(-0.12153 1.28927 0)
(-0.0992509 1.33094 0)
(-0.0798683 1.36752 0)
(-0.0561962 1.39151 0)
(-0.0348728 1.41065 0)
(-0.0109073 1.41797 0)
)
;

boundaryField
{
    leftWall
    {
        type            noSlip;
    }
    rightWall
    {
        type            noSlip;
    }
    lowerWall
    {
        type            noSlip;
    }
    atmosphere
    {
        type            zeroGradient;
    }
    defaultFaces
    {
        type            empty;
    }
}


// ************************************************************************* //
