/*--------------------------------*- C++ -*----------------------------------*\
| =========                 |                                                 |
| \\      /  F ield         | OpenFOAM: The Open Source CFD Toolbox           |
|  \\    /   O peration     | Version:  2012                                  |
|   \\  /    A nd           | Website:  www.openfoam.com                      |
|    \\/     M anipulation  |                                                 |
\*---------------------------------------------------------------------------*/
FoamFile
{
    version     2.0;
    format      ascii;
    class       volVectorField;
    location    "0.75";
    object      Uc;
}
// * * * * * * * * * * * * * * * * * * * * * * * * * * * * * * * * * * * * * //

dimensions      [0 1 -1 0 0 0 0];


internalField   nonuniform List<vector> 
2268
(
(-0.0110747 0.00523381 0)
(-0.0324219 0.00485473 0)
(-0.0535057 0.00510929 0)
(-0.0758541 0.00545241 0)
(-0.0983942 0.00519987 0)
(-0.118828 0.00445675 0)
(-0.137152 0.0042034 0)
(-0.154779 0.00412689 0)
(-0.170461 0.00328437 0)
(-0.183269 0.00276855 0)
(-0.193615 0.00212059 0)
(-0.200682 0.00121952 0)
(-0.203819 0.000263021 0)
(-0.203277 -0.000519416 0)
(-0.199452 -0.0012882 0)
(-0.192425 -0.00203289 0)
(-0.180717 -0.00349981 0)
(-0.162691 -0.00501925 0)
(-0.137783 -0.00675216 0)
(-0.104609 -0.00892547 0)
(-0.0690906 -0.00786045 0)
(-0.0267449 -0.0121518 0)
(-0.000515951 -0.000243829 0)
(-0.0112204 0.0157703 0)
(-0.0327695 0.0145907 0)
(-0.053847 0.0152984 0)
(-0.0759741 0.0162821 0)
(-0.0982811 0.0155645 0)
(-0.118741 0.0134179 0)
(-0.13732 0.0126828 0)
(-0.15512 0.0123901 0)
(-0.170766 0.00982624 0)
(-0.18358 0.00833574 0)
(-0.194055 0.00639285 0)
(-0.201255 0.00369005 0)
(-0.20463 0.000870125 0)
(-0.20441 -0.00148731 0)
(-0.200795 -0.0038361 0)
(-0.193816 -0.00610449 0)
(-0.182209 -0.0104463 0)
(-0.164488 -0.0149666 0)
(-0.140301 -0.0200064 0)
(-0.108797 -0.0262375 0)
(-0.0750798 -0.0232691 0)
(-0.0354797 -0.0354701 0)
(-0.00592575 -0.00328811 0)
(-0.0112914 0.0264092 0)
(-0.0328307 0.0243151 0)
(-0.0537429 0.025418 0)
(-0.0757022 0.0269974 0)
(-0.0981545 0.0260021 0)
(-0.119384 0.0226823 0)
(-0.138924 0.0214333 0)
(-0.157189 0.020684 0)
(-0.172904 0.0163528 0)
(-0.185654 0.0138907 0)
(-0.195702 0.010537 0)
(-0.202368 0.00609864 0)
(-0.205474 0.00152449 0)
(-0.205285 -0.00233542 0)
(-0.201802 -0.0063422 0)
(-0.194806 -0.0102028 0)
(-0.182938 -0.0174426 0)
(-0.164525 -0.0250471 0)
(-0.139247 -0.0333022 0)
(-0.105709 -0.0436801 0)
(-0.0672533 -0.0399348 0)
(-0.0213124 -0.0592303 0)
(0.00266791 -0.00482773 0)
(-0.0114587 0.0371607 0)
(-0.0332916 0.0340609 0)
(-0.0544428 0.035551 0)
(-0.0762386 0.0375429 0)
(-0.098164 0.0364291 0)
(-0.119281 0.0322679 0)
(-0.139154 0.0304741 0)
(-0.157677 0.0290288 0)
(-0.173622 0.0229704 0)
(-0.186728 0.0194924 0)
(-0.197318 0.0146885 0)
(-0.204909 0.00868484 0)
(-0.208964 0.00232258 0)
(-0.209329 -0.00305046 0)
(-0.206111 -0.00879403 0)
(-0.199551 -0.014157 0)
(-0.188695 -0.0242278 0)
(-0.171442 -0.0351173 0)
(-0.147099 -0.0466825 0)
(-0.113889 -0.0618446 0)
(-0.0738584 -0.0588621 0)
(-0.0245509 -0.0853167 0)
(0.00199967 -0.00262185 0)
(-0.0111689 0.0478543 0)
(-0.0328485 0.0439309 0)
(-0.0542308 0.0457819 0)
(-0.0761609 0.0479764 0)
(-0.0984155 0.0468747 0)
(-0.120715 0.0423408 0)
(-0.142256 0.0399732 0)
(-0.161674 0.0374601 0)
(-0.177748 0.0296711 0)
(-0.190617 0.0250677 0)
(-0.200368 0.0187256 0)
(-0.207038 0.0113874 0)
(-0.210587 0.00321369 0)
(-0.210841 -0.003649 0)
(-0.207826 -0.0111413 0)
(-0.201654 -0.0178268 0)
(-0.191092 -0.0306801 0)
(-0.173569 -0.0450996 0)
(-0.14787 -0.0603499 0)
(-0.111591 -0.0810175 0)
(-0.0627511 -0.0816886 0)
(0.00123647 -0.116033 0)
(0.0188403 0.007227 0)
(-0.0110746 0.0583664 0)
(-0.0334514 0.0542395 0)
(-0.0558624 0.0561697 0)
(-0.0776831 0.0582649 0)
(-0.0990147 0.0571847 0)
(-0.120655 0.0527966 0)
(-0.142239 0.0498977 0)
(-0.161914 0.0460107 0)
(-0.178631 0.0366172 0)
(-0.192639 0.0308238 0)
(-0.203783 0.0228441 0)
(-0.211968 0.0142893 0)
(-0.216564 0.00416087 0)
(-0.217248 -0.00415257 0)
(-0.214629 -0.0133002 0)
(-0.20958 -0.0209712 0)
(-0.200944 -0.0366087 0)
(-0.185566 -0.0547192 0)
(-0.161395 -0.0742984 0)
(-0.125206 -0.101317 0)
(-0.0735052 -0.108903 0)
(-0.00431024 -0.151759 0)
(0.017421 0.0243638 0)
(-0.0102279 0.0684338 0)
(-0.0321216 0.065094 0)
(-0.055233 0.0668288 0)
(-0.0775134 0.0684477 0)
(-0.0993429 0.0673994 0)
(-0.122685 0.0638402 0)
(-0.146795 0.0604484 0)
(-0.167889 0.054727 0)
(-0.184614 0.0437056 0)
(-0.197874 0.036622 0)
(-0.207663 0.0269386 0)
(-0.21455 0.0173178 0)
(-0.218453 0.00514859 0)
(-0.219133 -0.00449563 0)
(-0.217191 -0.0151123 0)
(-0.213346 -0.0233624 0)
(-0.205731 -0.041898 0)
(-0.190564 -0.0638653 0)
(-0.164934 -0.0886875 0)
(-0.124358 -0.123207 0)
(-0.0631334 -0.140381 0)
(0.0217336 -0.19309 0)
(0.0350185 0.0491463 0)
(-0.0100131 0.0779995 0)
(-0.032088 0.0763076 0)
(-0.055917 0.0777989 0)
(-0.0782396 0.0785566 0)
(-0.0993871 0.0776011 0)
(-0.122693 0.0756839 0)
(-0.147838 0.0718822 0)
(-0.170279 0.0638679 0)
(-0.18826 0.0509667 0)
(-0.202421 0.0423195 0)
(-0.213435 0.0310724 0)
(-0.222042 0.0205067 0)
(-0.226607 0.00596165 0)
(-0.226913 -0.00484307 0)
(-0.225288 -0.0164505 0)
(-0.223395 -0.0247359 0)
(-0.218386 -0.0464904 0)
(-0.206437 -0.072088 0)
(-0.185596 -0.102426 0)
(-0.153912 -0.143618 0)
(-0.104173 -0.172411 0)
(-0.0457751 -0.228766 0)
(-0.00929397 0.0613035 0)
(-0.442393 0.188056 0)
(-1.09224 0.088162 0)
(-1.3989 0.0421498 0)
(-1.51131 0.00563406 0)
(-1.45202 -0.0307509 0)
(-1.28371 -0.0407359 0)
(-1.16702 -0.00889333 0)
(-1.2188 0.0308455 0)
(-1.38089 0.0379339 0)
(-1.51435 0.0186461 0)
(-1.58289 0.0103721 0)
(-1.62827 0.00880866 0)
(-1.67912 0.012717 0)
(-1.74609 0.0156639 0)
(-1.81176 0.0121712 0)
(-1.84685 0.00270751 0)
(-1.72392 -0.0547466 0)
(-1.27208 -0.137088 0)
(-0.474785 -0.202035 0)
(-0.370932 0.533782 0)
(-0.921021 0.252476 0)
(-1.1798 0.11814 0)
(-1.25373 0.00886163 0)
(-1.15617 -0.100499 0)
(-0.961973 -0.125003 0)
(-0.879371 -0.00940667 0)
(-0.998743 0.104001 0)
(-1.17458 0.108192 0)
(-1.28822 0.0531268 0)
(-1.3506 0.0312928 0)
(-1.4047 0.0299463 0)
(-1.46494 0.0385698 0)
(-1.52204 0.0422211 0)
(-1.56657 0.0320799 0)
(-1.57491 0.000975003 0)
(-1.38812 -0.184006 0)
(-0.968911 -0.377464 0)
(-0.363156 -0.558696 0)
(-0.315694 0.826064 0)
(-0.758108 0.382512 0)
(-0.963226 0.185303 0)
(-1.02605 -0.000119355 0)
(-0.856614 -0.204753 0)
(-0.522102 -0.245369 0)
(-0.318663 -0.0107482 0)
(-0.408218 0.193946 0)
(-0.673181 0.20528 0)
(-0.970546 0.130444 0)
(-1.21609 0.0845086 0)
(-1.37297 0.065905 0)
(-1.45951 0.0644369 0)
(-1.51418 0.0631066 0)
(-1.55831 0.048065 0)
(-1.4926 -0.0401812 0)
(-1.12014 -0.380031 0)
(-0.629082 -0.567935 0)
(-0.212431 -0.804091 0)
(-0.211082 1.05071 0)
(-0.572611 0.500351 0)
(-0.87962 0.285287 0)
(-0.969373 -0.0349925 0)
(-0.661497 -0.372295 0)
(-0.247745 -0.395687 0)
(0.0715656 -0.0828396 0)
(0.332856 0.192849 0)
(0.422868 0.280516 0)
(0.258527 0.251196 0)
(-0.118959 0.22817 0)
(-0.590143 0.188593 0)
(-0.979083 0.143108 0)
(-1.16207 0.0845008 0)
(-1.13127 0.0313048 0)
(-0.868014 -0.164337 0)
(-0.516244 -0.563803 0)
(-0.247891 -0.707171 0)
(-0.0631516 -0.921882 0)
(-0.130143 1.1963 0)
(-0.37017 0.611073 0)
(-0.624021 0.413305 0)
(-0.61428 -0.128595 0)
(-0.231666 -0.571888 0)
(0.0688688 -0.499658 0)
(0.231772 -0.184035 0)
(0.436665 0.0957903 0)
(0.631881 0.256292 0)
(0.758741 0.291185 0)
(0.864118 0.303454 0)
(0.952839 0.275352 0)
(0.971697 0.213006 0)
(0.856761 0.140389 0)
(0.626378 0.0593076 0)
(0.340705 -0.183764 0)
(0.0249435 -0.560294 0)
(-0.0521563 -0.792597 0)
(0.0130143 -0.943386 0)
(-0.0645726 1.27941 0)
(-0.101997 0.646306 0)
(-0.0909239 0.481515 0)
(-0.0361733 -0.224 0)
(0.129119 -0.709262 0)
(0.263425 -0.547107 0)
(0.387692 -0.258775 0)
(0.544943 0.0164867 0)
(0.661774 0.202875 0)
(0.748245 0.253841 0)
(0.831111 0.260526 0)
(0.904836 0.248766 0)
(0.96633 0.204821 0)
(1.01267 0.17694 0)
(1.04913 0.104386 0)
(0.958065 -0.0694461 0)
(0.681029 -0.423116 0)
(0.33017 -0.748339 0)
(0.0734978 -0.906606 0)
(-0.0302025 1.31987 0)
(-0.0764412 0.641687 0)
(0.0173545 0.441687 0)
(0.269216 -0.305373 0)
(0.378264 -0.735341 0)
(0.374107 -0.576339 0)
(0.469607 -0.323054 0)
(0.583523 -0.0345772 0)
(0.657754 0.172676 0)
(0.725545 0.218422 0)
(0.807789 0.22568 0)
(0.881758 0.220644 0)
(0.937931 0.182618 0)
(0.984022 0.159434 0)
(1.02292 0.0893823 0)
(1.01303 -0.0119907 0)
(0.866367 -0.300588 0)
(0.474046 -0.555046 0)
(0.101025 -0.83237 0)
(0.00351986 1.33127 0)
(-0.143711 0.71316 0)
(-0.149184 0.333246 0)
(0.232579 -0.456852 0)
(0.43511 -0.706944 0)
(0.428776 -0.600389 0)
(0.521144 -0.379035 0)
(0.621926 -0.0699422 0)
(0.664963 0.158249 0)
(0.704387 0.187254 0)
(0.774945 0.191819 0)
(0.844835 0.193298 0)
(0.897553 0.163637 0)
(0.935332 0.142708 0)
(0.961654 0.0782635 0)
(0.940463 0.0122149 0)
(0.780331 -0.194418 0)
(0.398239 -0.33192 0)
(0.0727915 -0.758434 0)
(-0.0090875 0.0919053 0)
(-0.0296941 0.0936169 0)
(-0.0529409 0.0951651 0)
(-0.0754493 0.0943865 0)
(-0.0963328 0.0927603 0)
(-0.117808 0.0931213 0)
(-0.140632 0.0892662 0)
(-0.163039 0.0796115 0)
(-0.183931 0.064722 0)
(-0.201947 0.0533666 0)
(-0.216232 0.03959 0)
(-0.22587 0.0257452 0)
(-0.22892 0.00594561 0)
(-0.228179 -0.00542699 0)
(-0.227955 -0.0168599 0)
(-0.229771 -0.0233957 0)
(-0.228662 -0.0513124 0)
(-0.220417 -0.0812013 0)
(-0.207382 -0.116265 0)
(-0.192587 -0.159625 0)
(-0.157058 -0.215625 0)
(-0.0959079 -0.274612 0)
(0.0778463 -0.0847918 0)
(-0.0146963 0.115952 0)
(-0.0469102 0.122957 0)
(-0.0834303 0.126229 0)
(-0.119306 0.122378 0)
(-0.14801 0.115011 0)
(-0.169722 0.114693 0)
(-0.189157 0.110563 0)
(-0.206251 0.0983071 0)
(-0.217593 0.0785557 0)
(-0.222279 0.0623791 0)
(-0.221892 0.0445469 0)
(-0.219294 0.0278619 0)
(-0.219268 0.00686524 0)
(-0.225641 -0.000685547 0)
(-0.238398 -0.00900374 0)
(-0.254357 -0.0133839 0)
(-0.26383 -0.0529167 0)
(-0.263921 -0.0877932 0)
(-0.263538 -0.123161 0)
(-0.270978 -0.160123 0)
(-0.283799 -0.237954 0)
(-0.281675 -0.315932 0)
(-0.236812 -0.262725 0)
(-0.0210883 0.152019 0)
(-0.0633174 0.161938 0)
(-0.10705 0.168202 0)
(-0.150159 0.160168 0)
(-0.18799 0.144549 0)
(-0.223627 0.143321 0)
(-0.261678 0.140294 0)
(-0.295521 0.120388 0)
(-0.313485 0.0865335 0)
(-0.315445 0.0615959 0)
(-0.307923 0.037728 0)
(-0.295011 0.0192682 0)
(-0.276115 -0.00348976 0)
(-0.251985 -0.00820437 0)
(-0.23191 -0.00893602 0)
(-0.225383 -0.004065 0)
(-0.231807 -0.0463338 0)
(-0.24344 -0.0826512 0)
(-0.25748 -0.11462 0)
(-0.290325 -0.12819 0)
(-0.355717 -0.191269 0)
(-0.45732 -0.262802 0)
(-0.582911 -0.234075 0)
(-0.0288664 0.202223 0)
(-0.0833483 0.208928 0)
(-0.131837 0.213901 0)
(-0.176734 0.202937 0)
(-0.225823 0.189188 0)
(-0.281961 0.191023 0)
(-0.336965 0.186306 0)
(-0.385792 0.157811 0)
(-0.422815 0.104908 0)
(-0.441285 0.0643603 0)
(-0.447408 0.0340432 0)
(-0.467216 0.0301696 0)
(-0.536522 0.0363933 0)
(-0.65524 0.0469741 0)
(-0.783154 0.0445484 0)
(-0.847603 1.04331e-05 0)
(-0.769868 -0.123107 0)
(-0.598225 -0.166819 0)
(-0.454691 -0.160313 0)
(-0.386675 -0.117369 0)
(-0.394585 -0.128262 0)
(-0.474618 -0.143343 0)
(-0.59335 -0.108269 0)
(-0.0335474 0.264945 0)
(-0.0994365 0.267171 0)
(-0.161753 0.267009 0)
(-0.223784 0.257282 0)
(-0.296093 0.256842 0)
(-0.37875 0.262859 0)
(-0.461458 0.252883 0)
(-0.550547 0.229868 0)
(-0.668267 0.188439 0)
(-0.858544 0.190773 0)
(-1.18471 0.241799 0)
(-1.62408 0.28416 0)
(-2.02998 0.260283 0)
(-2.28014 0.194234 0)
(-2.28573 0.0320827 0)
(-2.05266 -0.157191 0)
(-1.7269 -0.370446 0)
(-1.41166 -0.404943 0)
(-1.12844 -0.347888 0)
(-0.890121 -0.236726 0)
(-0.721282 -0.170551 0)
(-0.62089 -0.121549 0)
(-0.549685 -0.0827519 0)
(-0.0308226 0.329635 0)
(-0.0932403 0.331426 0)
(-0.158736 0.331203 0)
(-0.232479 0.32954 0)
(-0.318855 0.344065 0)
(-0.419208 0.359571 0)
(-0.536248 0.356933 0)
(-0.683474 0.363338 0)
(-0.897189 0.388111 0)
(-1.24018 0.52715 0)
(-1.7207 0.716328 0)
(-2.22975 0.763067 0)
(-2.62745 0.589343 0)
(-2.69348 0.183425 0)
(-2.37842 -0.267064 0)
(-2.00426 -0.464186 0)
(-1.80043 -0.588702 0)
(-1.69893 -0.599569 0)
(-1.57617 -0.558799 0)
(-1.37087 -0.472569 0)
(-1.10539 -0.372903 0)
(-0.85548 -0.272418 0)
(-0.646789 -0.214058 0)
(-0.0312401 0.392007 0)
(-0.0947348 0.395594 0)
(-0.162363 0.400824 0)
(-0.238513 0.410563 0)
(-0.325448 0.437228 0)
(-0.427008 0.469347 0)
(-0.555331 0.493773 0)
(-0.724314 0.544331 0)
(-0.951385 0.650186 0)
(-1.23067 0.890599 0)
(-1.51311 1.11981 0)
(-1.76701 1.12649 0)
(-1.95055 0.810197 0)
(-1.97968 0.0583097 0)
(-1.90642 -0.530162 0)
(-1.84858 -0.626307 0)
(-1.8239 -0.64761 0)
(-1.82306 -0.64269 0)
(-1.86311 -0.60371 0)
(-2.08992 -0.410907 0)
(-2.43004 -0.360742 0)
(-2.66861 -0.296668 0)
(-2.66578 -0.402829 0)
(-0.0276701 0.451209 0)
(-0.0842154 0.457028 0)
(-0.14459 0.468032 0)
(-0.211502 0.487134 0)
(-0.285939 0.522842 0)
(-0.371362 0.571664 0)
(-0.477274 0.626886 0)
(-0.61265 0.717142 0)
(-0.776112 0.86993 0)
(-0.941251 1.1176 0)
(-1.08054 1.31672 0)
(-1.2115 1.31641 0)
(-1.34627 0.94023 0)
(-1.51285 0.125028 0)
(-1.67406 -0.507121 0)
(-1.72594 -0.648895 0)
(-1.71566 -0.653866 0)
(-1.74763 -0.605828 0)
(-1.86694 -0.488715 0)
(-1.95749 -0.211911 0)
(-2.00446 -0.168162 0)
(-2.07653 -0.175256 0)
(-2.151 -0.450867 0)
(-0.0250792 0.504219 0)
(-0.0757291 0.511744 0)
(-0.12798 0.5265 0)
(-0.18316 0.551367 0)
(-0.24122 0.591771 0)
(-0.302519 0.650196 0)
(-0.369938 0.722563 0)
(-0.445787 0.833771 0)
(-0.522506 0.994719 0)
(-0.581896 1.2185 0)
(-0.60584 1.37988 0)
(-0.612635 1.3917 0)
(-0.679741 1.06786 0)
(-0.886031 0.37221 0)
(-1.21115 -0.265342 0)
(-1.47532 -0.571728 0)
(-1.56901 -0.644431 0)
(-1.60198 -0.547735 0)
(-1.64546 -0.382834 0)
(-1.63717 -0.233938 0)
(-1.55442 -0.18029 0)
(-1.46176 -0.182799 0)
(-1.50677 -0.322571 0)
(-0.020402 0.549924 0)
(-0.061201 0.557937 0)
(-0.101927 0.573741 0)
(-0.142709 0.600563 0)
(-0.182434 0.640843 0)
(-0.218733 0.699207 0)
(-0.249063 0.771787 0)
(-0.267593 0.879396 0)
(-0.260063 1.01863 0)
(-0.208108 1.20206 0)
(-0.113166 1.32496 0)
(-0.00326567 1.34298 0)
(0.0594796 1.12095 0)
(-0.0253259 0.611711 0)
(-0.294802 0.0928336 0)
(-0.668983 -0.288239 0)
(-1.04108 -0.459671 0)
(-1.31713 -0.420052 0)
(-1.42743 -0.349601 0)
(-1.41098 -0.284337 0)
(-1.36623 -0.255878 0)
(-1.33437 -0.233363 0)
(-1.34374 -0.22093 0)
(-0.0163834 0.586888 0)
(-0.0488847 0.59463 0)
(-0.0807013 0.609943 0)
(-0.110965 0.635752 0)
(-0.137549 0.672282 0)
(-0.157423 0.724209 0)
(-0.166801 0.786676 0)
(-0.158373 0.874639 0)
(-0.119954 0.977175 0)
(-0.0353602 1.10623 0)
(0.0993219 1.18995 0)
(0.2671 1.19885 0)
(0.419818 1.04848 0)
(0.479014 0.709906 0)
(0.399249 0.345677 0)
(0.175643 0.0597986 0)
(-0.183471 -0.0726977 0)
(-0.612934 -0.0977883 0)
(-1.00668 -0.163032 0)
(-1.26382 -0.223848 0)
(-1.33003 -0.290488 0)
(-1.27668 -0.280699 0)
(-1.22577 -0.216238 0)
(-0.0122627 0.61567 0)
(-0.0362706 0.622625 0)
(-0.0586897 0.63644 0)
(-0.0780605 0.659123 0)
(-0.0921256 0.689748 0)
(-0.0978725 0.732474 0)
(-0.0916261 0.781537 0)
(-0.0676393 0.847171 0)
(-0.0176651 0.915767 0)
(0.0683523 0.996122 0)
(0.192183 1.04019 0)
(0.338162 1.03322 0)
(0.470879 0.927191 0)
(0.535957 0.706262 0)
(0.502326 0.463285 0)
(0.391833 0.278001 0)
(0.253795 0.208813 0)
(0.0999997 0.206969 0)
(-0.149443 0.178713 0)
(-0.51837 0.0637684 0)
(-0.904532 -0.121533 0)
(-1.17981 -0.222247 0)
(-1.25531 -0.24758 0)
(-0.0091446 0.637176 0)
(-0.0268921 0.643067 0)
(-0.0429483 0.654649 0)
(-0.0556525 0.673132 0)
(-0.062838 0.697076 0)
(-0.0618329 0.729888 0)
(-0.049498 0.765422 0)
(-0.0217042 0.811214 0)
(0.0265621 0.852951 0)
(0.100506 0.898123 0)
(0.200485 0.913193 0)
(0.317651 0.895678 0)
(0.430089 0.818279 0)
(0.500518 0.678943 0)
(0.505242 0.51964 0)
(0.450889 0.387328 0)
(0.365357 0.324195 0)
(0.287215 0.324706 0)
(0.241245 0.357899 0)
(0.157049 0.340035 0)
(-0.0802396 0.228874 0)
(-0.413184 0.0387053 0)
(-0.69284 -0.151504 0)
(-0.00631585 0.652705 0)
(-0.0182399 0.65734 0)
(-0.0280921 0.666395 0)
(-0.0343409 0.680413 0)
(-0.0351651 0.697822 0)
(-0.0285522 0.72146 0)
(-0.0121924 0.744982 0)
(0.0166325 0.774718 0)
(0.0603539 0.796958 0)
(0.120846 0.818958 0)
(0.196202 0.816088 0)
(0.279475 0.791278 0)
(0.359975 0.728716 0)
(0.420924 0.636421 0)
(0.446963 0.531215 0)
(0.438684 0.438685 0)
(0.413194 0.38441 0)
(0.39216 0.364152 0)
(0.386415 0.370404 0)
(0.41138 0.387039 0)
(0.456765 0.374744 0)
(0.447476 0.236829 0)
(0.323995 0.0555945 0)
(-0.00443914 0.663504 0)
(-0.0126516 0.666758 0)
(-0.0189686 0.673206 0)
(-0.0221384 0.683046 0)
(-0.0206738 0.694522 0)
(-0.0128661 0.710242 0)
(0.00309396 0.72369 0)
(0.0291379 0.740833 0)
(0.0665401 0.749274 0)
(0.115959 0.756136 0)
(0.175441 0.743348 0)
(0.239318 0.716078 0)
(0.299427 0.662552 0)
(0.346772 0.593703 0)
(0.376666 0.517685 0)
(0.388439 0.448677 0)
(0.388606 0.399847 0)
(0.390018 0.368413 0)
(0.404774 0.357057 0)
(0.435109 0.34477 0)
(0.476228 0.330031 0)
(0.513966 0.252921 0)
(0.533881 0.143587 0)
(-0.00290064 0.67087 0)
(-0.00811001 0.67286 0)
(-0.0116018 0.67694 0)
(-0.0121882 0.683064 0)
(-0.00862726 0.689429 0)
(0.000267816 0.698522 0)
(0.0156381 0.703893 0)
(0.0386178 0.711328 0)
(0.0697649 0.709851 0)
(0.10907 0.706351 0)
(0.154854 0.687297 0)
(0.203354 0.659144 0)
(0.249814 0.612339 0)
(0.288846 0.557064 0)
(0.317613 0.495333 0)
(0.338323 0.438352 0)
(0.354804 0.393412 0)
(0.371892 0.356226 0)
(0.394451 0.331709 0)
(0.42848 0.305393 0)
(0.475225 0.281061 0)
(0.514355 0.224599 0)
(0.519688 0.146508 0)
(-0.00217058 0.675956 0)
(-0.00597599 0.676812 0)
(-0.00827962 0.67879 0)
(-0.00809749 0.681597 0)
(-0.00432984 0.683506 0)
(0.00401751 0.687089 0)
(0.0177291 0.686069 0)
(0.0372965 0.68636 0)
(0.0627752 0.677875 0)
(0.0939218 0.667486 0)
(0.129501 0.644352 0)
(0.167154 0.615464 0)
(0.203977 0.572281 0)
(0.236939 0.524731 0)
(0.264478 0.471043 0)
(0.287026 0.419133 0)
(0.308197 0.374758 0)
(0.331831 0.33392 0)
(0.36038 0.302616 0)
(0.394039 0.266421 0)
(0.433809 0.233043 0)
(0.477976 0.188862 0)
(0.515302 0.139341 0)
(-0.0018178 0.679954 0)
(-0.00503547 0.679851 0)
(-0.00711408 0.680133 0)
(-0.00733769 0.680273 0)
(-0.00491385 0.678584 0)
(0.0010834 0.67757 0)
(0.0115402 0.671272 0)
(0.0267743 0.666153 0)
(0.0469674 0.652151 0)
(0.0718316 0.636885 0)
(0.100242 0.610608 0)
(0.130697 0.580723 0)
(0.161178 0.539344 0)
(0.190013 0.495526 0)
(0.216234 0.446185 0)
(0.240178 0.397233 0)
(0.263596 0.351813 0)
(0.288805 0.307743 0)
(0.318188 0.270534 0)
(0.351527 0.231132 0)
(0.386584 0.193094 0)
(0.422393 0.148396 0)
(0.454761 0.109728 0)
(-0.00196979 0.68375 0)
(-0.00556171 0.682878 0)
(-0.00818069 0.681806 0)
(-0.00910777 0.679734 0)
(-0.00770309 0.675252 0)
(-0.00330211 0.670428 0)
(0.00473942 0.659798 0)
(0.0165759 0.650393 0)
(0.0322936 0.631791 0)
(0.051338 0.613086 0)
(0.0730171 0.584035 0)
(0.0966248 0.55293 0)
(0.120889 0.512084 0)
(0.145228 0.469313 0)
(0.169334 0.421787 0)
(0.193242 0.373507 0)
(0.2182 0.326888 0)
(0.245131 0.280233 0)
(0.27594 0.237516 0)
(0.311483 0.194886 0)
(0.349746 0.155614 0)
(0.38994 0.109455 0)
(0.432879 0.0729484 0)
(-0.00253086 0.688264 0)
(-0.0072713 0.686719 0)
(-0.0111601 0.684486 0)
(-0.0136371 0.680455 0)
(-0.0141872 0.673651 0)
(-0.0124392 0.665827 0)
(-0.00811364 0.651946 0)
(-0.000934572 0.63911 0)
(0.00942374 0.616841 0)
(0.0226999 0.595525 0)
(0.038855 0.563543 0)
(0.0576645 0.530762 0)
(0.0780882 0.48931 0)
(0.0996478 0.445928 0)
(0.122017 0.398432 0)
(0.145268 0.349435 0)
(0.170454 0.300533 0)
(0.198056 0.251748 0)
(0.228931 0.203974 0)
(0.264156 0.15727 0)
(0.302752 0.115949 0)
(0.343076 0.0681616 0)
(0.385264 0.0286493 0)
(-0.00346445 0.69428 0)
(-0.0101062 0.692124 0)
(-0.0159982 0.688893 0)
(-0.0206593 0.683204 0)
(-0.0236454 0.674437 0)
(-0.0246828 0.664307 0)
(-0.0236228 0.648033 0)
(-0.0200614 0.632206 0)
(-0.0135945 0.606811 0)
(-0.00429334 0.58284 0)
(0.00767644 0.547936 0)
(0.0218691 0.513174 0)
(0.0379055 0.470227 0)
(0.0555593 0.425572 0)
(0.0750198 0.376719 0)
(0.0967643 0.325896 0)
(0.12157 0.273798 0)
(0.149975 0.222162 0)
(0.18246 0.169847 0)
(0.220013 0.118219 0)
(0.262641 0.073331 0)
(0.309585 0.0230365 0)
(0.360772 -0.0201087 0)
(-0.00466272 0.70244 0)
(-0.0137783 0.699784 0)
(-0.0222683 0.69567 0)
(-0.029746 0.688609 0)
(-0.0358686 0.678168 0)
(-0.0402722 0.666025 0)
(-0.0428066 0.647777 0)
(-0.0431589 0.629217 0)
(-0.0411222 0.601234 0)
(-0.0365787 0.574481 0)
(-0.0295227 0.53715 0)
(-0.0201265 0.500228 0)
(-0.00803793 0.454881 0)
(0.00652351 0.408515 0)
(0.023787 0.356841 0)
(0.0440944 0.303484 0)
(0.0678566 0.247369 0)
(0.0958586 0.191871 0)
(0.128503 0.134648 0)
(0.166632 0.0773214 0)
(0.210503 0.0272571 0)
(0.260031 -0.027884 0)
(0.314975 -0.0758927 0)
(-0.00623031 0.713381 0)
(-0.0185532 0.710376 0)
(-0.0302876 0.70539 0)
(-0.0410569 0.697213 0)
(-0.0506671 0.685361 0)
(-0.0587178 0.671333 0)
(-0.0650415 0.651355 0)
(-0.0693592 0.630315 0)
(-0.0715798 0.600302 0)
(-0.0714766 0.570723 0)
(-0.0688936 0.5312 0)
(-0.0639615 0.491756 0)
(-0.0563243 0.443506 0)
(-0.0460339 0.39489 0)
(-0.03228 0.339267 0)
(-0.0146639 0.282917 0)
(0.00721016 0.222043 0)
(0.0343639 0.161735 0)
(0.0670122 0.099131 0)
(0.105895 0.0354055 0)
(0.151865 -0.0211567 0)
(0.205696 -0.0833871 0)
(0.267314 -0.137578 0)
(-0.00813349 0.727811 0)
(-0.024343 0.724609 0)
(-0.040039 0.718712 0)
(-0.0548429 0.70958 0)
(-0.0686202 0.696486 0)
(-0.0809496 0.680677 0)
(-0.091685 0.659142 0)
(-0.100549 0.635761 0)
(-0.107545 0.604102 0)
(-0.112512 0.571795 0)
(-0.115119 0.530135 0)
(-0.115195 0.487923 0)
(-0.112203 0.436636 0)
(-0.10595 0.385113 0)
(-0.095942 0.325141 0)
(-0.0821432 0.265446 0)
(-0.0636032 0.19887 0)
(-0.0392908 0.133154 0)
(-0.00898229 0.0644074 0)
(0.0281038 -0.00625453 0)
(0.072572 -0.0704256 0)
(0.125867 -0.141822 0)
(0.188201 -0.20376 0)
(-0.0103813 0.746414 0)
(-0.0311179 0.743129 0)
(-0.0513769 0.736319 0)
(-0.0708023 0.726365 0)
(-0.0893099 0.712139 0)
(-0.106552 0.694733 0)
(-0.122451 0.671843 0)
(-0.136728 0.646306 0)
(-0.149311 0.613221 0)
(-0.159978 0.578376 0)
(-0.168379 0.534602 0)
(-0.174433 0.489601 0)
(-0.177958 0.435477 0)
(-0.178626 0.380642 0)
(-0.175603 0.316496 0)
(-0.168294 0.252855 0)
(-0.155982 0.180431 0)
(-0.137826 0.108886 0)
(-0.112226 0.0324576 0)
(-0.0781211 -0.0458846 0)
(-0.0351016 -0.118758 0)
(0.0182073 -0.200669 0)
(0.0811866 -0.270899 0)
(-0.0130067 0.769916 0)
(-0.0390041 0.766589 0)
(-0.0646124 0.758951 0)
(-0.0895106 0.748273 0)
(-0.113553 0.732988 0)
(-0.136421 0.714188 0)
(-0.158045 0.690092 0)
(-0.178187 0.66264 0)
(-0.196779 0.628209 0)
(-0.213635 0.59104 0)
(-0.22856 0.54537 0)
(-0.241339 0.497748 0)
(-0.251408 0.44098 0)
(-0.258246 0.382668 0)
(-0.261632 0.314817 0)
(-0.261002 0.246536 0)
(-0.255154 0.168479 0)
(-0.242874 0.0902256 0)
(-0.223366 0.0057566 0)
(-0.197279 -0.0797061 0)
(-0.163155 -0.1625 0)
(-0.119396 -0.254518 0)
(-0.0667293 -0.333316 0)
(-0.0157865 0.798853 0)
(-0.0473277 0.795477 0)
(-0.0785956 0.787221 0)
(-0.109387 0.775968 0)
(-0.139571 0.759787 0)
(-0.168927 0.739871 0)
(-0.197359 0.71471 0)
(-0.224617 0.685654 0)
(-0.25059 0.649978 0)
(-0.275062 0.6108 0)
(-0.297847 0.563503 0)
(-0.318744 0.513453 0)
(-0.337487 0.454222 0)
(-0.353457 0.392338 0)
(-0.365683 0.320824 0)
(-0.372713 0.246947 0)
(-0.374318 0.163787 0)
(-0.371023 0.0792453 0)
(-0.363837 -0.0101117 0)
(-0.351094 -0.102886 0)
(-0.327176 -0.197682 0)
(-0.291749 -0.298951 0)
(-0.244494 -0.38934 0)
(-0.0188893 0.833703 0)
(-0.0566048 0.830232 0)
(-0.0941046 0.82158 0)
(-0.131222 0.80986 0)
(-0.167766 0.792958 0)
(-0.203571 0.77219 0)
(-0.23852 0.746091 0)
(-0.272425 0.715743 0)
(-0.305224 0.678954 0)
(-0.336698 0.638047 0)
(-0.366636 0.58924 0)
(-0.394605 0.536824 0)
(-0.420207 0.475414 0)
(-0.443027 0.410125 0)
(-0.462759 0.335146 0)
(-0.479515 0.256519 0)
(-0.494745 0.171123 0)
(-0.510353 0.0842728 0)
(-0.520229 -0.0124486 0)
(-0.513956 -0.119678 0)
(-0.490029 -0.228999 0)
(-0.451543 -0.341947 0)
(-0.39706 -0.448628 0)
(-0.0218833 0.874683 0)
(-0.065631 0.871129 0)
(-0.109389 0.862353 0)
(-0.153117 0.850342 0)
(-0.19667 0.832979 0)
(-0.23992 0.811625 0)
(-0.282666 0.784745 0)
(-0.324645 0.753357 0)
(-0.365682 0.71555 0)
(-0.405559 0.673162 0)
(-0.444169 0.623019 0)
(-0.481369 0.568543 0)
(-0.516639 0.504871 0)
(-0.549311 0.436435 0)
(-0.580301 0.359809 0)
(-0.612538 0.281093 0)
(-0.646136 0.195623 0)
(-0.668534 0.0979658 0)
(-0.667948 -0.0168155 0)
(-0.648503 -0.141176 0)
(-0.614516 -0.26573 0)
(-0.565771 -0.392917 0)
(-0.500785 -0.517764 0)
(-0.0250146 0.921821 0)
(-0.0749745 0.918178 0)
(-0.124859 0.909425 0)
(-0.174619 0.897236 0)
(-0.22413 0.879625 0)
(-0.273332 0.857905 0)
(-0.32209 0.830438 0)
(-0.370244 0.798257 0)
(-0.41761 0.759505 0)
(-0.463901 0.715815 0)
(-0.508903 0.664403 0)
(-0.552544 0.60841 0)
(-0.595936 0.544065 0)
(-0.641518 0.475892 0)
(-0.692271 0.402513 0)
(-0.745179 0.323971 0)
(-0.781434 0.222953 0)
(-0.786282 0.0980117 0)
(-0.769289 -0.0345437 0)
(-0.740989 -0.171454 0)
(-0.698768 -0.312069 0)
(-0.640053 -0.454613 0)
(-0.565288 -0.596562 0)
(-0.0282396 0.975348 0)
(-0.0847384 0.971656 0)
(-0.141384 0.963025 0)
(-0.198197 0.950757 0)
(-0.255069 0.933032 0)
(-0.311875 0.911051 0)
(-0.368418 0.883133 0)
(-0.424555 0.850388 0)
(-0.480292 0.811007 0)
(-0.535768 0.766602 0)
(-0.591421 0.714787 0)
(-0.647618 0.658374 0)
(-0.7045 0.59489 0)
(-0.763326 0.530012 0)
(-0.822298 0.458685 0)
(-0.863109 0.362 0)
(-0.870094 0.22838 0)
(-0.857156 0.0844406 0)
(-0.835359 -0.0599744 0)
(-0.798308 -0.211726 0)
(-0.744661 -0.368179 0)
(-0.677046 -0.525506 0)
(-0.598296 -0.679999 0)
(-0.0306189 1.03451 0)
(-0.0919263 1.03091 0)
(-0.153435 1.02254 0)
(-0.21509 1.01033 0)
(-0.27679 0.992647 0)
(-0.33848 0.970546 0)
(-0.400003 0.942314 0)
(-0.461232 0.909177 0)
(-0.522144 0.869468 0)
(-0.583181 0.825254 0)
(-0.645696 0.774912 0)
(-0.712603 0.721988 0)
(-0.787034 0.663271 0)
(-0.863486 0.597611 0)
(-0.917368 0.504524 0)
(-0.930099 0.369973 0)
(-0.920095 0.217362 0)
(-0.903055 0.0653154 0)
(-0.870138 -0.0958568 0)
(-0.820118 -0.263379 0)
(-0.759014 -0.431888 0)
(-0.69044 -0.598709 0)
(-0.616264 -0.760535 0)
(-0.0347232 1.10019 0)
(-0.10405 1.09654 0)
(-0.173299 1.08834 0)
(-0.242638 1.07619 0)
(-0.312033 1.05855 0)
(-0.381476 1.03645 0)
(-0.451004 1.00814 0)
(-0.520685 0.97494 0)
(-0.590691 0.935299 0)
(-0.661515 0.891967 0)
(-0.734511 0.844413 0)
(-0.81095 0.796578 0)
(-0.889785 0.742745 0)
(-0.95357 0.659102 0)
(-0.976917 0.520659 0)
(-0.968978 0.358646 0)
(-0.951282 0.200837 0)
(-0.919959 0.0332196 0)
(-0.873325 -0.143736 0)
(-0.818511 -0.320892 0)
(-0.758163 -0.496473 0)
(-0.69341 -0.668158 0)
(-0.624297 -0.835137 0)
(-0.0357137 1.17099 0)
(-0.107219 1.1673 0)
(-0.179052 1.1594 0)
(-0.251472 1.14763 0)
(-0.324464 1.13024 0)
(-0.397827 1.10831 0)
(-0.471618 1.08034 0)
(-0.546336 1.04789 0)
(-0.62302 1.0098 0)
(-0.70334 0.969392 0)
(-0.788558 0.926025 0)
(-0.877172 0.88088 0)
(-0.953494 0.814409 0)
(-0.989079 0.687323 0)
(-0.986538 0.513345 0)
(-0.972609 0.343971 0)
(-0.947972 0.172954 0)
(-0.907274 -0.0113002 0)
(-0.858143 -0.19549 0)
(-0.804372 -0.378298 0)
(-0.746251 -0.558164 0)
(-0.684379 -0.733764 0)
(-0.619393 -0.904342 0)
(-0.0404631 1.24757 0)
(-0.121478 1.24404 0)
(-0.202442 1.23625 0)
(-0.28301 1.22457 0)
(-0.363291 1.20738 0)
(-0.443716 1.18576 0)
(-0.524539 1.15831 0)
(-0.606459 1.12737 0)
(-0.691149 1.09253 0)
(-0.780829 1.05755 0)
(-0.874725 1.01792 0)
(-0.961027 0.964815 0)
(-1.01188 0.858312 0)
(-1.01597 0.683296 0)
(-0.997943 0.496693 0)
(-0.971576 0.320112 0)
(-0.932066 0.132326 0)
(-0.884108 -0.0597984 0)
(-0.832684 -0.248079 0)
(-0.778095 -0.434642 0)
(-0.721334 -0.617311 0)
(-0.662571 -0.795891 0)
(-0.602065 -0.968375 0)
(-0.0403553 1.32881 0)
(-0.121255 1.32556 0)
(-0.202606 1.31789 0)
(-0.284488 1.30622 0)
(-0.367186 1.28955 0)
(-0.451102 1.26879 0)
(-0.53639 1.24226 0)
(-0.623509 1.21334 0)
(-0.714012 1.18267 0)
(-0.808759 1.1528 0)
(-0.904206 1.113 0)
(-0.980016 1.03269 0)
(-1.00759 0.869278 0)
(-0.99698 0.665764 0)
(-0.975684 0.474693 0)
(-0.942532 0.282279 0)
(-0.89743 0.0851023 0)
(-0.848569 -0.109905 0)
(-0.797451 -0.301058 0)
(-0.744871 -0.489398 0)
(-0.69126 -0.673512 0)
(-0.636743 -0.853571 0)
(-0.581031 -1.02753 0)
(-0.0447132 1.41432 0)
(-0.134487 1.41161 0)
(-0.225185 1.40479 0)
(-0.317033 1.39396 0)
(-0.409709 1.3781 0)
(-0.502769 1.35814 0)
(-0.596716 1.33308 0)
(-0.692938 1.30682 0)
(-0.79178 1.27953 0)
(-0.88969 1.24961 0)
(-0.973447 1.19633 0)
(-1.01762 1.06997 0)
(-1.0158 0.857894 0)
(-0.990575 0.641115 0)
(-0.954618 0.441789 0)
(-0.909016 0.236015 0)
(-0.858425 0.035169 0)
(-0.806788 -0.160999 0)
(-0.755391 -0.35302 0)
(-0.704166 -0.54179 0)
(-0.652819 -0.726636 0)
(-0.60126 -0.907087 0)
(-0.549176 -1.08239 0)
(-0.0441673 1.50367 0)
(-0.132774 1.50158 0)
(-0.222117 1.4958 0)
(-0.312536 1.48617 0)
(-0.40422 1.47122 0)
(-0.497609 1.45245 0)
(-0.593526 1.42964 0)
(-0.69293 1.40692 0)
(-0.795038 1.38144 0)
(-0.893802 1.34541 0)
(-0.969415 1.26074 0)
(-0.994595 1.07528 0)
(-0.978642 0.834722 0)
(-0.950536 0.610673 0)
(-0.912419 0.397771 0)
(-0.865688 0.187217 0)
(-0.817064 -0.0157708 0)
(-0.767422 -0.211871 0)
(-0.718351 -0.403146 0)
(-0.670142 -0.591624 0)
(-0.622038 -0.77678 0)
(-0.573668 -0.957404 0)
(-0.524813 -1.13355 0)
(-0.0478369 1.59615 0)
(-0.143957 1.59479 0)
(-0.241431 1.59039 0)
(-0.341009 1.58258 0)
(-0.443248 1.56975 0)
(-0.548078 1.55317 0)
(-0.654719 1.53253 0)
(-0.762336 1.51213 0)
(-0.867432 1.48452 0)
(-0.957411 1.43206 0)
(-1.00684 1.29979 0)
(-1.00464 1.05932 0)
(-0.972489 0.802328 0)
(-0.929614 0.571715 0)
(-0.879233 0.34777 0)
(-0.825554 0.136283 0)
(-0.773578 -0.0659653 0)
(-0.724248 -0.261169 0)
(-0.676348 -0.45133 0)
(-0.629659 -0.63884 0)
(-0.583674 -0.824153 0)
(-0.537706 -1.00487 0)
(-0.491462 -1.18169 0)
(-0.0474543 1.69195 0)
(-0.142596 1.69126 0)
(-0.238474 1.68828 0)
(-0.335598 1.68242 0)
(-0.434413 1.67202 0)
(-0.535102 1.6575 0)
(-0.638163 1.63901 0)
(-0.743428 1.61966 0)
(-0.846735 1.58649 0)
(-0.931983 1.50624 0)
(-0.969195 1.31271 0)
(-0.956516 1.03144 0)
(-0.923687 0.764899 0)
(-0.882411 0.524555 0)
(-0.834846 0.296476 0)
(-0.786171 0.0846875 0)
(-0.737466 -0.11558 0)
(-0.690662 -0.308196 0)
(-0.645965 -0.49739 0)
(-0.602398 -0.683515 0)
(-0.559409 -0.868925 0)
(-0.516368 -1.04958 0)
(-0.472783 -1.22728 0)
(-0.0502282 1.79014 0)
(-0.151249 1.79026 0)
(-0.253937 1.7889 0)
(-0.359323 1.78538 0)
(-0.468171 1.77781 0)
(-0.581135 1.76649 0)
(-0.697878 1.75098 0)
(-0.813865 1.7301 0)
(-0.917719 1.68431 0)
(-0.986274 1.56305 0)
(-0.998435 1.30556 0)
(-0.966668 0.993929 0)
(-0.917451 0.719939 0)
(-0.860968 0.471252 0)
(-0.803597 0.244297 0)
(-0.75051 0.034572 0)
(-0.701753 -0.163439 0)
(-0.656104 -0.353277 0)
(-0.612331 -0.541245 0)
(-0.569993 -0.726022 0)
(-0.528277 -0.911574 0)
(-0.486732 -1.09197 0)
(-0.444989 -1.27068 0)
(-0.0509944 1.89183 0)
(-0.153537 1.89307 0)
(-0.257666 1.89385 0)
(-0.364095 1.89322 0)
(-0.473019 1.88876 0)
(-0.58389 1.88042 0)
(-0.694567 1.86554 0)
(-0.799329 1.83733 0)
(-0.88656 1.76905 0)
(-0.937518 1.59833 0)
(-0.942886 1.2878 0)
(-0.916818 0.95348 0)
(-0.874607 0.668428 0)
(-0.822014 0.413084 0)
(-0.765492 0.187962 0)
(-0.711427 -0.0168085 0)
(-0.663992 -0.208747 0)
(-0.622262 -0.395785 0)
(-0.582844 -0.582332 0)
(-0.544585 -0.765911 0)
(-0.506436 -0.951912 0)
(-0.46786 -1.13211 0)
(-0.428584 -1.31191 0)
(0.229348 -0.0223874 0)
(0.251299 -0.0240224 0)
(0.182436 0.170738 0)
(-0.0974046 0.425064 0)
(-0.259327 0.0813043 0)
(-0.421552 0.171111 0)
(-0.58828 0.477294 0)
(-0.65168 0.849092 0)
(-0.655681 0.226677 0)
(-0.673778 0.410765 0)
(-0.675856 0.596224 0)
(-0.628192 0.763384 0)
(-0.644035 0.224547 0)
(-0.607159 0.376088 0)
(-0.536212 0.485885 0)
(-0.407208 0.49934 0)
(-0.476791 0.12222 0)
(-0.386698 0.209482 0)
(-0.273248 0.262986 0)
(-0.151347 0.190392 0)
(-0.513686 -0.0394926 0)
(-0.438229 0.0182503 0)
(-0.352506 0.0308677 0)
(-0.250926 -0.052539 0)
(-2.44998 -0.382142 0)
(-2.20834 -0.313262 0)
(-2.01164 -0.238075 0)
(-1.89435 -0.248718 0)
(-2.18138 -0.673142 0)
(-2.14585 -0.610952 0)
(-2.13591 -0.379122 0)
(-2.1907 -0.23986 0)
(-1.69596 -0.477298 0)
(-1.91131 -0.42352 0)
(-2.08763 -0.211888 0)
(-2.18534 -0.0819792 0)
(-1.411 -0.153668 0)
(-1.50729 -0.0831386 0)
(-1.58366 -0.0141505 0)
(-1.62372 0.0140093 0)
(-1.20923 -0.0622735 0)
(-1.18906 -0.0117247 0)
(-1.14888 -0.00812661 0)
(-1.10528 -0.00227055 0)
(-1.20155 -0.145306 0)
(-1.1313 -0.117496 0)
(-1.05872 -0.13539 0)
(-0.989228 -0.113362 0)
(-0.841435 -0.146117 0)
(-0.903702 -0.13026 0)
(-0.952566 -0.166481 0)
(-0.976099 -0.174829 0)
(0.184598 0.0282139 0)
(0.0967757 0.0146426 0)
(0.0153086 -0.0341865 0)
(-0.0533967 -0.110967 0)
(0.545397 0.113998 0)
(0.558007 0.0888209 0)
(0.564654 0.0507633 0)
(0.549873 -0.0183542 0)
(0.506501 0.111342 0)
(0.494777 0.0895742 0)
(0.480274 0.0667002 0)
(0.460956 0.0382212 0)
(0.536607 0.109207 0)
(0.546554 0.0954684 0)
(0.552412 0.0791753 0)
(0.552983 0.0656047 0)
(0.47453 0.0844673 0)
(0.485113 0.0765208 0)
(0.494935 0.0647504 0)
(0.504309 0.058857 0)
(0.465497 0.0508312 0)
(0.485846 0.044345 0)
(0.505598 0.0340011 0)
(0.524796 0.0288118 0)
(0.417972 0.0055865 0)
(0.440484 -0.00159722 0)
(0.46383 -0.0117461 0)
(0.48785 -0.0173869 0)
(0.400977 -0.0463601 0)
(0.428733 -0.0565946 0)
(0.457896 -0.0684554 0)
(0.488226 -0.0763024 0)
(0.35824 -0.105894 0)
(0.388238 -0.119927 0)
(0.420055 -0.134846 0)
(0.453644 -0.14589 0)
(0.316456 -0.17195 0)
(0.350473 -0.190052 0)
(0.386323 -0.208668 0)
(0.424088 -0.223858 0)
(0.238351 -0.243138 0)
(0.273359 -0.265699 0)
(0.310635 -0.288583 0)
(0.350279 -0.308613 0)
(0.131838 -0.315512 0)
(0.167262 -0.343155 0)
(0.20531 -0.371367 0)
(0.246008 -0.396736 0)
(-0.0229081 -0.384411 0)
(0.00946149 -0.418471 0)
(0.0453318 -0.453295 0)
(0.0843419 -0.484365 0)
(-0.201412 -0.450733 0)
(-0.167533 -0.493075 0)
(-0.129976 -0.534886 0)
(-0.0890852 -0.57274 0)
(-0.347046 -0.523325 0)
(-0.308609 -0.574316 0)
(-0.266678 -0.622734 0)
(-0.220825 -0.669417 0)
(-0.443177 -0.605976 0)
(-0.40026 -0.664725 0)
(-0.353813 -0.720323 0)
(-0.303714 -0.775939 0)
(-0.501766 -0.696912 0)
(-0.45634 -0.761713 0)
(-0.408499 -0.823903 0)
(-0.358654 -0.884957 0)
(-0.535462 -0.789145 0)
(-0.492437 -0.857634 0)
(-0.448037 -0.924197 0)
(-0.402413 -0.987744 0)
(-0.558394 -0.875495 0)
(-0.519068 -0.946464 0)
(-0.478667 -1.01576 0)
(-0.437406 -1.08101 0)
(-0.570831 -0.954475 0)
(-0.534947 -1.02747 0)
(-0.498413 -1.0984 0)
(-0.461416 -1.16483 0)
(-0.570063 -1.02671 0)
(-0.537386 -1.10109 0)
(-0.504288 -1.17291 0)
(-0.470803 -1.24026 0)
(-0.556808 -1.09242 0)
(-0.527183 -1.1679 0)
(-0.497163 -1.24037 0)
(-0.466694 -1.30884 0)
(-0.539356 -1.15218 0)
(-0.512273 -1.22878 0)
(-0.484771 -1.30186 0)
(-0.456795 -1.37169 0)
(-0.510449 -1.20714 0)
(-0.485446 -1.28462 0)
(-0.460189 -1.35825 0)
(-0.434595 -1.42925 0)
(-0.488531 -1.25845 0)
(-0.465087 -1.33637 0)
(-0.441459 -1.41049 0)
(-0.417566 -1.48228 0)
(-0.457159 -1.30674 0)
(-0.435045 -1.38499 0)
(-0.412772 -1.45952 0)
(-0.390301 -1.5319 0)
(-0.440235 -1.35247 0)
(-0.419145 -1.43118 0)
(-0.39782 -1.50609 0)
(-0.376261 -1.579 0)
(-0.413885 -1.39606 0)
(-0.393775 -1.47524 0)
(-0.373473 -1.55058 0)
(-0.352969 -1.62399 0)
(-0.399043 -1.43768 0)
(-0.379719 -1.5174 0)
(-0.360095 -1.59324 0)
(-0.340152 -1.66726 0)
(-0.273461 1.30842 0)
(-0.129143 0.687984 0)
(0.234627 0.0518035 0)
(0.462076 -0.542964 0)
(0.435271 -0.682345 0)
(0.451444 -0.637376 0)
(0.523783 -0.44727 0)
(0.587837 -0.102337 0)
(0.615959 0.147334 0)
(0.65432 0.147069 0)
(0.717258 0.145265 0)
(0.77543 0.15758 0)
(0.787825 0.165389 0)
(0.744621 0.161088 0)
(0.706885 0.0770364 0)
(0.663828 0.0574984 0)
(0.481559 -0.00777227 0)
(0.165269 -0.0703771 0)
(-0.00252934 -0.729817 0)
(-0.538303 1.1853 0)
(-0.13693 0.337605 0)
(0.270524 -0.275436 0)
(0.378542 -0.518688 0)
(0.364897 -0.670218 0)
(0.356083 -0.656371 0)
(0.177562 -0.332016 0)
(0.0567634 -0.165868 0)
(0.194884 0.0609602 0)
(0.0363475 0.342655 0)
(-0.60673 0.474889 0)
(-1.39346 0.487364 0)
(-1.7935 0.185389 0)
(-1.47667 -0.111295 0)
(-0.81022 -0.22729 0)
(-0.380192 0.00727385 0)
(-0.332409 0.163326 0)
(-0.290969 0.00658838 0)
(-0.102902 -0.826282 0)
(-0.334659 0.854225 0)
(0.106485 -0.0926039 0)
(0.290743 -0.379942 0)
(0.294975 -0.51568 0)
(-0.095264 -0.308119 0)
(-1.24624 0.0312097 0)
(-2.59655 0.364245 0)
(-3.50654 0.0708053 0)
(-3.98055 0.128521 0)
(-4.33927 0.743393 0)
(-4.56879 0.863962 0)
(-4.24664 0.519231 0)
(-3.32745 -0.315365 0)
(-2.26854 -0.855573 0)
(-1.42748 -0.848288 0)
(-0.850356 -0.284153 0)
(-0.560421 0.148137 0)
(-0.354911 -0.203094 0)
(-0.104664 -1.0157 0)
(-0.123189 0.444344 0)
(0.122339 -0.303835 0)
(0.167008 -0.375913 0)
(-0.212739 -0.180038 0)
(-1.61238 0.976352 0)
(-3.40979 1.41483 0)
(-4.3545 1.05734 0)
(-4.44925 0.287139 0)
(-4.22276 0.136431 0)
(-3.81754 0.693615 0)
(-3.01411 0.394872 0)
(-1.84379 -0.361327 0)
(-1.02134 -1.00793 0)
(-0.824793 -1.29312 0)
(-0.800064 -1.18904 0)
(-0.563005 -0.678858 0)
(-0.178356 -0.0687094 0)
(0.0302204 -0.363097 0)
(0.0300437 -1.0841 0)
(-0.0152626 0.195657 0)
(0.089559 -0.372502 0)
(-0.247034 -0.0435181 0)
(-1.61177 1.06671 0)
(-3.32107 2.54401 0)
(-3.88041 1.98029 0)
(-3.1716 0.705895 0)
(-2.12902 -0.218404 0)
(-1.33305 -0.282745 0)
(-0.857898 0.316387 0)
(-0.571062 -0.214135 0)
(-0.419513 -0.947494 0)
(-0.417996 -1.16219 0)
(-0.472738 -1.25962 0)
(-0.511212 -1.20582 0)
(-0.442882 -0.935518 0)
(-0.134462 -0.438049 0)
(0.116027 -0.41055 0)
(0.0688591 -0.993706 0)
(-0.0612371 0.00451762 0)
(-0.377587 0.0103247 0)
(-1.58009 0.966414 0)
(-2.82333 2.41739 0)
(-3.09621 2.98813 0)
(-2.12774 1.16706 0)
(-0.94285 -0.193348 0)
(-0.45994 -0.697658 0)
(-0.343216 -0.627283 0)
(-0.181325 0.0853526 0)
(-0.15363 -0.267529 0)
(-0.261791 -0.930668 0)
(-0.337416 -1.10555 0)
(-0.393121 -1.21243 0)
(-0.417928 -1.19576 0)
(-0.389258 -1.03236 0)
(-0.271574 -0.723895 0)
(-0.0684396 -0.533153 0)
(0.0228106 -0.909097 0)
(-1.8846 -0.0918448 0)
(-2.23667 0.712364 0)
(-2.75565 1.82261 0)
(-2.7828 2.71138 0)
(-1.99808 2.23201 0)
(-0.87504 0.0318635 0)
(-0.326545 -0.62452 0)
(-0.323593 -0.702255 0)
(-0.409289 -0.647111 0)
(-0.323873 -0.117196 0)
(-0.174212 -0.224904 0)
(-0.220301 -0.829324 0)
(-0.315939 -1.04748 0)
(-0.373059 -1.16797 0)
(-0.400462 -1.19301 0)
(-0.375249 -1.08391 0)
(-0.281651 -0.861555 0)
(-0.112819 -0.727539 0)
(-0.00463068 -0.892119 0)
(-2.39928 0.0847814 0)
(-2.55351 0.994492 0)
(-2.40068 1.87238 0)
(-1.93925 2.26934 0)
(-1.05681 1.16637 0)
(-0.298578 -0.603731 0)
(-0.167024 -0.601232 0)
(-0.289851 -0.61326 0)
(-0.403467 -0.554072 0)
(-0.403112 -0.286642 0)
(-0.297534 -0.283658 0)
(-0.286245 -0.735404 0)
(-0.362361 -0.985668 0)
(-0.421705 -1.12797 0)
(-0.441434 -1.19274 0)
(-0.399881 -1.1449 0)
(-0.298896 -0.976556 0)
(-0.161711 -0.887457 0)
(-0.0432133 -0.935348 0)
(-2.20593 0.225475 0)
(-2.05876 0.860881 0)
(-1.58254 1.43746 0)
(-0.737155 1.52247 0)
(0.0339109 0.417868 0)
(0.152363 -0.647606 0)
(-0.106125 -0.439551 0)
(-0.287993 -0.496588 0)
(-0.400428 -0.466377 0)
(-0.4153 -0.360749 0)
(-0.348226 -0.362787 0)
(-0.321615 -0.690443 0)
(-0.400601 -0.89469 0)
(-0.50426 -1.0755 0)
(-0.525817 -1.2115 0)
(-0.485671 -1.20308 0)
(-0.408496 -1.08065 0)
(-0.275299 -1.028 0)
(-0.0976228 -1.06277 0)
(-1.58873 0.172119 0)
(-1.30664 0.526572 0)
(-0.694419 0.787698 0)
(0.0721498 0.714474 0)
(0.471448 0.167657 0)
(0.202842 -0.260486 0)
(-0.17441 -0.249023 0)
(-0.335993 -0.374879 0)
(-0.430382 -0.401944 0)
(-0.44407 -0.400997 0)
(-0.363958 -0.45748 0)
(-0.25614 -0.720323 0)
(-0.321265 -0.737392 0)
(-0.546901 -0.935383 0)
(-0.652149 -1.23782 0)
(-0.590004 -1.27218 0)
(-0.491228 -1.17416 0)
(-0.364145 -1.17232 0)
(-0.142627 -1.2807 0)
(-1.01876 0.0671752 0)
(-0.847238 0.220778 0)
(-0.60358 0.320003 0)
(-0.358853 0.26823 0)
(-0.220712 0.128923 0)
(-0.200739 0.00431351 0)
(-0.26739 -0.111614 0)
(-0.402085 -0.245479 0)
(-0.530897 -0.331632 0)
(-0.558227 -0.43622 0)
(-0.518733 -0.533415 0)
(-0.54748 -0.717852 0)
(-0.661703 -0.577759 0)
(-0.860292 -0.711213 0)
(-1.03956 -1.20424 0)
(-1.01117 -1.3876 0)
(-0.810665 -1.33141 0)
(-0.562164 -1.36001 0)
(-0.218733 -1.61055 0)
(-0.902193 -0.0441785 0)
(-0.793885 0.077816 0)
(-0.680248 0.139217 0)
(-0.557158 0.115842 0)
(-0.43599 0.0463203 0)
(-0.298745 -0.0561982 0)
(-0.271664 -0.0164475 0)
(-0.596593 0.0736428 0)
(-1.0436 -0.130977 0)
(-1.21306 -0.459239 0)
(-1.18643 -0.570644 0)
(-1.16645 -0.672885 0)
(-1.18056 -0.506633 0)
(-1.24383 -0.54546 0)
(-1.3123 -1.14589 0)
(-1.25356 -1.52449 0)
(-1.01198 -1.59378 0)
(-0.621878 -1.67698 0)
(-0.199196 -1.98826 0)
(-0.930646 -0.137185 0)
(-0.827479 -0.0197794 0)
(-0.705813 0.0246582 0)
(-0.545245 -0.0263356 0)
(-0.341766 -0.106137 0)
(-0.30881 -0.0589605 0)
(-0.561955 0.190177 0)
(-0.912198 0.47776 0)
(-1.19046 0.121092 0)
(-1.29378 -0.46449 0)
(-1.27027 -0.610734 0)
(-1.21071 -0.704802 0)
(-1.10787 -0.555075 0)
(-0.942273 -0.589652 0)
(-0.767415 -1.19798 0)
(-0.653683 -1.62842 0)
(-0.519736 -1.82922 0)
(-0.291184 -1.99863 0)
(-0.0783135 -2.23644 0)
(-0.0923598 -0.17009 0)
(-0.083233 -0.0872801 0)
(-0.0340167 -0.0607387 0)
(-0.00966754 -0.107304 0)
(-0.0625657 -0.161052 0)
(-0.258548 0.143527 0)
(-0.546739 0.477463 0)
(-0.724709 0.668356 0)
(-0.836315 0.283233 0)
(-0.995499 -0.389128 0)
(-1.10124 -0.611746 0)
(-1.07856 -0.778278 0)
(-0.879305 -0.754994 0)
(-0.555534 -0.832532 0)
(-0.352455 -1.29706 0)
(-0.322697 -1.6592 0)
(-0.275227 -1.96262 0)
(-0.145969 -2.18759 0)
(-0.035076 -2.34045 0)
(0.473723 -0.105345 0)
(0.359745 -0.057173 0)
(0.250692 -0.0367217 0)
(0.0606666 0.0185601 0)
(-0.216261 0.011478 0)
(-0.353633 0.272585 0)
(-0.30657 0.566546 0)
(-0.251694 0.690613 0)
(-0.265439 0.374364 0)
(-0.362727 -0.248239 0)
(-0.430156 -0.595993 0)
(-0.381738 -0.858383 0)
(-0.26039 -0.964994 0)
(-0.11342 -1.04847 0)
(-0.0515992 -1.32082 0)
(-0.122888 -1.5979 0)
(-0.201395 -1.99598 0)
(-0.158924 -2.30885 0)
(-0.0498756 -2.42518 0)
(0.410011 -0.014434 0)
(0.331043 0.0264682 0)
(0.24541 0.0557663 0)
(0.144533 0.189252 0)
(0.0269682 0.197687 0)
(-0.0505631 0.280793 0)
(-0.00913087 0.478246 0)
(0.155555 0.58023 0)
(0.339599 0.330633 0)
(0.387376 -0.159749 0)
(0.317545 -0.560334 0)
(0.253813 -0.880227 0)
(0.24775 -1.04749 0)
(0.295258 -1.14196 0)
(0.331087 -1.3157 0)
(0.278961 -1.49137 0)
(0.0942975 -1.8644 0)
(-0.0743014 -2.32574 0)
(-0.0570898 -2.52836 0)
(0.534399 0.0368114 0)
(0.497152 0.0803523 0)
(0.454156 0.118245 0)
(0.418141 0.25061 0)
(0.355717 0.299157 0)
(0.265874 0.33074 0)
(0.256203 0.399548 0)
(0.366531 0.410087 0)
(0.493038 0.219774 0)
(0.54811 -0.141973 0)
(0.570077 -0.53483 0)
(0.594247 -0.869965 0)
(0.612821 -1.0691 0)
(0.613463 -1.16395 0)
(0.578042 -1.29412 0)
(0.497191 -1.39267 0)
(0.310976 -1.62756 0)
(0.0664422 -2.18899 0)
(-0.0225188 -2.60049 0)
(0.517285 0.044742 0)
(0.539127 0.08634 0)
(0.564369 0.128303 0)
(0.604531 0.236783 0)
(0.663892 0.315736 0)
(0.697706 0.364832 0)
(0.709694 0.363344 0)
(0.762975 0.298251 0)
(0.85978 0.129545 0)
(0.959117 -0.191471 0)
(1.03112 -0.570368 0)
(1.03496 -0.859792 0)
(0.970028 -1.03735 0)
(0.875204 -1.11051 0)
(0.763848 -1.21478 0)
(0.633866 -1.28127 0)
(0.473329 -1.42525 0)
(0.249636 -1.9677 0)
(0.0582519 -2.56819 0)
(0.556013 0.0175245 0)
(0.606181 0.0483865 0)
(0.671774 0.0840543 0)
(0.764497 0.160785 0)
(0.888854 0.225495 0)
(1.0293 0.29739 0)
(1.16189 0.299955 0)
(1.27928 0.207205 0)
(1.38946 0.0332929 0)
(1.46376 -0.252333 0)
(1.45319 -0.565113 0)
(1.35483 -0.779561 0)
(1.21349 -0.930979 0)
(1.05951 -0.991804 0)
(0.899263 -1.08777 0)
(0.729165 -1.13681 0)
(0.561969 -1.27321 0)
(0.362989 -1.73734 0)
(0.120748 -2.40626 0)
(0.531685 -0.0307422 0)
(0.601807 -0.0122 0)
(0.687844 0.00743262 0)
(0.795463 0.0561249 0)
(0.930643 0.0953176 0)
(1.09843 0.148675 0)
(1.28512 0.159774 0)
(1.45603 0.0865312 0)
(1.58197 -0.0596996 0)
(1.63646 -0.275882 0)
(1.60202 -0.500868 0)
(1.48789 -0.651578 0)
(1.32428 -0.783076 0)
(1.13627 -0.830321 0)
(0.940238 -0.926935 0)
(0.736328 -0.959286 0)
(0.54621 -1.12747 0)
(0.341864 -1.51816 0)
(0.110561 -2.19699 0)
(0.542339 -0.0943147 0)
(0.626337 -0.0880886 0)
(0.724086 -0.0829809 0)
(0.838016 -0.0539292 0)
(0.969016 -0.0354775 0)
(1.11453 -0.00400509 0)
(1.27114 0.00182656 0)
(1.42033 -0.0451487 0)
(1.52944 -0.140711 0)
(1.57287 -0.283494 0)
(1.53799 -0.430555 0)
(1.43315 -0.523796 0)
(1.28191 -0.626016 0)
(1.10082 -0.653459 0)
(0.904876 -0.749185 0)
(0.686988 -0.755434 0)
(0.466031 -0.959417 0)
(0.248087 -1.30416 0)
(0.066145 -2.03678 0)
(0.514659 -0.168891 0)
(0.60892 -0.174812 0)
(0.716517 -0.182066 0)
(0.837224 -0.167153 0)
(0.96885 -0.159887 0)
(1.10846 -0.137579 0)
(1.24734 -0.131968 0)
(1.36798 -0.155502 0)
(1.45375 -0.206702 0)
(1.4861 -0.286092 0)
(1.45275 -0.366241 0)
(1.36386 -0.412858 0)
(1.23324 -0.48196 0)
(1.06884 -0.48495 0)
(0.880844 -0.570354 0)
(0.658449 -0.53594 0)
(0.40654 -0.751101 0)
(0.167916 -1.09942 0)
(0.0287001 -1.948 0)
(0.492313 -0.25267 0)
(0.597397 -0.27141 0)
(0.715772 -0.289937 0)
(0.844695 -0.285155 0)
(0.980247 -0.283633 0)
(1.11697 -0.263862 0)
(1.24612 -0.248212 0)
(1.35263 -0.244786 0)
(1.42065 -0.256584 0)
(1.43633 -0.279684 0)
(1.39713 -0.307029 0)
(1.31555 -0.317866 0)
(1.19724 -0.351746 0)
(1.04697 -0.330481 0)
(0.867057 -0.391983 0)
(0.655284 -0.321514 0)
(0.404316 -0.510564 0)
(0.14702 -0.891115 0)
(0.0137429 -1.90687 0)
(0.423053 -0.344203 0)
(0.536453 -0.377572 0)
(0.665379 -0.407543 0)
(0.806123 -0.411554 0)
(0.953412 -0.413158 0)
(1.10007 -0.390747 0)
(1.23542 -0.360663 0)
(1.34535 -0.328175 0)
(1.41587 -0.298557 0)
(1.43313 -0.267537 0)
(1.396 -0.250135 0)
(1.31627 -0.228842 0)
(1.1943 -0.223391 0)
(1.04178 -0.184903 0)
(0.860505 -0.210801 0)
(0.660507 -0.130164 0)
(0.428627 -0.265074 0)
(0.159832 -0.660399 0)
(0.0123086 -1.88313 0)
(0.321135 -0.440549 0)
(0.440117 -0.491495 0)
(0.577721 -0.534785 0)
(0.731069 -0.550415 0)
(0.893072 -0.554153 0)
(1.05066 -0.525044 0)
(1.19782 -0.481993 0)
(1.32134 -0.418077 0)
(1.40637 -0.349407 0)
(1.44195 -0.264523 0)
(1.4147 -0.194914 0)
(1.33592 -0.140674 0)
(1.21205 -0.0891564 0)
(1.05911 -0.0427893 0)
(0.876795 -0.0239715 0)
(0.679735 0.0422304 0)
(0.456177 -0.0254254 0)
(0.179495 -0.406451 0)
(0.0170581 -1.85669 0)
(0.158382 -0.538247 0)
(0.279029 -0.610619 0)
(0.423456 -0.670847 0)
(0.589409 -0.703259 0)
(0.768815 -0.710218 0)
(0.946408 -0.672254 0)
(1.11455 -0.620071 0)
(1.26195 -0.525137 0)
(1.37472 -0.421318 0)
(1.44149 -0.285237 0)
(1.4426 -0.150568 0)
(1.37817 -0.0554704 0)
(1.25637 0.0478844 0)
(1.10286 0.097412 0)
(0.919633 0.166542 0)
(0.720193 0.210439 0)
(0.484025 0.22229 0)
(0.189028 -0.136947 0)
(0.0182633 -1.82766 0)
(-0.00976765 -0.639417 0)
(0.118213 -0.734412 0)
(0.267344 -0.812669 0)
(0.437509 -0.86556 0)
(0.621132 -0.876388 0)
(0.804477 -0.832663 0)
(0.983276 -0.773573 0)
(1.14976 -0.655642 0)
(1.29199 -0.521544 0)
(1.39614 -0.339673 0)
(1.43919 -0.136103 0)
(1.40384 0.02033 0)
(1.29189 0.183546 0)
(1.13983 0.238198 0)
(0.958462 0.355614 0)
(0.764009 0.377734 0)
(0.545324 0.466517 0)
(0.26452 0.139777 0)
(0.0555789 -1.76387 0)
(-0.132329 -0.750138 0)
(0.0036937 -0.86257 0)
(0.154178 -0.955611 0)
(0.321859 -1.02831 0)
(0.495645 -1.03703 0)
(0.666206 -0.992244 0)
(0.839142 -0.932249 0)
(1.01258 -0.804534 0)
(1.1766 -0.649755 0)
(1.31549 -0.431382 0)
(1.40887 -0.16784 0)
(1.42487 0.0695599 0)
(1.34435 0.308435 0)
(1.20286 0.378882 0)
(1.03173 0.533844 0)
(0.854975 0.53535 0)
(0.68715 0.658597 0)
(0.492353 0.377995 0)
(0.191204 -1.54087 0)
(-0.212106 -0.86779 0)
(-0.0777373 -0.989576 0)
(0.0658452 -1.09468 0)
(0.218986 -1.17952 0)
(0.36634 -1.17639 0)
(0.512085 -1.13908 0)
(0.674544 -1.08888 0)
(0.851939 -0.965345 0)
(1.03336 -0.8015 0)
(1.19988 -0.555985 0)
(1.33304 -0.248215 0)
(1.4011 0.0738607 0)
(1.36581 0.4089 0)
(1.24524 0.515504 0)
(1.08531 0.696743 0)
(0.919145 0.682698 0)
(0.776483 0.792156 0)
(0.6335 0.550027 0)
(0.276642 -1.11758 0)
(-0.271611 -0.983067 0)
(-0.146747 -1.10886 0)
(-0.0173438 -1.2224 0)
(0.1102 -1.30577 0)
(0.225143 -1.28748 0)
(0.352076 -1.27473 0)
(0.51347 -1.24627 0)
(0.701029 -1.13817 0)
(0.902411 -0.975034 0)
(1.095 -0.707372 0)
(1.25699 -0.363897 0)
(1.36389 0.0312263 0)
(1.3739 0.474397 0)
(1.27705 0.646713 0)
(1.11894 0.853273 0)
(0.943005 0.835673 0)
(0.777594 0.917905 0)
(0.610824 0.704515 0)
(0.260137 -0.63194 0)
(-0.324088 -1.08898 0)
(-0.212567 -1.21684 0)
(-0.102121 -1.33145 0)
(-0.000296077 -1.40427 0)
(0.0973528 -1.38134 0)
(0.222748 -1.40918 0)
(0.390722 -1.40984 0)
(0.590281 -1.32488 0)
(0.807656 -1.16723 0)
(1.0175 -0.879304 0)
(1.1948 -0.498961 0)
(1.31987 -0.043605 0)
(1.36049 0.503412 0)
(1.28707 0.771748 0)
(1.13124 1.01226 0)
(0.944852 1.00449 0)
(0.75926 1.06665 0)
(0.567605 0.880049 0)
(0.232069 -0.18662 0)
(-0.367627 -1.18331 0)
(-0.269674 -1.31204 0)
(-0.175757 -1.42116 0)
(-0.0864518 -1.4875 0)
(0.0132559 -1.47669 0)
(0.148044 -1.54925 0)
(0.32476 -1.58164 0)
(0.536497 -1.52522 0)
(0.767974 -1.37301 0)
(0.990271 -1.06453 0)
(1.17404 -0.640436 0)
(1.2992 -0.128542 0)
(1.35008 0.505548 0)
(1.293 0.887681 0)
(1.13904 1.17661 0)
(0.941051 1.1879 0)
(0.733695 1.23876 0)
(0.518269 1.07625 0)
(0.202438 0.206497 0)
(-0.39929 -1.26701 0)
(-0.311962 -1.396 0)
(-0.225682 -1.50026 0)
(-0.135214 -1.57107 0)
(-0.0267535 -1.58148 0)
(0.11238 -1.69232 0)
(0.288092 -1.75746 0)
(0.502528 -1.735 0)
(0.742341 -1.58965 0)
(0.978464 -1.26267 0)
(1.17398 -0.785486 0)
(1.29751 -0.20851 0)
(1.3423 0.49894 0)
(1.28627 0.996625 0)
(1.13288 1.34574 0)
(0.929 1.38236 0)
(0.71042 1.42968 0)
(0.483114 1.28591 0)
(0.182392 0.554672 0)
(-0.414086 -1.34247 0)
(-0.332682 -1.47322 0)
(-0.248735 -1.57707 0)
(-0.157454 -1.65873 0)
(-0.0491526 -1.68997 0)
(0.0836172 -1.82986 0)
(0.250788 -1.93017 0)
(0.459672 -1.94533 0)
(0.699824 -1.81361 0)
(0.948192 -1.47708 0)
(1.16389 -0.943148 0)
(1.29771 -0.283702 0)
(1.33397 0.500785 0)
(1.26632 1.10667 0)
(1.10443 1.52096 0)
(0.890447 1.58521 0)
(0.662106 1.63119 0)
(0.429651 1.50038 0)
(0.155468 0.860352 0)
(-0.41447 -1.41187 0)
(-0.3386 -1.54613 0)
(-0.259078 -1.65208 0)
(-0.172426 -1.74473 0)
(-0.0688733 -1.79566 0)
(0.0570246 -1.95822 0)
(0.214623 -2.09567 0)
(0.411975 -2.1474 0)
(0.642394 -2.03733 0)
(0.893131 -1.70497 0)
(1.12457 -1.11984 0)
(1.27628 -0.365362 0)
(1.31418 0.51533 0)
(1.23811 1.22215 0)
(1.07547 1.69911 0)
(0.864243 1.79177 0)
(0.635504 1.83818 0)
(0.402701 1.71435 0)
(0.142467 1.12991 0)
(-0.408395 -1.47619 0)
(-0.337775 -1.61437 0)
(-0.262744 -1.7237 0)
(-0.180223 -1.82619 0)
(-0.0811843 -1.89752 0)
(0.0371317 -2.07734 0)
(0.181277 -2.24958 0)
(0.360731 -2.33444 0)
(0.57548 -2.25309 0)
(0.822199 -1.93932 0)
(1.05774 -1.30801 0)
(1.21487 -0.456634 0)
(1.25411 0.536794 0)
(1.16956 1.34601 0)
(0.999437 1.87634 0)
(0.793251 1.99222 0)
(0.577898 2.03954 0)
(0.361501 1.91943 0)
(0.126308 1.37309 0)
(-0.390177 -1.53569 0)
(-0.325096 -1.67766 0)
(-0.255357 -1.79141 0)
(-0.178598 -1.90261 0)
(-0.0875768 -1.99308 0)
(0.0197329 -2.18594 0)
(0.147245 -2.38679 0)
(0.306062 -2.50331 0)
(0.502449 -2.45622 0)
(0.739902 -2.17427 0)
(0.974314 -1.49828 0)
(1.12342 -0.543457 0)
(1.15073 0.563387 0)
(1.06959 1.46933 0)
(0.914555 2.04722 0)
(0.722458 2.18169 0)
(0.520291 2.22784 0)
(0.317996 2.10998 0)
(0.108145 1.58522 0)
(-0.376125 -1.59082 0)
(-0.31531 -1.73645 0)
(-0.250141 -1.85469 0)
(-0.179267 -1.97291 0)
(-0.0972119 -2.07938 0)
(-0.00109166 -2.28371 0)
(0.109896 -2.50483 0)
(0.248045 -2.65398 0)
(0.419974 -2.63882 0)
(0.63365 -2.39987 0)
(0.857887 -1.68768 0)
(0.996649 -0.614526 0)
(1.00535 0.601868 0)
(0.91639 1.58475 0)
(0.775947 2.19915 0)
(0.613466 2.35059 0)
(0.442286 2.39675 0)
(0.268096 2.28172 0)
(0.0899976 1.7645 0)
(-0.35161 -1.64223 0)
(-0.295145 -1.79116 0)
(-0.234588 -1.91375 0)
(-0.169323 -2.03706 0)
(-0.0964003 -2.15548 0)
(-0.0128305 -2.37022 0)
(0.0804335 -2.60315 0)
(0.196382 -2.78558 0)
(0.336742 -2.78979 0)
(0.516379 -2.60479 0)
(0.718195 -1.86827 0)
(0.825229 -0.65634 0)
(0.804955 0.654158 0)
(0.729112 1.68158 0)
(0.630967 2.31821 0)
(0.512799 2.48548 0)
(0.379058 2.53777 0)
(0.233136 2.43035 0)
(0.0784869 1.91694 0)
(-0.339145 -1.6908 0)
(-0.28519 -1.84252 0)
(-0.227549 -1.96935 0)
(-0.165963 -2.09624 0)
(-0.0996848 -2.22226 0)
(-0.0267683 -2.44504 0)
(0.0506119 -2.68274 0)
(0.142759 -2.8943 0)
(0.248422 -2.90369 0)
(0.387586 -2.77935 0)
(0.548493 -2.0219 0)
(0.616207 -0.660815 0)
(0.579696 0.710023 0)
(0.523598 1.74511 0)
(0.464914 2.39659 0)
(0.387391 2.58417 0)
(0.291243 2.6471 0)
(0.180953 2.55286 0)
(0.060864 2.04303 0)
(-0.317842 -1.73704 0)
(-0.267139 -1.891 0)
(-0.213757 -2.02135 0)
(-0.156916 -2.15142 0)
(-0.0975015 -2.28083 0)
(-0.0337818 -2.51012 0)
(0.0304881 -2.74585 0)
(0.101623 -2.97894 0)
(0.181362 -2.98681 0)
(0.284217 -2.91521 0)
(0.40196 -2.13815 0)
(0.406093 -0.609557 0)
(0.309177 0.77951 0)
(0.280562 1.75229 0)
(0.31155 2.41449 0)
(0.306872 2.64067 0)
(0.253108 2.72626 0)
(0.166359 2.652 0)
(0.0580127 2.15059 0)
(-0.30579 -1.78142 0)
(-0.255983 -1.93743 0)
(-0.203715 -2.07038 0)
(-0.148371 -2.20376 0)
(-0.0913997 -2.33365 0)
(-0.031911 -2.56861 0)
(0.0265814 -2.79825 0)
(0.0861922 -3.04464 0)
(0.147134 -3.04817 0)
(0.212285 -3.00562 0)
(0.277469 -2.21302 0)
(0.253135 -0.516261 0)
(0.161884 0.85649 0)
(0.162857 1.70027 0)
(0.228963 2.37854 0)
(0.24953 2.66207 0)
(0.216603 2.78311 0)
(0.147949 2.73557 0)
(0.0529077 2.25086 0)
)
;

boundaryField
{
    leftWall
    {
        type            extrapolatedCalculated;
        value           nonuniform List<vector> 
50
(
(-0.0110747 0.00523381 0)
(-0.0112204 0.0157703 0)
(-0.0112914 0.0264092 0)
(-0.0114587 0.0371607 0)
(-0.0111689 0.0478543 0)
(-0.0110746 0.0583664 0)
(-0.0102279 0.0684338 0)
(-0.0100131 0.0779995 0)
(-0.0090875 0.0919053 0)
(-0.0146963 0.115952 0)
(-0.0210883 0.152019 0)
(-0.0288664 0.202223 0)
(-0.0335474 0.264945 0)
(-0.0308226 0.329635 0)
(-0.0312401 0.392007 0)
(-0.0276701 0.451209 0)
(-0.0250792 0.504219 0)
(-0.020402 0.549924 0)
(-0.0163834 0.586888 0)
(-0.0122627 0.61567 0)
(-0.0091446 0.637176 0)
(-0.00631585 0.652705 0)
(-0.00443914 0.663504 0)
(-0.00290064 0.67087 0)
(-0.00217058 0.675956 0)
(-0.0018178 0.679954 0)
(-0.00196979 0.68375 0)
(-0.00253086 0.688264 0)
(-0.00346445 0.69428 0)
(-0.00466272 0.70244 0)
(-0.00623031 0.713381 0)
(-0.00813349 0.727811 0)
(-0.0103813 0.746414 0)
(-0.0130067 0.769916 0)
(-0.0157865 0.798853 0)
(-0.0188893 0.833703 0)
(-0.0218833 0.874683 0)
(-0.0250146 0.921821 0)
(-0.0282396 0.975348 0)
(-0.0306189 1.03451 0)
(-0.0347232 1.10019 0)
(-0.0357137 1.17099 0)
(-0.0404631 1.24757 0)
(-0.0403553 1.32881 0)
(-0.0447132 1.41432 0)
(-0.0441673 1.50367 0)
(-0.0478369 1.59615 0)
(-0.0474543 1.69195 0)
(-0.0502282 1.79014 0)
(-0.0509944 1.89183 0)
)
;
    }
    rightWall
    {
        type            extrapolatedCalculated;
        value           nonuniform List<vector> 
50
(
(-0.474785 -0.202035 0)
(-0.363156 -0.558696 0)
(-0.212431 -0.804091 0)
(-0.0631516 -0.921882 0)
(0.0130143 -0.943386 0)
(0.0734978 -0.906606 0)
(0.101025 -0.83237 0)
(0.0727915 -0.758434 0)
(-0.00252934 -0.729817 0)
(-0.102902 -0.826282 0)
(-0.104664 -1.0157 0)
(0.0300437 -1.0841 0)
(0.0688591 -0.993706 0)
(0.0228106 -0.909097 0)
(-0.00463068 -0.892119 0)
(-0.0432133 -0.935348 0)
(-0.0976228 -1.06277 0)
(-0.142627 -1.2807 0)
(-0.218733 -1.61055 0)
(-0.199196 -1.98826 0)
(-0.0783135 -2.23644 0)
(-0.035076 -2.34045 0)
(-0.0498756 -2.42518 0)
(-0.0570898 -2.52836 0)
(-0.0225188 -2.60049 0)
(0.0582519 -2.56819 0)
(0.120748 -2.40626 0)
(0.110561 -2.19699 0)
(0.066145 -2.03678 0)
(0.0287001 -1.948 0)
(0.0137429 -1.90687 0)
(0.0123086 -1.88313 0)
(0.0170581 -1.85669 0)
(0.0182633 -1.82766 0)
(0.0555789 -1.76387 0)
(0.191204 -1.54087 0)
(0.276642 -1.11758 0)
(0.260137 -0.63194 0)
(0.232069 -0.18662 0)
(0.202438 0.206497 0)
(0.182392 0.554672 0)
(0.155468 0.860352 0)
(0.142467 1.12991 0)
(0.126308 1.37309 0)
(0.108145 1.58522 0)
(0.0899976 1.7645 0)
(0.0784869 1.91694 0)
(0.060864 2.04303 0)
(0.0580127 2.15059 0)
(0.0529077 2.25086 0)
)
;
    }
    lowerWall
    {
        type            extrapolatedCalculated;
        value           nonuniform List<vector> 
62
(
(-0.0110747 0.00523381 0)
(-0.0324219 0.00485473 0)
(-0.0535057 0.00510929 0)
(-0.0758541 0.00545241 0)
(-0.0983942 0.00519987 0)
(-0.118828 0.00445675 0)
(-0.137152 0.0042034 0)
(-0.154779 0.00412689 0)
(-0.170461 0.00328437 0)
(-0.183269 0.00276855 0)
(-0.193615 0.00212059 0)
(-0.200682 0.00121952 0)
(-0.203819 0.000263021 0)
(-0.203277 -0.000519416 0)
(-0.199452 -0.0012882 0)
(-0.192425 -0.00203289 0)
(-0.180717 -0.00349981 0)
(-0.162691 -0.00501925 0)
(-0.137783 -0.00675216 0)
(-0.104609 -0.00892547 0)
(-0.0690906 -0.00786045 0)
(-0.0267449 -0.0121518 0)
(-0.000515951 -0.000243829 0)
(-0.000515951 -0.000243829 0)
(-0.00592575 -0.00328811 0)
(0.00266791 -0.00482773 0)
(0.00199967 -0.00262185 0)
(0.0188403 0.007227 0)
(0.017421 0.0243638 0)
(0.0350185 0.0491463 0)
(-0.00929397 0.0613035 0)
(0.229348 -0.0223874 0)
(0.251299 -0.0240224 0)
(0.182436 0.170738 0)
(-0.0974046 0.425064 0)
(-0.442393 0.188056 0)
(-0.370932 0.533782 0)
(-0.315694 0.826064 0)
(-0.211082 1.05071 0)
(-0.130143 1.1963 0)
(-0.0645726 1.27941 0)
(-0.0302025 1.31987 0)
(0.00351986 1.33127 0)
(-0.442393 0.188056 0)
(-1.09224 0.088162 0)
(-1.3989 0.0421498 0)
(-1.51131 0.00563406 0)
(-1.45202 -0.0307509 0)
(-1.28371 -0.0407359 0)
(-1.16702 -0.00889333 0)
(-1.2188 0.0308455 0)
(-1.38089 0.0379339 0)
(-1.51435 0.0186461 0)
(-1.58289 0.0103721 0)
(-1.62827 0.00880866 0)
(-1.67912 0.012717 0)
(-1.74609 0.0156639 0)
(-1.81176 0.0121712 0)
(-1.84685 0.00270751 0)
(-1.72392 -0.0547466 0)
(-1.27208 -0.137088 0)
(-0.474785 -0.202035 0)
)
;
    }
    atmosphere
    {
        type            extrapolatedCalculated;
        value           nonuniform List<vector> 
46
(
(-0.0509944 1.89183 0)
(-0.153537 1.89307 0)
(-0.257666 1.89385 0)
(-0.364095 1.89322 0)
(-0.473019 1.88876 0)
(-0.58389 1.88042 0)
(-0.694567 1.86554 0)
(-0.799329 1.83733 0)
(-0.88656 1.76905 0)
(-0.937518 1.59833 0)
(-0.942886 1.2878 0)
(-0.916818 0.95348 0)
(-0.874607 0.668428 0)
(-0.822014 0.413084 0)
(-0.765492 0.187962 0)
(-0.711427 -0.0168085 0)
(-0.663992 -0.208747 0)
(-0.622262 -0.395785 0)
(-0.582844 -0.582332 0)
(-0.544585 -0.765911 0)
(-0.506436 -0.951912 0)
(-0.46786 -1.13211 0)
(-0.428584 -1.31191 0)
(-0.399043 -1.43768 0)
(-0.379719 -1.5174 0)
(-0.360095 -1.59324 0)
(-0.340152 -1.66726 0)
(-0.30579 -1.78142 0)
(-0.255983 -1.93743 0)
(-0.203715 -2.07038 0)
(-0.148371 -2.20376 0)
(-0.0913997 -2.33365 0)
(-0.031911 -2.56861 0)
(0.0265814 -2.79825 0)
(0.0861922 -3.04464 0)
(0.147134 -3.04817 0)
(0.212285 -3.00562 0)
(0.277469 -2.21302 0)
(0.253135 -0.516261 0)
(0.161884 0.85649 0)
(0.162857 1.70027 0)
(0.228963 2.37854 0)
(0.24953 2.66207 0)
(0.216603 2.78311 0)
(0.147949 2.73557 0)
(0.0529077 2.25086 0)
)
;
    }
    defaultFaces
    {
        type            empty;
    }
}


// ************************************************************************* //
