/*--------------------------------*- C++ -*----------------------------------*\
| =========                 |                                                 |
| \\      /  F ield         | OpenFOAM: The Open Source CFD Toolbox           |
|  \\    /   O peration     | Version:  2012                                  |
|   \\  /    A nd           | Website:  www.openfoam.com                      |
|    \\/     M anipulation  |                                                 |
\*---------------------------------------------------------------------------*/
FoamFile
{
    version     2.0;
    format      ascii;
    class       volVectorField;
    location    "0.86";
    object      U;
}
// * * * * * * * * * * * * * * * * * * * * * * * * * * * * * * * * * * * * * //

dimensions      [0 1 -1 0 0 0 0];


internalField   nonuniform List<vector> 
2268
(
(-0.026987 0.0107859 0)
(-0.0769537 0.00982017 0)
(-0.125297 0.00844998 0)
(-0.16798 0.00649913 0)
(-0.202684 0.00416081 0)
(-0.229552 0.00206337 0)
(-0.24916 0.00124362 0)
(-0.260163 -3.58099e-05 0)
(-0.264863 -0.000407228 0)
(-0.264433 -0.00162719 0)
(-0.258113 -0.00212083 0)
(-0.246701 -0.00383663 0)
(-0.232769 -0.00421823 0)
(-0.213376 -0.00563885 0)
(-0.188965 -0.0074395 0)
(-0.15621 -0.00976099 0)
(-0.11481 -0.0122682 0)
(-0.0653803 -0.0136873 0)
(-0.013864 -0.0145018 0)
(0.0356477 -0.0141792 0)
(0.0687615 -0.00653187 0)
(0.0496948 -0.00858571 0)
(0.0480747 0.00364828 0)
(-0.0272993 0.0383065 0)
(-0.0781184 0.0366893 0)
(-0.127024 0.034468 0)
(-0.169786 0.0301877 0)
(-0.20427 0.0248194 0)
(-0.230378 0.0200331 0)
(-0.249825 0.0131145 0)
(-0.261247 0.00755489 0)
(-0.26641 0.00237453 0)
(-0.26506 -0.00154444 0)
(-0.258668 -0.00623318 0)
(-0.247183 -0.00817973 0)
(-0.233595 -0.0114393 0)
(-0.214877 -0.0151507 0)
(-0.19059 -0.0194247 0)
(-0.157433 -0.0254144 0)
(-0.116061 -0.0304678 0)
(-0.0654886 -0.0341801 0)
(-0.0132498 -0.0330334 0)
(0.0377284 -0.0250065 0)
(0.071206 0.00012077 0)
(0.0539119 0.0183778 0)
(0.0403221 0.0426126 0)
(-0.0282309 0.0605851 0)
(-0.0794385 0.0570634 0)
(-0.128456 0.051666 0)
(-0.172146 0.0431565 0)
(-0.207791 0.0326397 0)
(-0.235609 0.0236803 0)
(-0.25527 0.0157743 0)
(-0.265988 0.00776319 0)
(-0.270512 0.00144377 0)
(-0.267767 -0.00538713 0)
(-0.260751 -0.0104627 0)
(-0.249424 -0.0158598 0)
(-0.237039 -0.019359 0)
(-0.2173 -0.0261815 0)
(-0.19378 -0.0344792 0)
(-0.158986 -0.0452183 0)
(-0.118036 -0.0556164 0)
(-0.0641419 -0.062522 0)
(-0.00897702 -0.0632091 0)
(0.0484353 -0.0543799 0)
(0.0941072 -0.0142672 0)
(0.0718499 0.0056745 0)
(0.0447323 0.0480718 0)
(-0.0292667 0.0891489 0)
(-0.0823784 0.0840439 0)
(-0.13279 0.0781826 0)
(-0.176723 0.0677777 0)
(-0.211777 0.0547317 0)
(-0.238024 0.042665 0)
(-0.258119 0.0272919 0)
(-0.269442 0.0150129 0)
(-0.273619 0.00303572 0)
(-0.269883 -0.00600824 0)
(-0.263007 -0.014974 0)
(-0.251685 -0.0192806 0)
(-0.239265 -0.0265736 0)
(-0.2216 -0.0355491 0)
(-0.19944 -0.0467867 0)
(-0.165126 -0.0612304 0)
(-0.12463 -0.0750047 0)
(-0.0676238 -0.0857928 0)
(-0.00883926 -0.085872 0)
(0.0583643 -0.0737066 0)
(0.110945 -0.0103608 0)
(0.0969539 0.0421106 0)
(0.0507351 0.0979876 0)
(-0.0308896 0.113328 0)
(-0.085202 0.106199 0)
(-0.136984 0.0960976 0)
(-0.183126 0.0806952 0)
(-0.220348 0.0613458 0)
(-0.249531 0.045656 0)
(-0.268976 0.030612 0)
(-0.278301 0.0149107 0)
(-0.280439 0.00183717 0)
(-0.275344 -0.0106211 0)
(-0.266865 -0.0188378 0)
(-0.256188 -0.027407 0)
(-0.246141 -0.0333919 0)
(-0.227304 -0.0453638 0)
(-0.20645 -0.0610977 0)
(-0.169977 -0.080928 0)
(-0.129559 -0.101686 0)
(-0.0670486 -0.117599 0)
(-0.00244838 -0.122827 0)
(0.082541 -0.11144 0)
(0.151623 -0.0329982 0)
(0.132544 0.0333913 0)
(0.0738126 0.117411 0)
(-0.032121 0.143953 0)
(-0.0901867 0.134071 0)
(-0.144378 0.12438 0)
(-0.190782 0.107249 0)
(-0.226804 0.0861191 0)
(-0.253665 0.0658849 0)
(-0.274571 0.0405895 0)
(-0.284617 0.0208798 0)
(-0.28606 0.00122798 0)
(-0.278824 -0.0121239 0)
(-0.270835 -0.0242753 0)
(-0.259392 -0.0287877 0)
(-0.248422 -0.0402587 0)
(-0.235095 -0.0541112 0)
(-0.215909 -0.073651 0)
(-0.181292 -0.0974685 0)
(-0.140343 -0.12326 0)
(-0.075462 -0.145846 0)
(-0.00506409 -0.156043 0)
(0.0994557 -0.146369 0)
(0.172485 -0.0328728 0)
(0.164644 0.0797018 0)
(0.0771959 0.196337 0)
(-0.0347506 0.171112 0)
(-0.0947659 0.159666 0)
(-0.150193 0.143395 0)
(-0.200084 0.119993 0)
(-0.239462 0.0906037 0)
(-0.270599 0.0683943 0)
(-0.289952 0.0453107 0)
(-0.296957 0.0199928 0)
(-0.295023 -0.000438419 0)
(-0.286531 -0.018179 0)
(-0.274792 -0.0275553 0)
(-0.265113 -0.0385367 0)
(-0.259755 -0.0445787 0)
(-0.2462 -0.0612577 0)
(-0.228139 -0.0864718 0)
(-0.1909 -0.117119 0)
(-0.148558 -0.15177 0)
(-0.0793812 -0.181987 0)
(-0.000324143 -0.205708 0)
(0.123586 -0.196064 0)
(0.199418 -0.0648631 0)
(0.205834 0.0771554 0)
(0.126432 0.230381 0)
(-0.0371236 0.205077 0)
(-0.107784 0.188287 0)
(-0.168036 0.174104 0)
(-0.216948 0.149431 0)
(-0.252883 0.119591 0)
(-0.279189 0.0899212 0)
(-0.300859 0.0525465 0)
(-0.307911 0.0239821 0)
(-0.304382 -0.00452923 0)
(-0.290652 -0.021215 0)
(-0.28013 -0.0349859 0)
(-0.268231 -0.0353362 0)
(-0.26207 -0.0493787 0)
(-0.256505 -0.0686785 0)
(-0.238449 -0.0995447 0)
(-0.205748 -0.134857 0)
(-0.165752 -0.175495 0)
(-0.100827 -0.215834 0)
(-0.0148984 -0.251311 0)
(0.112255 -0.240375 0)
(0.189211 -0.0698484 0)
(0.206779 0.115428 0)
(0.119553 0.355614 0)
(-0.4097 0.188047 0)
(-0.948199 0.112127 0)
(-1.3881 0.0601738 0)
(-1.68153 0.0254035 0)
(-1.88098 0.0134705 0)
(-2.03647 -0.00373691 0)
(-2.15109 -0.0406948 0)
(-2.24027 -0.000524524 0)
(-2.27272 0.0392339 0)
(-2.12148 -0.0134333 0)
(-1.07388 -0.152399 0)
(-0.577943 0.0164119 0)
(-0.5521 0.062062 0)
(-0.660894 -0.103248 0)
(-0.760667 -0.136245 0)
(-0.724778 -0.00539049 0)
(-0.597359 0.017049 0)
(-0.490425 -0.057216 0)
(-0.183884 -0.0811074 0)
(-0.301222 0.390356 0)
(-0.818207 0.305221 0)
(-1.25382 0.251787 0)
(-1.50728 0.184664 0)
(-1.70117 0.136959 0)
(-1.9707 0.117108 0)
(-2.17519 0.126152 0)
(-2.212 0.0526389 0)
(-1.94844 -0.0946481 0)
(-1.0751 -0.485705 0)
(-0.330341 -0.5134 0)
(0.0926179 -0.236358 0)
(0.598893 -0.0278366 0)
(0.755998 0.189938 0)
(0.371609 0.168354 0)
(-0.248807 -0.0628127 0)
(-0.38867 -0.116881 0)
(-0.331318 -0.118553 0)
(-0.130698 -0.206123 0)
(-0.302204 0.659194 0)
(-0.739249 0.515596 0)
(-1.06159 0.352913 0)
(-1.23199 0.214931 0)
(-1.38831 0.209603 0)
(-1.51635 0.207839 0)
(-1.5858 0.0727656 0)
(-1.75347 -0.113414 0)
(-0.821453 -0.445193 0)
(-0.436607 -0.697866 0)
(-0.16993 -0.659775 0)
(0.0937823 -0.375613 0)
(0.448546 -0.222833 0)
(0.589506 0.00389404 0)
(0.715565 0.278847 0)
(0.52956 0.311436 0)
(0.0267841 0.0527788 0)
(0.0215451 -0.168132 0)
(-0.0138903 -0.278197 0)
(-0.262485 0.83744 0)
(-0.619095 0.632198 0)
(-0.862202 0.46138 0)
(-0.943647 0.325756 0)
(-0.951529 0.245337 0)
(-0.527603 0.124881 0)
(-0.122829 0.20085 0)
(-0.36223 -0.235274 0)
(-0.296587 -0.631849 0)
(-0.0886411 -0.765567 0)
(-0.146702 -0.741146 0)
(0.0983191 -0.500277 0)
(0.517819 -0.237843 0)
(0.520803 0.0710465 0)
(0.535485 0.199938 0)
(0.58113 0.23936 0)
(0.538083 0.100894 0)
(0.303472 -0.0992602 0)
(0.105232 -0.201811 0)
(-0.259018 1.03033 0)
(-0.541931 0.767542 0)
(-0.725812 0.49164 0)
(-0.70581 0.247799 0)
(-0.368526 0.0632154 0)
(-0.0675025 -0.0170281 0)
(0.130938 0.0269179 0)
(0.312758 -0.10109 0)
(-0.0956474 -0.543703 0)
(-0.0196197 -0.768511 0)
(-0.178258 -0.742017 0)
(-0.0762072 -0.655659 0)
(0.321671 -0.404712 0)
(0.632908 0.00137323 0)
(0.545506 0.250769 0)
(0.538235 0.303294 0)
(0.496581 0.17156 0)
(0.333042 0.0143568 0)
(0.146685 -0.105997 0)
(-0.203865 1.17955 0)
(-0.415543 0.833819 0)
(-0.601548 0.52968 0)
(-0.535481 0.172389 0)
(-0.183002 -0.041296 0)
(0.0128389 -0.143676 0)
(0.0933438 0.0195215 0)
(0.0118705 -0.083546 0)
(-0.0354064 -0.505967 0)
(-0.0990164 -0.728617 0)
(-0.243094 -0.71846 0)
(-0.207923 -0.712754 0)
(-0.0974557 -0.538213 0)
(0.306456 -0.0257542 0)
(0.387093 0.239354 0)
(0.466459 0.262532 0)
(0.410429 0.18802 0)
(0.26484 0.0508265 0)
(0.0898788 0.00362833 0)
(-0.176602 1.29201 0)
(-0.309898 0.933842 0)
(-0.467002 0.544272 0)
(-0.365164 0.074884 0)
(0.0960631 -0.170083 0)
(0.123769 -0.133841 0)
(0.12431 0.0301375 0)
(0.124729 -0.067178 0)
(0.0272572 -0.486307 0)
(-0.221944 -0.682986 0)
(-0.28614 -0.696353 0)
(-0.305512 -0.717828 0)
(-0.287607 -0.627794 0)
(-0.147881 -0.195459 0)
(-0.0600992 0.181208 0)
(0.230863 0.293794 0)
(0.223095 0.257377 0)
(0.111141 0.148969 0)
(0.0623603 0.042877 0)
(-0.10415 1.38707 0)
(-0.173532 0.961011 0)
(-0.0150526 0.546791 0)
(-0.00682122 -0.0638425 0)
(0.328316 -0.253617 0)
(0.188741 -0.155336 0)
(0.193263 0.0189235 0)
(0.129128 -0.0397489 0)
(0.00669035 -0.356617 0)
(-0.29012 -0.592855 0)
(-0.354091 -0.683391 0)
(-0.402166 -0.71171 0)
(-0.440111 -0.604519 0)
(-0.55484 -0.125455 0)
(-0.646681 0.0762161 0)
(-0.316709 0.140493 0)
(-0.146632 0.237253 0)
(-0.120873 0.12077 0)
(-0.0752424 0.0800854 0)
(-0.039088 0.258995 0)
(-0.10635 0.241552 0)
(-0.169263 0.206129 0)
(-0.23065 0.167019 0)
(-0.277274 0.119059 0)
(-0.316896 0.0924499 0)
(-0.332545 0.0627335 0)
(-0.330065 0.0194626 0)
(-0.31663 -0.00941421 0)
(-0.297653 -0.0351629 0)
(-0.273671 -0.0385023 0)
(-0.269453 -0.0550499 0)
(-0.281657 -0.0497839 0)
(-0.274382 -0.0756763 0)
(-0.264646 -0.116529 0)
(-0.232585 -0.161778 0)
(-0.202452 -0.216082 0)
(-0.136748 -0.275139 0)
(-0.0532211 -0.337834 0)
(0.0654796 -0.323618 0)
(0.163073 -0.134459 0)
(0.330995 0.10377 0)
(0.243687 0.395507 0)
(-0.0547469 0.331629 0)
(-0.160553 0.29889 0)
(-0.226455 0.287575 0)
(-0.277041 0.25154 0)
(-0.305393 0.206891 0)
(-0.30935 0.144631 0)
(-0.346826 0.060775 0)
(-0.356146 0.011437 0)
(-0.334038 -0.0378111 0)
(-0.29476 -0.0582767 0)
(-0.288815 -0.0639035 0)
(-0.279404 -0.0186577 0)
(-0.274484 -0.0450481 0)
(-0.317596 -0.0824583 0)
(-0.323771 -0.135168 0)
(-0.314301 -0.187332 0)
(-0.304733 -0.256477 0)
(-0.280012 -0.344733 0)
(-0.240649 -0.42278 0)
(-0.187435 -0.428606 0)
(-0.107755 -0.309453 0)
(0.0167668 0.038149 0)
(0.0921125 0.322835 0)
(-0.0764449 0.475407 0)
(-0.191115 0.417477 0)
(-0.279484 0.321447 0)
(-0.387185 0.248848 0)
(-0.493214 0.148417 0)
(-0.607115 0.137097 0)
(-0.641817 0.110044 0)
(-0.638129 0.00442629 0)
(-0.613855 -0.0666303 0)
(-0.480807 -0.0819972 0)
(-0.331589 -0.0498681 0)
(-0.387837 -0.0730618 0)
(-0.497762 -0.00946922 0)
(-0.480686 -0.0280704 0)
(-0.48906 -0.119407 0)
(-0.478534 -0.182217 0)
(-0.465381 -0.250587 0)
(-0.450743 -0.340756 0)
(-0.414312 -0.430175 0)
(-0.334041 -0.458105 0)
(-0.26839 -0.33893 0)
(-0.129093 -0.102238 0)
(-0.0449282 0.153724 0)
(-0.178309 0.599789 0)
(-0.349301 0.497719 0)
(-0.448519 0.486052 0)
(-0.54572 0.465151 0)
(-0.582344 0.432873 0)
(-0.9686 0.292107 0)
(-1.38816 0.0889901 0)
(-1.42319 -0.00829086 0)
(-1.19772 -0.21002 0)
(-0.970442 -0.338118 0)
(-0.661316 -0.167535 0)
(-0.284873 0.158786 0)
(-0.34005 0.0454614 0)
(-0.597134 -0.0897675 0)
(-0.609717 -0.137544 0)
(-0.59249 -0.210893 0)
(-0.556634 -0.28388 0)
(-0.510731 -0.396013 0)
(-0.410197 -0.539839 0)
(-0.24416 -0.577487 0)
(-0.36952 -0.511512 0)
(-0.391235 -0.187728 0)
(-0.468453 0.175765 0)
(-0.494721 1.02464 0)
(-0.939964 0.706842 0)
(-1.05742 0.511413 0)
(-1.15852 0.392577 0)
(-1.21336 0.551722 0)
(-1.66733 0.924508 0)
(-1.95768 0.568662 0)
(-1.70549 -0.196299 0)
(-1.51484 -0.497379 0)
(-1.33883 -0.638091 0)
(-1.14201 -0.707687 0)
(-0.790781 -0.438299 0)
(-0.117532 0.306101 0)
(-0.133047 0.232814 0)
(0.389244 -0.133601 0)
(0.278962 -0.231917 0)
(0.138521 -0.340743 0)
(-0.109359 -0.477881 0)
(-0.190198 -0.708962 0)
(-0.258736 -0.487976 0)
(-0.523273 -0.189427 0)
(-0.605866 -0.00611603 0)
(-0.683686 0.265612 0)
(-0.877276 2.00001 0)
(-1.3132 1.05068 0)
(-1.48849 0.702163 0)
(-1.50707 0.618762 0)
(-1.57526 0.797696 0)
(-1.95193 1.3163 0)
(-1.73207 -0.0764119 0)
(-1.63764 -0.439659 0)
(-1.51866 -0.593725 0)
(-1.44651 -0.706234 0)
(-1.39807 -0.747373 0)
(-1.37312 -0.797359 0)
(-1.16121 -0.634098 0)
(-0.348737 -0.546993 0)
(-0.4917 -0.502248 0)
(0.0186466 0.0143041 0)
(-0.347348 0.137644 0)
(-0.288781 -0.0785155 0)
(-0.690872 -0.362084 0)
(-0.846848 -0.282755 0)
(-0.640521 -0.145529 0)
(-0.62684 -0.0252208 0)
(-0.677272 0.279443 0)
(-0.862074 3.20543 0)
(-1.23273 1.34 0)
(-1.46738 0.712625 0)
(-1.47406 0.503091 0)
(-1.78776 0.999473 0)
(-1.64638 1.25019 0)
(-1.50855 0.291166 0)
(-1.54683 -0.420816 0)
(-1.48311 -0.685913 0)
(-1.44359 -0.760778 0)
(-1.4155 -0.775433 0)
(-1.4314 -0.731104 0)
(-1.47974 -0.665252 0)
(-1.4402 -0.540949 0)
(-1.40201 -0.535118 0)
(-1.36737 -0.351834 0)
(-0.974395 -0.08206 0)
(-1.07158 -0.110269 0)
(-1.08802 -0.176621 0)
(-1.12127 -0.531438 0)
(-0.786036 -0.439386 0)
(-0.633169 0.0331028 0)
(-0.602162 0.314507 0)
(-0.729306 4.11567 0)
(-0.902929 1.65367 0)
(-1.37613 0.93468 0)
(-1.78001 0.922109 0)
(-2.13182 0.988074 0)
(-1.91903 0.926749 0)
(-1.72396 -0.143737 0)
(-1.71344 -0.448485 0)
(-1.63655 -0.693605 0)
(-1.53673 -0.774891 0)
(-1.42993 -0.76 0)
(-1.42537 -0.724674 0)
(-1.46926 -0.634808 0)
(-1.44641 -0.596653 0)
(-1.42093 -0.553275 0)
(-1.43307 -0.435056 0)
(-1.3051 -0.12323 0)
(-1.26466 0.0262554 0)
(-1.19608 -0.314429 0)
(-1.09637 -0.548215 0)
(-1.20448 -0.604547 0)
(-1.19996 -0.202377 0)
(-0.916938 0.186526 0)
(-0.599832 4.79385 0)
(-0.445372 2.13586 0)
(-1.46447 1.54373 0)
(-1.74587 1.29241 0)
(-2.08725 1.1248 0)
(-1.88807 0.820125 0)
(-1.78572 0.0523897 0)
(-1.7576 -0.52833 0)
(-1.62081 -0.869678 0)
(-1.57678 -0.972595 0)
(-1.50271 -0.888112 0)
(-1.42621 -0.689778 0)
(-1.36947 -0.638079 0)
(-1.35372 -0.589114 0)
(-1.36143 -0.545566 0)
(-1.32784 -0.475636 0)
(-1.29753 -0.265726 0)
(-1.03117 -0.200112 0)
(-0.869676 -0.352027 0)
(-0.871587 -0.50285 0)
(-0.897157 -0.429873 0)
(-0.978083 -0.236401 0)
(-0.813195 -0.411286 0)
(-0.443491 5.15802 0)
(-0.47415 2.57076 0)
(-1.32792 2.18337 0)
(-1.41445 1.56836 0)
(-1.67106 1.1429 0)
(-1.27735 0.60093 0)
(-1.00618 -0.240369 0)
(-0.770946 -0.62125 0)
(-0.78247 -0.856947 0)
(-0.860119 -0.899186 0)
(-1.08174 -0.904731 0)
(-1.19312 -0.857596 0)
(-1.24434 -0.713348 0)
(-1.24314 -0.604268 0)
(-1.19135 -0.578133 0)
(-1.1887 -0.494643 0)
(-1.152 -0.431982 0)
(-1.01707 -0.416353 0)
(-0.883728 -0.48194 0)
(-0.855411 -0.515325 0)
(-0.837199 -0.487318 0)
(-0.736736 -0.279836 0)
(-0.691582 -0.413371 0)
(-0.429992 5.67965 0)
(-0.593175 3.03598 0)
(-1.12633 2.45654 0)
(-0.867882 1.65579 0)
(-0.96165 0.966105 0)
(-0.412871 0.166919 0)
(-0.271219 -0.465064 0)
(-0.168744 -0.75085 0)
(-0.252391 -0.78741 0)
(-0.359386 -0.676994 0)
(-0.519576 -0.557085 0)
(-0.644515 -0.531116 0)
(-0.736434 -0.589646 0)
(-0.823315 -0.63787 0)
(-0.972736 -0.604443 0)
(-1.02884 -0.510238 0)
(-0.984844 -0.433912 0)
(-0.918606 -0.463735 0)
(-0.862636 -0.507388 0)
(-0.810127 -0.550532 0)
(-0.785597 -0.54641 0)
(-0.717383 -0.387507 0)
(-0.659394 -0.468525 0)
(-0.153076 6.18728 0)
(-0.364842 3.30095 0)
(-0.730685 2.43657 0)
(-0.236269 1.42874 0)
(-0.0731821 0.675432 0)
(0.324919 -0.0840996 0)
(0.279859 -0.48656 0)
(0.255119 -0.640542 0)
(0.100131 -0.6591 0)
(0.0151638 -0.627735 0)
(-0.0932356 -0.609112 0)
(-0.160316 -0.634121 0)
(-0.278355 -0.531289 0)
(-0.375281 -0.368353 0)
(-0.44738 -0.37468 0)
(-0.494311 -0.486217 0)
(-0.603487 -0.539847 0)
(-0.780968 -0.53833 0)
(-0.876287 -0.590423 0)
(-0.824734 -0.592738 0)
(-0.746515 -0.580217 0)
(-0.725981 -0.402014 0)
(-0.797534 -0.501374 0)
(0.229011 6.18796 0)
(0.210568 3.63318 0)
(0.0225363 2.3013 0)
(0.551287 1.00645 0)
(0.688698 0.388223 0)
(0.852834 -0.177703 0)
(0.70548 -0.40588 0)
(0.6112 -0.566632 0)
(0.454825 -0.553088 0)
(0.331531 -0.487271 0)
(0.185616 -0.386406 0)
(0.0403223 -0.350943 0)
(-0.119421 -0.373838 0)
(-0.130401 -0.465806 0)
(-0.138243 -0.485114 0)
(-0.162874 -0.349311 0)
(-0.253284 -0.155071 0)
(-0.313795 -0.193697 0)
(-0.389203 -0.469221 0)
(-0.455275 -0.683501 0)
(-0.589905 -0.64483 0)
(-0.629031 -0.343206 0)
(-0.590706 -0.527826 0)
(0.555718 5.72957 0)
(0.830111 3.54063 0)
(1.08239 2.08006 0)
(1.23625 0.784486 0)
(1.21687 0.356182 0)
(1.13588 -0.0848152 0)
(0.959167 -0.250935 0)
(0.786505 -0.381708 0)
(0.591386 -0.377169 0)
(0.431831 -0.351696 0)
(0.295596 -0.312144 0)
(0.205385 -0.322879 0)
(0.125725 -0.358139 0)
(0.0431323 -0.349121 0)
(-0.0769703 -0.339714 0)
(-0.160097 -0.367766 0)
(-0.163022 -0.381779 0)
(-0.0992389 -0.395948 0)
(-0.119264 -0.436651 0)
(-0.2355 -0.396215 0)
(-0.416325 -0.397432 0)
(-0.451485 -0.407207 0)
(-0.382393 -0.488639 0)
(0.896462 4.78873 0)
(1.2697 3.13611 0)
(1.72586 1.87796 0)
(1.54132 0.892809 0)
(1.47019 0.472603 0)
(1.28256 0.0917087 0)
(1.0908 -0.0642258 0)
(0.883427 -0.193476 0)
(0.688328 -0.202171 0)
(0.529623 -0.191411 0)
(0.39587 -0.162843 0)
(0.295775 -0.182946 0)
(0.190435 -0.213209 0)
(0.0963511 -0.262994 0)
(0.0292359 -0.283653 0)
(-0.0360315 -0.26585 0)
(-0.108651 -0.221167 0)
(-0.157927 -0.242896 0)
(-0.231179 -0.335294 0)
(-0.292835 -0.390163 0)
(-0.336121 -0.424127 0)
(-0.383634 -0.3862 0)
(-0.436148 -0.421591 0)
(0.91023 3.54635 0)
(1.29211 2.71002 0)
(1.71262 1.80464 0)
(1.51597 1.04084 0)
(1.45636 0.610571 0)
(1.23211 0.301913 0)
(1.04163 0.147571 0)
(0.819257 0.0271076 0)
(0.635303 -0.0213938 0)
(0.477487 -0.054313 0)
(0.365589 -0.0753234 0)
(0.270665 -0.113326 0)
(0.187724 -0.155756 0)
(0.102976 -0.185166 0)
(0.0163552 -0.203988 0)
(-0.063423 -0.226903 0)
(-0.113067 -0.25502 0)
(-0.135049 -0.270958 0)
(-0.17838 -0.294923 0)
(-0.24392 -0.291536 0)
(-0.318444 -0.300288 0)
(-0.392228 -0.30815 0)
(-0.435644 -0.327352 0)
(0.550473 2.5697 0)
(0.983279 2.29854 0)
(1.35999 1.66931 0)
(1.28975 1.14207 0)
(1.23653 0.757524 0)
(1.04322 0.508859 0)
(0.889348 0.34704 0)
(0.711135 0.215524 0)
(0.569844 0.137768 0)
(0.440762 0.0791124 0)
(0.340541 0.042198 0)
(0.248911 -0.00565827 0)
(0.162239 -0.0469921 0)
(0.0754796 -0.0924023 0)
(-0.000490669 -0.118687 0)
(-0.0660953 -0.138109 0)
(-0.129429 -0.151363 0)
(-0.18807 -0.180473 0)
(-0.246316 -0.227346 0)
(-0.300814 -0.253449 0)
(-0.345457 -0.275442 0)
(-0.387436 -0.272035 0)
(-0.431963 -0.271636 0)
(0.26455 2.00769 0)
(0.632529 1.90154 0)
(0.914735 1.50167 0)
(0.946142 1.16041 0)
(0.924759 0.859667 0)
(0.804981 0.650569 0)
(0.707511 0.481629 0)
(0.577067 0.349685 0)
(0.469877 0.251364 0)
(0.359398 0.178078 0)
(0.273835 0.119036 0)
(0.189264 0.0678405 0)
(0.115526 0.0204112 0)
(0.0397314 -0.0199019 0)
(-0.0302553 -0.0593705 0)
(-0.0933276 -0.0958299 0)
(-0.146609 -0.129536 0)
(-0.189911 -0.15246 0)
(-0.238268 -0.177763 0)
(-0.29132 -0.191442 0)
(-0.343473 -0.209217 0)
(-0.393699 -0.221292 0)
(-0.429929 -0.227431 0)
(0.140551 1.67052 0)
(0.415864 1.63387 0)
(0.612523 1.35988 0)
(0.674336 1.12934 0)
(0.684895 0.89951 0)
(0.624489 0.726684 0)
(0.564981 0.57481 0)
(0.472691 0.453979 0)
(0.389588 0.354523 0)
(0.29805 0.275333 0)
(0.218659 0.211111 0)
(0.1381 0.152198 0)
(0.0652888 0.101356 0)
(-0.0068442 0.0525793 0)
(-0.071926 0.0132394 0)
(-0.13412 -0.0230386 0)
(-0.192795 -0.055748 0)
(-0.246396 -0.0906818 0)
(-0.294566 -0.126587 0)
(-0.338659 -0.150519 0)
(-0.375915 -0.173484 0)
(-0.408425 -0.187348 0)
(-0.437123 -0.194343 0)
(0.0828467 1.45082 0)
(0.28346 1.42866 0)
(0.424051 1.24529 0)
(0.484665 1.08767 0)
(0.503131 0.912163 0)
(0.470212 0.771365 0)
(0.429248 0.635504 0)
(0.359859 0.526824 0)
(0.294657 0.428165 0)
(0.217068 0.351138 0)
(0.149839 0.281285 0)
(0.0780063 0.223372 0)
(0.0143426 0.167822 0)
(-0.0508815 0.119331 0)
(-0.11046 0.0705458 0)
(-0.166942 0.0268279 0)
(-0.217489 -0.0145087 0)
(-0.263675 -0.0492278 0)
(-0.307542 -0.0825388 0)
(-0.348019 -0.108911 0)
(-0.382508 -0.136577 0)
(-0.414188 -0.159307 0)
(-0.436848 -0.176173 0)
(0.0530316 1.30213 0)
(0.195783 1.2871 0)
(0.293511 1.15888 0)
(0.345614 1.04823 0)
(0.364953 0.914001 0)
(0.348713 0.800126 0)
(0.319435 0.685039 0)
(0.267728 0.588557 0)
(0.213192 0.496865 0)
(0.147627 0.420014 0)
(0.0853934 0.349486 0)
(0.01957 0.287284 0)
(-0.0421859 0.229439 0)
(-0.103724 0.176704 0)
(-0.16015 0.128478 0)
(-0.215396 0.0830211 0)
(-0.265836 0.040315 0)
(-0.312049 -0.00190892 0)
(-0.352015 -0.0427428 0)
(-0.386112 -0.0770513 0)
(-0.415342 -0.107802 0)
(-0.437789 -0.134272 0)
(-0.460144 -0.152691 0)
(0.0338072 1.20186 0)
(0.133568 1.18699 0)
(0.198876 1.09618 0)
(0.23846 1.01583 0)
(0.252529 0.910284 0)
(0.241472 0.817235 0)
(0.217016 0.717942 0)
(0.175706 0.634077 0)
(0.129763 0.549954 0)
(0.0744852 0.480363 0)
(0.0198303 0.411228 0)
(-0.0387258 0.352525 0)
(-0.0951111 0.293177 0)
(-0.152225 0.238876 0)
(-0.205587 0.184382 0)
(-0.257374 0.133995 0)
(-0.30437 0.0842621 0)
(-0.348453 0.038243 0)
(-0.388123 -0.00643927 0)
(-0.425407 -0.0445206 0)
(-0.456495 -0.0830155 0)
(-0.48805 -0.113745 0)
(-0.514285 -0.141292 0)
(0.0233464 1.13376 0)
(0.0907293 1.11999 0)
(0.132107 1.05372 0)
(0.15859 0.9936 0)
(0.166733 0.910963 0)
(0.156463 0.835311 0)
(0.134053 0.750834 0)
(0.0978488 0.675673 0)
(0.055007 0.597991 0)
(0.00466715 0.529782 0)
(-0.0480533 0.462435 0)
(-0.103465 0.401925 0)
(-0.157696 0.342529 0)
(-0.211418 0.286675 0)
(-0.262443 0.233139 0)
(-0.31187 0.181122 0)
(-0.35771 0.130976 0)
(-0.400965 0.0810095 0)
(-0.441853 0.0339035 0)
(-0.481358 -0.00963444 0)
(-0.522361 -0.0454318 0)
(-0.562313 -0.077214 0)
(-0.60691 -0.0995699 0)
(0.0128713 1.08754 0)
(0.0574421 1.07747 0)
(0.0802254 1.02851 0)
(0.0949385 0.980894 0)
(0.0946927 0.912938 0)
(0.0822271 0.850098 0)
(0.0595401 0.777434 0)
(0.0269979 0.713754 0)
(-0.0120645 0.644324 0)
(-0.0576541 0.584382 0)
(-0.106668 0.520788 0)
(-0.158256 0.46331 0)
(-0.210217 0.402758 0)
(-0.262399 0.344871 0)
(-0.313184 0.286547 0)
(-0.362816 0.230476 0)
(-0.410522 0.174959 0)
(-0.457856 0.123498 0)
(-0.506269 0.0754052 0)
(-0.559198 0.0370871 0)
(-0.614319 -0.000693784 0)
(-0.671988 -0.0284494 0)
(-0.707934 -0.0682494 0)
(0.00296973 1.06317 0)
(0.0288082 1.05206 0)
(0.038147 1.01624 0)
(0.0438521 0.97888 0)
(0.0365832 0.923859 0)
(0.0200947 0.870436 0)
(-0.00560494 0.806307 0)
(-0.0400057 0.7473 0)
(-0.0796608 0.682846 0)
(-0.126022 0.624374 0)
(-0.173833 0.563143 0)
(-0.224702 0.505343 0)
(-0.275172 0.446596 0)
(-0.32694 0.389323 0)
(-0.378158 0.333401 0)
(-0.430501 0.278061 0)
(-0.483087 0.225976 0)
(-0.540444 0.176345 0)
(-0.601888 0.135484 0)
(-0.667879 0.0979707 0)
(-0.728237 0.0676155 0)
(-0.762288 0.0163888 0)
(-0.769227 -0.0524838 0)
(-0.0019944 1.05554 0)
(0.00710619 1.04182 0)
(0.00371648 1.01346 0)
(0.000501101 0.982217 0)
(-0.0132669 0.936939 0)
(-0.0327514 0.892357 0)
(-0.0601438 0.838078 0)
(-0.0943019 0.788195 0)
(-0.133849 0.731152 0)
(-0.178946 0.679206 0)
(-0.226429 0.620495 0)
(-0.276981 0.565524 0)
(-0.32842 0.506268 0)
(-0.382403 0.44891 0)
(-0.437799 0.391458 0)
(-0.497167 0.336472 0)
(-0.560798 0.286119 0)
(-0.630301 0.243428 0)
(-0.704927 0.203826 0)
(-0.769479 0.164572 0)
(-0.799522 0.0947772 0)
(-0.80159 0.0127321 0)
(-0.795779 -0.0662851 0)
(-0.00462156 1.05827 0)
(-0.00872436 1.04648 0)
(-0.022477 1.02315 0)
(-0.035558 0.996037 0)
(-0.0570923 0.957569 0)
(-0.0828042 0.917554 0)
(-0.115244 0.868379 0)
(-0.153594 0.821255 0)
(-0.195445 0.768001 0)
(-0.242728 0.717156 0)
(-0.290424 0.661586 0)
(-0.343702 0.607367 0)
(-0.39647 0.552231 0)
(-0.455599 0.498594 0)
(-0.516169 0.448404 0)
(-0.585586 0.401048 0)
(-0.6592 0.3597 0)
(-0.739528 0.320494 0)
(-0.803876 0.27554 0)
(-0.825963 0.192558 0)
(-0.823431 0.0997075 0)
(-0.815325 0.0124717 0)
(-0.808675 -0.0632721 0)
(-0.00838488 1.0687 0)
(-0.0218779 1.05944 0)
(-0.0432428 1.04031 0)
(-0.0639688 1.01663 0)
(-0.0910472 0.984322 0)
(-0.120696 0.950481 0)
(-0.156236 0.909204 0)
(-0.196418 0.868603 0)
(-0.24032 0.820827 0)
(-0.288722 0.774649 0)
(-0.339236 0.722273 0)
(-0.394876 0.672333 0)
(-0.452531 0.619271 0)
(-0.517559 0.569584 0)
(-0.587383 0.522639 0)
(-0.66754 0.480513 0)
(-0.751738 0.440955 0)
(-0.821509 0.389143 0)
(-0.841825 0.290835 0)
(-0.839313 0.184134 0)
(-0.833164 0.084463 0)
(-0.825263 -0.00236207 0)
(-0.821308 -0.0728842 0)
(-0.0123768 1.08903 0)
(-0.0345392 1.08179 0)
(-0.0629993 1.06588 0)
(-0.0915501 1.04438 0)
(-0.125912 1.01506 0)
(-0.162444 0.983299 0)
(-0.203869 0.94491 0)
(-0.24897 0.90586 0)
(-0.296706 0.861073 0)
(-0.35013 0.816446 0)
(-0.404759 0.768354 0)
(-0.467913 0.720853 0)
(-0.532271 0.675381 0)
(-0.606922 0.633666 0)
(-0.685611 0.599068 0)
(-0.770709 0.565842 0)
(-0.839043 0.514748 0)
(-0.856449 0.410804 0)
(-0.849522 0.293515 0)
(-0.843727 0.183972 0)
(-0.831819 0.0856864 0)
(-0.825943 0.000706121 0)
(-0.815743 -0.0699425 0)
(-0.0156588 1.11546 0)
(-0.0451038 1.10986 0)
(-0.0787042 1.09724 0)
(-0.112563 1.07932 0)
(-0.150957 1.05523 0)
(-0.191382 1.02833 0)
(-0.236004 0.995935 0)
(-0.283745 0.961572 0)
(-0.334708 0.922443 0)
(-0.390096 0.88318 0)
(-0.449118 0.840817 0)
(-0.515191 0.800673 0)
(-0.587393 0.759372 0)
(-0.670361 0.72386 0)
(-0.758354 0.687473 0)
(-0.833647 0.634649 0)
(-0.856646 0.52724 0)
(-0.849751 0.399347 0)
(-0.848032 0.278165 0)
(-0.836296 0.165839 0)
(-0.829521 0.0665509 0)
(-0.811447 -0.0190894 0)
(-0.793486 -0.0961817 0)
(-0.0194763 1.15065 0)
(-0.0569547 1.14571 0)
(-0.0977112 1.13431 0)
(-0.13889 1.11752 0)
(-0.184338 1.09491 0)
(-0.231525 1.06919 0)
(-0.282904 1.03825 0)
(-0.336878 1.00524 0)
(-0.394255 0.968286 0)
(-0.456252 0.93131 0)
(-0.520616 0.894223 0)
(-0.594218 0.859431 0)
(-0.670298 0.831323 0)
(-0.756679 0.805187 0)
(-0.833789 0.763243 0)
(-0.864139 0.664769 0)
(-0.855322 0.530907 0)
(-0.851918 0.402682 0)
(-0.836381 0.28027 0)
(-0.822062 0.165879 0)
(-0.798388 0.0612161 0)
(-0.772108 -0.0350214 0)
(-0.736119 -0.120096 0)
(-0.0220515 1.19162 0)
(-0.0651941 1.18783 0)
(-0.110198 1.17901 0)
(-0.155777 1.1657 0)
(-0.20448 1.14787 0)
(-0.255103 1.12686 0)
(-0.309349 1.10158 0)
(-0.366717 1.0732 0)
(-0.428211 1.04242 0)
(-0.494058 1.01022 0)
(-0.565349 0.979634 0)
(-0.642128 0.951483 0)
(-0.729715 0.922923 0)
(-0.813703 0.888056 0)
(-0.856081 0.796012 0)
(-0.848659 0.655651 0)
(-0.844739 0.515226 0)
(-0.831416 0.37933 0)
(-0.812574 0.247849 0)
(-0.78818 0.126685 0)
(-0.757752 0.0158047 0)
(-0.722513 -0.0825418 0)
(-0.685167 -0.170011 0)
(-0.0260527 1.23909 0)
(-0.0773633 1.23507 0)
(-0.130366 1.2261 0)
(-0.18377 1.21289 0)
(-0.240257 1.19533 0)
(-0.297917 1.17496 0)
(-0.359465 1.15076 0)
(-0.42282 1.12476 0)
(-0.491321 1.09636 0)
(-0.562233 1.06883 0)
(-0.638398 1.04304 0)
(-0.719903 1.02389 0)
(-0.800786 1.00353 0)
(-0.853171 0.932375 0)
(-0.848391 0.79785 0)
(-0.838513 0.654045 0)
(-0.823472 0.513776 0)
(-0.798095 0.371313 0)
(-0.770351 0.237605 0)
(-0.736466 0.111779 0)
(-0.701975 -0.00382311 0)
(-0.662208 -0.107104 0)
(-0.621815 -0.200143 0)
(-0.0277525 1.29478 0)
(-0.0830168 1.29198 0)
(-0.139444 1.28537 0)
(-0.196614 1.27559 0)
(-0.256014 1.26232 0)
(-0.317071 1.2464 0)
(-0.381366 1.2272 0)
(-0.44868 1.20577 0)
(-0.520548 1.18293 0)
(-0.597185 1.15843 0)
(-0.677911 1.13866 0)
(-0.762035 1.11535 0)
(-0.829907 1.05766 0)
(-0.838918 0.935697 0)
(-0.826371 0.781732 0)
(-0.814477 0.629855 0)
(-0.789673 0.474119 0)
(-0.760078 0.324724 0)
(-0.727686 0.184965 0)
(-0.690731 0.0566187 0)
(-0.651752 -0.059827 0)
(-0.61015 -0.164317 0)
(-0.566491 -0.257972 0)
(-0.0330549 1.35105 0)
(-0.0984076 1.34795 0)
(-0.164244 1.34075 0)
(-0.229587 1.33034 0)
(-0.297231 1.31651 0)
(-0.365587 1.30084 0)
(-0.43668 1.28275 0)
(-0.508489 1.26423 0)
(-0.58517 1.24499 0)
(-0.662148 1.2263 0)
(-0.741932 1.20778 0)
(-0.812119 1.17572 0)
(-0.838981 1.08013 0)
(-0.824552 0.928571 0)
(-0.806378 0.773511 0)
(-0.779769 0.617737 0)
(-0.742267 0.460171 0)
(-0.70689 0.310214 0)
(-0.665813 0.169294 0)
(-0.627175 0.0368295 0)
(-0.58505 -0.0834826 0)
(-0.542277 -0.191558 0)
(-0.499096 -0.289845 0)
(-0.0334369 1.42659 0)
(-0.1001 1.42368 0)
(-0.167479 1.41721 0)
(-0.235941 1.4094 0)
(-0.306236 1.39948 0)
(-0.377711 1.38713 0)
(-0.451702 1.37173 0)
(-0.527399 1.35582 0)
(-0.606255 1.33865 0)
(-0.686693 1.31692 0)
(-0.765625 1.2908 0)
(-0.820268 1.21418 0)
(-0.814856 1.07085 0)
(-0.796873 0.903067 0)
(-0.774015 0.736397 0)
(-0.739623 0.564423 0)
(-0.702257 0.399714 0)
(-0.663658 0.24628 0)
(-0.624284 0.103375 0)
(-0.580489 -0.0262614 0)
(-0.540058 -0.146533 0)
(-0.493052 -0.252271 0)
(-0.45048 -0.349905 0)
(-0.0396727 1.48488 0)
(-0.118261 1.48231 0)
(-0.197437 1.47671 0)
(-0.275994 1.46896 0)
(-0.354649 1.45788 0)
(-0.433986 1.44578 0)
(-0.513877 1.43175 0)
(-0.593637 1.41819 0)
(-0.673354 1.40342 0)
(-0.74618 1.38502 0)
(-0.80872 1.34063 0)
(-0.818133 1.22353 0)
(-0.798961 1.05629 0)
(-0.768368 0.887544 0)
(-0.733452 0.716644 0)
(-0.68692 0.546816 0)
(-0.64802 0.385384 0)
(-0.600688 0.233511 0)
(-0.561228 0.0875719 0)
(-0.513576 -0.0461195 0)
(-0.473776 -0.169663 0)
(-0.428083 -0.279948 0)
(-0.386389 -0.37873 0)
(-0.0393884 1.58672 0)
(-0.116983 1.58383 0)
(-0.195913 1.57748 0)
(-0.274361 1.56932 0)
(-0.35458 1.56057 0)
(-0.435546 1.54945 0)
(-0.51739 1.5346 0)
(-0.600016 1.51821 0)
(-0.679176 1.49444 0)
(-0.753904 1.45451 0)
(-0.800961 1.36511 0)
(-0.787489 1.20574 0)
(-0.765157 1.02089 0)
(-0.732007 0.836909 0)
(-0.692638 0.653475 0)
(-0.649293 0.477031 0)
(-0.608913 0.311233 0)
(-0.564295 0.15702 0)
(-0.522162 0.0137961 0)
(-0.476993 -0.116137 0)
(-0.433352 -0.234353 0)
(-0.389648 -0.342 0)
(-0.348689 -0.439238 0)
(-0.046351 1.63887 0)
(-0.13843 1.63652 0)
(-0.230393 1.63157 0)
(-0.321381 1.62494 0)
(-0.411184 1.61605 0)
(-0.499448 1.60577 0)
(-0.586188 1.59347 0)
(-0.668945 1.57786 0)
(-0.741476 1.55485 0)
(-0.794904 1.50575 0)
(-0.802819 1.37223 0)
(-0.774141 1.18679 0)
(-0.73678 1.0009 0)
(-0.693205 0.815311 0)
(-0.645739 0.635125 0)
(-0.598439 0.464388 0)
(-0.551593 0.302215 0)
(-0.503375 0.148488 0)
(-0.457906 0.00217401 0)
(-0.414762 -0.133278 0)
(-0.374726 -0.255234 0)
(-0.332654 -0.362995 0)
(-0.296234 -0.462182 0)
(-0.0452422 1.77811 0)
(-0.134509 1.77469 0)
(-0.224512 1.7672 0)
(-0.312998 1.75702 0)
(-0.403041 1.7457 0)
(-0.491622 1.73104 0)
(-0.578751 1.71015 0)
(-0.660903 1.67862 0)
(-0.73539 1.62475 0)
(-0.779393 1.51853 0)
(-0.762621 1.34592 0)
(-0.738412 1.13934 0)
(-0.701203 0.938891 0)
(-0.659772 0.743955 0)
(-0.614181 0.556314 0)
(-0.567569 0.380047 0)
(-0.520969 0.213179 0)
(-0.474691 0.0602482 0)
(-0.42923 -0.0777663 0)
(-0.384531 -0.20226 0)
(-0.34734 -0.319298 0)
(-0.306544 -0.423404 0)
(-0.273034 -0.520671 0)
(-0.0527484 1.80987 0)
(-0.157929 1.80722 0)
(-0.262166 1.80154 0)
(-0.365887 1.79494 0)
(-0.466656 1.78631 0)
(-0.563119 1.77401 0)
(-0.653748 1.75645 0)
(-0.734132 1.72925 0)
(-0.791346 1.67008 0)
(-0.799568 1.5301 0)
(-0.76707 1.33087 0)
(-0.723019 1.12544 0)
(-0.676089 0.923568 0)
(-0.622636 0.729772 0)
(-0.571386 0.545162 0)
(-0.517712 0.373417 0)
(-0.467234 0.211864 0)
(-0.418073 0.0590727 0)
(-0.379 -0.0855475 0)
(-0.339066 -0.212872 0)
(-0.306558 -0.330693 0)
(-0.268699 -0.434768 0)
(-0.238183 -0.532812 0)
(-0.0552478 2.0051 0)
(-0.164822 2.00051 0)
(-0.27281 1.991 0)
(-0.377909 1.977 0)
(-0.477434 1.95751 0)
(-0.569898 1.93105 0)
(-0.652767 1.89194 0)
(-0.720788 1.82471 0)
(-0.759858 1.69528 0)
(-0.754223 1.49631 0)
(-0.729121 1.26807 0)
(-0.69163 1.04633 0)
(-0.649061 0.835158 0)
(-0.60109 0.63575 0)
(-0.552944 0.447371 0)
(-0.500774 0.271982 0)
(-0.449513 0.109651 0)
(-0.39642 -0.0316377 0)
(-0.357245 -0.160329 0)
(-0.319621 -0.278347 0)
(-0.28973 -0.39346 0)
(-0.254317 -0.495827 0)
(-0.225854 -0.593443 0)
(0.327144 0.288475 0)
(0.00526635 0.0980232 0)
(0.25259 0.0101839 0)
(-0.0969804 0.273945 0)
(0.214126 0.270698 0)
(0.124001 0.0894293 0)
(0.0883107 0.173809 0)
(-0.223733 0.668999 0)
(0.0038017 0.294363 0)
(-0.143334 0.37334 0)
(-0.281325 0.735763 0)
(-0.491623 1.03028 0)
(-0.490979 0.518589 0)
(-0.631871 0.700916 0)
(-0.679749 0.915625 0)
(-0.724439 1.05787 0)
(-0.701475 0.618147 0)
(-0.737421 0.77749 0)
(-0.736494 0.926557 0)
(-0.731548 1.05065 0)
(-0.676084 0.620435 0)
(-0.649976 0.776056 0)
(-0.633528 0.905112 0)
(-0.584156 1.00816 0)
(-0.556001 0.559218 0)
(-0.504562 0.684294 0)
(-0.47752 0.78787 0)
(-0.408009 0.841184 0)
(-0.594061 0.452508 0)
(-0.323708 0.609886 0)
(-0.166189 0.703499 0)
(-0.106821 0.733768 0)
(-0.491816 -0.466611 0)
(-0.275602 -0.255236 0)
(0.0403604 0.332824 0)
(0.283163 0.626903 0)
(-0.679819 -0.472383 0)
(-0.666062 -0.488601 0)
(-0.557103 -0.44864 0)
(-0.310784 -0.366288 0)
(-0.638043 -0.516356 0)
(-0.628116 -0.510479 0)
(-0.623184 -0.457429 0)
(-0.605425 -0.425481 0)
(-0.695288 -0.524099 0)
(-0.58298 -0.514016 0)
(-0.482964 -0.497857 0)
(-0.411434 -0.462919 0)
(-0.620675 -0.899684 0)
(-0.613748 -0.963463 0)
(-0.597118 -0.820796 0)
(-0.576361 -0.609862 0)
(-0.509246 -0.52204 0)
(-0.621685 -0.552111 0)
(-0.727401 -0.604559 0)
(-0.760331 -0.644912 0)
(-0.51238 -0.484012 0)
(-0.555946 -0.499114 0)
(-0.618459 -0.505405 0)
(-0.699756 -0.459383 0)
(-0.514108 -0.332254 0)
(-0.563866 -0.321165 0)
(-0.629472 -0.306813 0)
(-0.686064 -0.279821 0)
(-0.470002 -0.27112 0)
(-0.49734 -0.256953 0)
(-0.51886 -0.240785 0)
(-0.549046 -0.211025 0)
(-0.460778 -0.223975 0)
(-0.476877 -0.21332 0)
(-0.493691 -0.199433 0)
(-0.505235 -0.183688 0)
(-0.451903 -0.195512 0)
(-0.463156 -0.18885 0)
(-0.465741 -0.17967 0)
(-0.473431 -0.170259 0)
(-0.451334 -0.180607 0)
(-0.457387 -0.180791 0)
(-0.461619 -0.179198 0)
(-0.460626 -0.179171 0)
(-0.468064 -0.164106 0)
(-0.47404 -0.167916 0)
(-0.47272 -0.173253 0)
(-0.475153 -0.176841 0)
(-0.534457 -0.157382 0)
(-0.541679 -0.168499 0)
(-0.548847 -0.177817 0)
(-0.549677 -0.188844 0)
(-0.626645 -0.122029 0)
(-0.636775 -0.138232 0)
(-0.640848 -0.156662 0)
(-0.644694 -0.173919 0)
(-0.716469 -0.109473 0)
(-0.718739 -0.136264 0)
(-0.717974 -0.161892 0)
(-0.71692 -0.18598 0)
(-0.764978 -0.105949 0)
(-0.763978 -0.135595 0)
(-0.761347 -0.160994 0)
(-0.763454 -0.181434 0)
(-0.792267 -0.117722 0)
(-0.793129 -0.142844 0)
(-0.793856 -0.16361 0)
(-0.797552 -0.181483 0)
(-0.808479 -0.1093 0)
(-0.810295 -0.132113 0)
(-0.810769 -0.152084 0)
(-0.813021 -0.170089 0)
(-0.81919 -0.114723 0)
(-0.817946 -0.137281 0)
(-0.814503 -0.158528 0)
(-0.810678 -0.179658 0)
(-0.806264 -0.114879 0)
(-0.797704 -0.141711 0)
(-0.786901 -0.167568 0)
(-0.77496 -0.193707 0)
(-0.769594 -0.146676 0)
(-0.755479 -0.178299 0)
(-0.737283 -0.207754 0)
(-0.720382 -0.23792 0)
(-0.708891 -0.177061 0)
(-0.689363 -0.209856 0)
(-0.670108 -0.241777 0)
(-0.649461 -0.272453 0)
(-0.653398 -0.226376 0)
(-0.633756 -0.261082 0)
(-0.611393 -0.293614 0)
(-0.590366 -0.32703 0)
(-0.587809 -0.261404 0)
(-0.566361 -0.298362 0)
(-0.543267 -0.333238 0)
(-0.520775 -0.367598 0)
(-0.532028 -0.319603 0)
(-0.510008 -0.356632 0)
(-0.486969 -0.391722 0)
(-0.464239 -0.426456 0)
(-0.464525 -0.354114 0)
(-0.443196 -0.393035 0)
(-0.420206 -0.429386 0)
(-0.39836 -0.465324 0)
(-0.415573 -0.413599 0)
(-0.394918 -0.452201 0)
(-0.372467 -0.488421 0)
(-0.351573 -0.524262 0)
(-0.352953 -0.444083 0)
(-0.333354 -0.483252 0)
(-0.311788 -0.519969 0)
(-0.292373 -0.556441 0)
(-0.316163 -0.502771 0)
(-0.297745 -0.541488 0)
(-0.276894 -0.57737 0)
(-0.258871 -0.613541 0)
(-0.265216 -0.525587 0)
(-0.248452 -0.564691 0)
(-0.228578 -0.600514 0)
(-0.211967 -0.636889 0)
(-0.243697 -0.583349 0)
(-0.228056 -0.621971 0)
(-0.209353 -0.657584 0)
(-0.193664 -0.693485 0)
(-0.210235 -0.59569 0)
(-0.195572 -0.634497 0)
(-0.177601 -0.670246 0)
(-0.162702 -0.706271 0)
(-0.199784 -0.656882 0)
(-0.185893 -0.695686 0)
(-0.169127 -0.731975 0)
(-0.154814 -0.768003 0)
(-0.224733 1.42104 0)
(-0.0291328 0.851558 0)
(0.0634957 0.450048 0)
(0.465405 -0.0559347 0)
(0.404343 -0.273082 0)
(0.269032 -0.0242708 0)
(0.109447 0.0744958 0)
(0.00935035 0.0397728 0)
(-0.239673 -0.286855 0)
(-0.41958 -0.496259 0)
(-0.496072 -0.630135 0)
(-0.56102 -0.66472 0)
(-0.632689 -0.540991 0)
(-0.752837 -0.0868589 0)
(-0.770694 0.0792109 0)
(-0.754464 0.0562519 0)
(-0.712932 0.143774 0)
(-0.475058 0.113877 0)
(-0.23074 -0.112431 0)
(-0.29223 1.3511 0)
(-0.0309946 0.752874 0)
(-0.0734889 0.107007 0)
(0.15623 -0.359878 0)
(-0.217463 -0.077904 0)
(-0.152658 0.0651737 0)
(-0.235833 0.23342 0)
(-0.241641 0.247209 0)
(-0.47461 0.00821959 0)
(-0.586623 -0.393845 0)
(-0.69544 -0.573945 0)
(-0.76316 -0.606315 0)
(-0.847299 -0.450861 0)
(-0.890935 -0.0206768 0)
(-0.871406 0.0770329 0)
(-0.878469 0.114648 0)
(-0.759474 0.0160892 0)
(-0.388008 -0.313168 0)
(-0.145572 -0.487011 0)
(-0.437222 1.26702 0)
(-0.340889 0.655992 0)
(-0.495679 0.279879 0)
(-0.774652 0.0870899 0)
(-0.815152 -0.0217952 0)
(-0.681842 0.0217503 0)
(-0.612896 0.14835 0)
(-0.572736 0.255928 0)
(-0.623017 0.0216971 0)
(-0.728071 -0.298104 0)
(-0.88004 -0.470398 0)
(-0.921776 -0.528448 0)
(-1.00631 -0.423079 0)
(-0.87289 -0.0620488 0)
(-0.680004 0.0691839 0)
(-0.54431 -0.044244 0)
(-0.337941 -0.297242 0)
(-0.183179 -0.443322 0)
(-0.0490827 -0.597072 0)
(-0.659563 1.18986 0)
(-0.712106 0.828777 0)
(-0.948648 0.467297 0)
(-0.903023 -0.0420421 0)
(-0.805107 -0.169793 0)
(-0.621392 -0.12048 0)
(-0.377028 0.138787 0)
(-0.339513 0.255896 0)
(-0.449924 0.150336 0)
(-0.656558 -0.160647 0)
(-0.999119 -0.402646 0)
(-1.00432 -0.49271 0)
(-0.948023 -0.495374 0)
(-0.806097 -0.322143 0)
(-0.509107 -0.220843 0)
(-0.305147 -0.195643 0)
(-0.135357 -0.309954 0)
(-0.278456 -0.575358 0)
(-0.284352 -0.691893 0)
(-0.701069 1.21995 0)
(-0.657517 0.91818 0)
(-0.820745 0.433961 0)
(-0.819409 -0.0413277 0)
(-0.696514 -0.279243 0)
(-0.498484 -0.363668 0)
(-0.231674 -0.113294 0)
(0.103127 0.323823 0)
(0.133969 0.308118 0)
(0.448327 0.199012 0)
(0.31583 -0.0380354 0)
(-0.543063 -0.566395 0)
(-0.720758 -0.602247 0)
(-0.600369 -0.457011 0)
(-0.465071 -0.383632 0)
(-0.389856 -0.38289 0)
(-0.788139 -0.318154 0)
(-1.20115 -0.300831 0)
(-0.213474 -1.11654 0)
(-0.505868 1.11751 0)
(-0.176927 0.945332 0)
(-0.544088 0.620889 0)
(-0.761024 -0.153968 0)
(-0.615843 -0.460816 0)
(-0.430843 -0.541867 0)
(-0.279006 -0.404605 0)
(-0.0493491 -0.0752986 0)
(0.29703 -0.163472 0)
(0.596061 -0.247177 0)
(0.764637 0.105569 0)
(0.548193 0.523 0)
(0.0107685 -0.411988 0)
(-0.463159 -0.554789 0)
(-1.09708 -0.39307 0)
(-1.87533 0.118065 0)
(-1.74803 0.396403 0)
(-0.899341 -1.11381 0)
(-0.264956 -1.96057 0)
(-0.310254 0.825825 0)
(0.126035 0.938725 0)
(-0.223803 0.973398 0)
(-0.623996 0.0833606 0)
(-0.330244 -0.580549 0)
(-0.0947461 -0.667682 0)
(-0.204609 -0.45812 0)
(-0.0951182 -0.197879 0)
(-0.113195 -0.278458 0)
(0.0955587 -0.243751 0)
(0.069482 0.132272 0)
(0.290184 0.157261 0)
(0.613392 0.208647 0)
(0.0520035 0.527827 0)
(-0.299425 0.861531 0)
(-1.42182 0.165177 0)
(-0.741019 -1.14717 0)
(-0.445751 -1.65032 0)
(-0.0232351 -2.17561 0)
(-0.0265247 0.599451 0)
(0.223699 0.863837 0)
(-0.0137194 1.32823 0)
(-0.166957 -0.340952 0)
(-0.193727 -0.820563 0)
(0.10751 -0.705078 0)
(-0.181783 -0.42023 0)
(0.209389 -0.157055 0)
(-0.15573 -0.310918 0)
(-0.200071 -0.429236 0)
(0.279159 -0.0158242 0)
(0.365789 -0.0204367 0)
(0.413458 -0.10475 0)
(0.393564 0.219536 0)
(-0.131565 1.02295 0)
(0.110183 0.509569 0)
(0.000965577 -0.486557 0)
(-0.199753 -1.75248 0)
(-0.0922079 -2.38392 0)
(0.694626 0.594473 0)
(0.587321 0.92621 0)
(0.0552434 1.3166 0)
(0.632907 0.482448 0)
(0.355629 -0.873873 0)
(0.175144 -0.634013 0)
(0.161471 -0.594454 0)
(0.259697 -0.174268 0)
(0.465473 0.0440148 0)
(0.174427 -0.625305 0)
(0.274236 -0.39233 0)
(0.140573 0.0385762 0)
(0.134208 0.175979 0)
(-0.402178 1.01891 0)
(-0.506421 1.09194 0)
(0.00878656 0.0591334 0)
(0.462971 -0.869074 0)
(0.168948 -1.57752 0)
(-0.0466502 -2.43295 0)
(0.12505 -0.0356401 0)
(0.717387 1.47005 0)
(0.30625 1.2761 0)
(1.11603 -0.690036 0)
(0.242329 -0.330176 0)
(0.192366 -0.548287 0)
(0.118447 -0.517126 0)
(-0.00995618 -0.418853 0)
(-0.214025 -0.221097 0)
(-0.22385 -0.256012 0)
(-0.671611 0.00220271 0)
(-0.56913 0.101261 0)
(-0.806075 0.391893 0)
(-0.910975 0.829051 0)
(-0.184401 0.654157 0)
(0.316738 -0.371128 0)
(0.526506 -0.634734 0)
(0.265002 -1.2817 0)
(0.167492 -2.28539 0)
(-0.553844 -0.364155 0)
(-0.366107 0.648434 0)
(1.18483 1.0064 0)
(0.522598 0.493059 0)
(0.0595323 -0.0648147 0)
(0.183191 -0.517433 0)
(-0.227357 -0.425782 0)
(-1.0761 0.180442 0)
(-1.39461 0.17094 0)
(-1.5554 -0.171859 0)
(-1.65883 -0.0850231 0)
(-1.48133 0.182642 0)
(-1.40983 0.466803 0)
(-0.902688 0.435039 0)
(-0.143281 -0.0216122 0)
(0.140215 -0.583494 0)
(0.282909 -0.818974 0)
(0.327226 -1.25643 0)
(0.174703 -2.03782 0)
(-0.390366 -0.263296 0)
(-0.328139 -0.0232093 0)
(0.00123828 0.459659 0)
(0.219909 0.391797 0)
(0.243832 -0.0365799 0)
(0.166873 -0.282058 0)
(-0.967973 0.611489 0)
(-1.29983 0.631237 0)
(-1.49311 0.216837 0)
(-1.52455 -0.0134521 0)
(-1.63078 -0.079145 0)
(-1.37241 -0.122362 0)
(-1.06608 -0.127726 0)
(-0.504017 -0.29261 0)
(-0.0225085 -0.309167 0)
(0.162429 -0.742362 0)
(0.278904 -0.812773 0)
(0.276988 -1.17906 0)
(0.165448 -1.83553 0)
(-0.443369 -0.446593 0)
(-0.277509 0.241951 0)
(-0.261202 0.51432 0)
(-0.0787978 0.262356 0)
(-0.196839 -0.0186995 0)
(-0.813084 0.584458 0)
(-1.14715 0.878601 0)
(-1.13266 0.684793 0)
(-1.22229 0.347007 0)
(-1.15048 -0.0342773 0)
(-1.04617 -0.228159 0)
(-0.826538 -0.326495 0)
(-0.556611 -0.327012 0)
(-0.341133 -0.520838 0)
(-0.0158327 -0.622804 0)
(0.165114 -0.857882 0)
(0.229118 -0.92133 0)
(0.28921 -1.1537 0)
(0.125027 -1.63691 0)
(-0.842467 -0.600907 0)
(-0.739894 -0.169389 0)
(-0.439891 0.28227 0)
(-0.43928 0.341751 0)
(-0.7764 0.603588 0)
(-0.968435 0.605366 0)
(-0.910175 0.891638 0)
(-0.882426 0.70341 0)
(-0.846127 0.231554 0)
(-0.650642 -0.164222 0)
(-0.487087 -0.379297 0)
(-0.363622 -0.553468 0)
(-0.134661 -0.57164 0)
(0.0142821 -0.764606 0)
(0.172249 -0.778922 0)
(0.254507 -0.951762 0)
(0.266968 -0.932181 0)
(0.266835 -1.08012 0)
(0.103474 -1.46328 0)
(-0.846503 -0.414884 0)
(-1.06822 -0.14145 0)
(-0.931382 0.24788 0)
(-0.952966 0.544132 0)
(-0.909217 0.480573 0)
(-0.801174 0.693102 0)
(-0.724125 0.794146 0)
(-0.524495 0.636554 0)
(-0.411478 0.128295 0)
(-0.168674 -0.355123 0)
(0.0347234 -0.492633 0)
(0.10818 -0.644559 0)
(0.237322 -0.674495 0)
(0.293889 -0.799174 0)
(0.327381 -0.843038 0)
(0.341598 -0.942267 0)
(0.285714 -0.934313 0)
(0.259466 -1.00437 0)
(0.0947915 -1.30227 0)
(-0.792391 -0.224809 0)
(-0.924201 -0.0784107 0)
(-0.94918 0.171896 0)
(-0.82136 0.341951 0)
(-0.716495 0.453487 0)
(-0.612297 0.453954 0)
(-0.388671 0.633823 0)
(-0.136879 0.427388 0)
(0.202693 -0.0933944 0)
(0.312334 -0.560523 0)
(0.42688 -0.634945 0)
(0.45557 -0.727397 0)
(0.495304 -0.745156 0)
(0.506235 -0.835416 0)
(0.474493 -0.829945 0)
(0.431255 -0.90627 0)
(0.342201 -0.862917 0)
(0.247987 -0.903591 0)
(0.0944946 -1.14394 0)
(-0.57033 -0.155274 0)
(-0.630939 -0.00854008 0)
(-0.583229 0.15836 0)
(-0.529892 0.322927 0)
(-0.360522 0.294624 0)
(-0.231753 0.391673 0)
(0.0362655 0.361237 0)
(0.353037 0.104181 0)
(0.652419 -0.279778 0)
(0.670226 -0.557591 0)
(0.687024 -0.626603 0)
(0.677454 -0.705365 0)
(0.666264 -0.724695 0)
(0.631311 -0.779579 0)
(0.564059 -0.777578 0)
(0.479244 -0.821586 0)
(0.351367 -0.769823 0)
(0.235786 -0.779633 0)
(0.0866977 -0.993235 0)
(-0.52033 -0.145901 0)
(-0.509064 -0.0602816 0)
(-0.44046 0.0775157 0)
(-0.294025 0.147512 0)
(-0.115165 0.18028 0)
(0.0602714 0.102053 0)
(0.353452 0.0997645 0)
(0.572916 -0.123768 0)
(0.755855 -0.383117 0)
(0.76985 -0.585707 0)
(0.785805 -0.645114 0)
(0.772121 -0.702096 0)
(0.747905 -0.707359 0)
(0.693914 -0.736888 0)
(0.60564 -0.696899 0)
(0.489271 -0.708807 0)
(0.34467 -0.645789 0)
(0.226123 -0.661509 0)
(0.0816288 -0.852643 0)
(-0.461024 -0.144821 0)
(-0.452935 -0.0841497 0)
(-0.352633 -0.0358166 0)
(-0.233895 0.0259005 0)
(-0.0444911 -0.0262858 0)
(0.12523 -0.0348216 0)
(0.340313 -0.104384 0)
(0.540002 -0.261358 0)
(0.682333 -0.459989 0)
(0.733498 -0.586074 0)
(0.775693 -0.630868 0)
(0.780316 -0.671071 0)
(0.756193 -0.656359 0)
(0.690422 -0.649835 0)
(0.592711 -0.594054 0)
(0.471831 -0.58517 0)
(0.339261 -0.532804 0)
(0.220592 -0.541465 0)
(0.0791806 -0.715408 0)
(-0.458332 -0.170498 0)
(-0.420349 -0.154215 0)
(-0.355376 -0.122385 0)
(-0.239905 -0.126885 0)
(-0.105327 -0.146784 0)
(0.0337539 -0.240802 0)
(0.229675 -0.278461 0)
(0.385966 -0.42791 0)
(0.543096 -0.560547 0)
(0.595791 -0.664822 0)
(0.678635 -0.69042 0)
(0.708389 -0.679881 0)
(0.704851 -0.628982 0)
(0.652642 -0.585272 0)
(0.570146 -0.501892 0)
(0.458582 -0.476504 0)
(0.33288 -0.420152 0)
(0.214992 -0.424371 0)
(0.0763212 -0.581598 0)
(-0.460974 -0.181768 0)
(-0.445162 -0.179539 0)
(-0.371278 -0.198968 0)
(-0.299383 -0.202408 0)
(-0.178129 -0.274272 0)
(-0.0720879 -0.339599 0)
(0.0750589 -0.424064 0)
(0.22333 -0.546529 0)
(0.360111 -0.650734 0)
(0.451824 -0.709958 0)
(0.538031 -0.734008 0)
(0.602519 -0.694801 0)
(0.644572 -0.60728 0)
(0.62704 -0.527232 0)
(0.560578 -0.419732 0)
(0.455628 -0.370065 0)
(0.335265 -0.313422 0)
(0.21317 -0.309271 0)
(0.0746408 -0.452464 0)
(-0.551556 -0.20382 0)
(-0.525454 -0.232208 0)
(-0.487017 -0.255814 0)
(-0.432319 -0.297808 0)
(-0.357749 -0.354333 0)
(-0.282215 -0.465617 0)
(-0.145377 -0.547555 0)
(-0.0245185 -0.681949 0)
(0.122116 -0.768655 0)
(0.233271 -0.821755 0)
(0.356466 -0.828254 0)
(0.445116 -0.773226 0)
(0.528112 -0.653032 0)
(0.570031 -0.506909 0)
(0.542437 -0.348315 0)
(0.452339 -0.270802 0)
(0.340218 -0.201669 0)
(0.212808 -0.187219 0)
(0.0728092 -0.32108 0)
(-0.638599 -0.202941 0)
(-0.630734 -0.239637 0)
(-0.603134 -0.283143 0)
(-0.589004 -0.321093 0)
(-0.538483 -0.410442 0)
(-0.476506 -0.533429 0)
(-0.349633 -0.658019 0)
(-0.227531 -0.790142 0)
(-0.0839778 -0.88483 0)
(0.0354428 -0.923371 0)
(0.177476 -0.92684 0)
(0.288547 -0.85042 0)
(0.388861 -0.72126 0)
(0.45886 -0.539679 0)
(0.488893 -0.314331 0)
(0.420968 -0.18687 0)
(0.321551 -0.0976591 0)
(0.199068 -0.0674 0)
(0.0698238 -0.19471 0)
(-0.713145 -0.219379 0)
(-0.711769 -0.261873 0)
(-0.708686 -0.29481 0)
(-0.711495 -0.353162 0)
(-0.672884 -0.457767 0)
(-0.601845 -0.632905 0)
(-0.483788 -0.77405 0)
(-0.367292 -0.919259 0)
(-0.235242 -1.00717 0)
(-0.119157 -1.05544 0)
(0.0460134 -1.05759 0)
(0.171201 -0.962235 0)
(0.298712 -0.807613 0)
(0.369362 -0.595894 0)
(0.435002 -0.314453 0)
(0.396245 -0.118148 0)
(0.304388 -0.00125351 0)
(0.186932 0.0415838 0)
(0.0689865 -0.077581 0)
(-0.762276 -0.209223 0)
(-0.775655 -0.244558 0)
(-0.775327 -0.283685 0)
(-0.781775 -0.354446 0)
(-0.729714 -0.509906 0)
(-0.660864 -0.705697 0)
(-0.561721 -0.870927 0)
(-0.465439 -1.01622 0)
(-0.350912 -1.11024 0)
(-0.238233 -1.17875 0)
(-0.0684742 -1.1909 0)
(0.0658445 -1.07944 0)
(0.221203 -0.901922 0)
(0.301002 -0.662698 0)
(0.38558 -0.339734 0)
(0.378071 -0.0685008 0)
(0.299534 0.0907121 0)
(0.191393 0.145539 0)
(0.0702792 0.0362611 0)
(-0.800122 -0.209228 0)
(-0.80798 -0.248616 0)
(-0.802809 -0.290065 0)
(-0.794727 -0.392346 0)
(-0.733018 -0.568518 0)
(-0.674857 -0.782719 0)
(-0.596019 -0.951762 0)
(-0.52398 -1.10803 0)
(-0.418327 -1.21293 0)
(-0.313262 -1.30933 0)
(-0.154098 -1.3327 0)
(-0.0139373 -1.22273 0)
(0.167379 -1.02036 0)
(0.258705 -0.743395 0)
(0.353365 -0.384266 0)
(0.364142 -0.039175 0)
(0.302449 0.167441 0)
(0.194893 0.249914 0)
(0.0722942 0.159444 0)
(-0.810061 -0.199022 0)
(-0.809845 -0.242327 0)
(-0.787266 -0.295961 0)
(-0.761363 -0.417755 0)
(-0.697697 -0.618693 0)
(-0.663681 -0.829613 0)
(-0.600033 -1.00776 0)
(-0.547054 -1.17732 0)
(-0.448954 -1.30141 0)
(-0.359438 -1.41831 0)
(-0.217907 -1.46242 0)
(-0.072127 -1.37077 0)
(0.116541 -1.14952 0)
(0.231629 -0.831268 0)
(0.332594 -0.435842 0)
(0.356471 -0.0225012 0)
(0.302403 0.243003 0)
(0.191602 0.353617 0)
(0.0716068 0.277398 0)
(-0.798204 -0.213694 0)
(-0.77527 -0.268662 0)
(-0.732594 -0.334527 0)
(-0.68864 -0.472622 0)
(-0.639554 -0.657578 0)
(-0.621502 -0.870561 0)
(-0.570864 -1.05807 0)
(-0.535638 -1.24401 0)
(-0.445176 -1.38296 0)
(-0.371178 -1.51759 0)
(-0.241046 -1.59269 0)
(-0.094013 -1.52437 0)
(0.0846207 -1.29505 0)
(0.225731 -0.93799 0)
(0.33044 -0.496958 0)
(0.366759 -0.0109456 0)
(0.321429 0.316666 0)
(0.200054 0.45953 0)
(0.0781375 0.397946 0)
(-0.748882 -0.235394 0)
(-0.707692 -0.301562 0)
(-0.652817 -0.374185 0)
(-0.606809 -0.501816 0)
(-0.56261 -0.679162 0)
(-0.536686 -0.891499 0)
(-0.495397 -1.08525 0)
(-0.475996 -1.29094 0)
(-0.401142 -1.45004 0)
(-0.33963 -1.60319 0)
(-0.223504 -1.71329 0)
(-0.0868878 -1.66557 0)
(0.0803878 -1.43939 0)
(0.233873 -1.05414 0)
(0.347797 -0.563919 0)
(0.387767 -0.0147735 0)
(0.344796 0.39328 0)
(0.214897 0.573403 0)
(0.0836598 0.528571 0)
(-0.686257 -0.284673 0)
(-0.636762 -0.355515 0)
(-0.581572 -0.426376 0)
(-0.533163 -0.554136 0)
(-0.486738 -0.721512 0)
(-0.459288 -0.931449 0)
(-0.410753 -1.11342 0)
(-0.398228 -1.32964 0)
(-0.338418 -1.50643 0)
(-0.288227 -1.67864 0)
(-0.188499 -1.82129 0)
(-0.0657443 -1.79893 0)
(0.0960399 -1.5854 0)
(0.252771 -1.17924 0)
(0.371519 -0.635946 0)
(0.417511 -0.00740749 0)
(0.379762 0.473298 0)
(0.234023 0.696421 0)
(0.0926524 0.668408 0)
(-0.614068 -0.322958 0)
(-0.560751 -0.395984 0)
(-0.503439 -0.467398 0)
(-0.450854 -0.587422 0)
(-0.410732 -0.74535 0)
(-0.386771 -0.960053 0)
(-0.334964 -1.13952 0)
(-0.314059 -1.35623 0)
(-0.266477 -1.54889 0)
(-0.219484 -1.73875 0)
(-0.135923 -1.91442 0)
(-0.0195712 -1.92289 0)
(0.133062 -1.72798 0)
(0.293775 -1.30388 0)
(0.416339 -0.713273 0)
(0.463098 -0.0229644 0)
(0.417019 0.559109 0)
(0.260032 0.832717 0)
(0.0992718 0.823772 0)
(-0.550084 -0.378615 0)
(-0.495642 -0.455998 0)
(-0.43543 -0.526481 0)
(-0.378698 -0.63847 0)
(-0.338975 -0.780065 0)
(-0.319861 -1.00072 0)
(-0.270773 -1.17974 0)
(-0.240459 -1.39232 0)
(-0.200901 -1.59221 0)
(-0.156028 -1.79704 0)
(-0.0900625 -2.00227 0)
(0.0236109 -2.04186 0)
(0.15995 -1.86903 0)
(0.325409 -1.43516 0)
(0.456202 -0.788835 0)
(0.50623 -0.00732008 0)
(0.460384 0.657449 0)
(0.28528 0.98427 0)
(0.109598 0.993751 0)
(-0.480763 -0.422469 0)
(-0.424242 -0.499197 0)
(-0.366652 -0.572261 0)
(-0.308236 -0.674312 0)
(-0.265686 -0.797398 0)
(-0.243975 -1.02147 0)
(-0.205591 -1.21024 0)
(-0.166515 -1.41923 0)
(-0.130617 -1.62469 0)
(-0.0808405 -1.83886 0)
(-0.0286068 -2.07702 0)
(0.0824467 -2.14881 0)
(0.204645 -2.00142 0)
(0.371022 -1.57231 0)
(0.509439 -0.877163 0)
(0.565335 -0.0278365 0)
(0.5055 0.759109 0)
(0.31758 1.14957 0)
(0.117772 1.18081 0)
(-0.424545 -0.481548 0)
(-0.369948 -0.560061 0)
(-0.312715 -0.63229 0)
(-0.25726 -0.730792 0)
(-0.208261 -0.838874 0)
(-0.180176 -1.05605 0)
(-0.150578 -1.25043 0)
(-0.107898 -1.46087 0)
(-0.0736071 -1.67009 0)
(-0.0201473 -1.88948 0)
(0.0240571 -2.15022 0)
(0.127481 -2.25236 0)
(0.237408 -2.13022 0)
(0.402063 -1.7106 0)
(0.544676 -0.964236 0)
(0.609988 -0.0029666 0)
(0.545532 0.882333 0)
(0.33952 1.33546 0)
(0.126826 1.38773 0)
(-0.358955 -0.521033 0)
(-0.306796 -0.599561 0)
(-0.251655 -0.672909 0)
(-0.200886 -0.768224 0)
(-0.152079 -0.865699 0)
(-0.117041 -1.07311 0)
(-0.0904279 -1.27445 0)
(-0.0483037 -1.48853 0)
(-0.0142918 -1.70339 0)
(0.0420963 -1.92713 0)
(0.0821493 -2.21044 0)
(0.179599 -2.3417 0)
(0.277195 -2.25015 0)
(0.439193 -1.85095 0)
(0.587474 -1.06571 0)
(0.661316 -0.0301137 0)
(0.581371 1.00367 0)
(0.366206 1.52767 0)
(0.131503 1.60211 0)
(-0.313721 -0.580017 0)
(-0.26421 -0.658372 0)
(-0.209938 -0.729231 0)
(-0.162985 -0.822174 0)
(-0.115057 -0.91574 0)
(-0.0730315 -1.11306 0)
(-0.0464687 -1.31341 0)
(-0.00591231 -1.53065 0)
(0.0263425 -1.75228 0)
(0.0848623 -1.97729 0)
(0.122649 -2.27458 0)
(0.213884 -2.42858 0)
(0.302829 -2.36473 0)
(0.456666 -1.99089 0)
(0.611954 -1.1643 0)
(0.683441 0.003703 0)
(0.597275 1.15074 0)
(0.374506 1.74353 0)
(0.133252 1.83865 0)
(-0.255948 -0.612319 0)
(-0.210969 -0.692208 0)
(-0.159261 -0.762869 0)
(-0.114415 -0.852978 0)
(-0.0698931 -0.945441 0)
(-0.0276738 -1.13414 0)
(0.00221812 -1.33378 0)
(0.0428953 -1.5538 0)
(0.0732502 -1.78455 0)
(0.130496 -2.01417 0)
(0.165408 -2.32673 0)
(0.250149 -2.50498 0)
(0.332068 -2.47022 0)
(0.474891 -2.13222 0)
(0.633311 -1.27196 0)
(0.699772 -0.0188911 0)
(0.60307 1.28197 0)
(0.377187 1.94566 0)
(0.134348 2.05952 0)
(-0.224107 -0.668674 0)
(-0.182044 -0.747568 0)
(-0.133657 -0.818244 0)
(-0.0896341 -0.90476 0)
(-0.0472325 -0.99581 0)
(-0.00497167 -1.17996 0)
(0.0276494 -1.37854 0)
(0.0697868 -1.59619 0)
(0.0977857 -1.83228 0)
(0.155286 -2.0615 0)
(0.185229 -2.38301 0)
(0.260172 -2.5788 0)
(0.334898 -2.56737 0)
(0.457228 -2.26177 0)
(0.611915 -1.36627 0)
(0.67122 0.033992 0)
(0.571399 1.44448 0)
(0.361989 2.17054 0)
(0.123539 2.30348 0)
(-0.178903 -0.692327 0)
(-0.139722 -0.772053 0)
(-0.0936943 -0.844175 0)
(-0.0522921 -0.929234 0)
(-0.0097137 -1.0197 0)
(0.0308798 -1.20002 0)
(0.064046 -1.39938 0)
(0.106516 -1.61584 0)
(0.13396 -1.86035 0)
(0.188003 -2.09257 0)
(0.218809 -2.42074 0)
(0.27906 -2.64092 0)
(0.352481 -2.64886 0)
(0.442369 -2.38605 0)
(0.602523 -1.46795 0)
(0.629402 0.0152212 0)
(0.513236 1.55928 0)
(0.330282 2.34688 0)
(0.110648 2.49477 0)
(-0.162661 -0.748795 0)
(-0.125241 -0.827406 0)
(-0.0824447 -0.900203 0)
(-0.0425936 -0.983619 0)
(-0.00156847 -1.074 0)
(0.0387298 -1.24956 0)
(0.0716323 -1.44962 0)
(0.115359 -1.66202 0)
(0.140976 -1.90806 0)
(0.191134 -2.14027 0)
(0.218966 -2.46692 0)
(0.265811 -2.70018 0)
(0.325266 -2.7147 0)
(0.383837 -2.48615 0)
(0.521797 -1.53252 0)
(0.544702 0.119121 0)
(0.437402 1.71886 0)
(0.279758 2.5397 0)
(0.0912984 2.70657 0)
(-0.132576 -0.761902 0)
(-0.0963831 -0.841015 0)
(-0.0542651 -0.914881 0)
(-0.0157086 -0.998535 0)
(0.0250491 -1.08892 0)
(0.0655203 -1.26224 0)
(0.0985693 -1.46448 0)
(0.142005 -1.67468 0)
(0.168513 -1.92517 0)
(0.214191 -2.15933 0)
(0.240943 -2.48526 0)
(0.275946 -2.73403 0)
(0.327083 -2.75437 0)
(0.357216 -2.564 0)
(0.479173 -1.61791 0)
(0.486608 0.0894072 0)
(0.345172 1.79421 0)
(0.237774 2.65383 0)
(0.0740224 2.82428 0)
(-0.126727 -0.824669 0)
(-0.0913473 -0.903342 0)
(-0.0522197 -0.978782 0)
(-0.0142211 -1.061 0)
(0.0232414 -1.15367 0)
(0.0648287 -1.32208 0)
(0.0964185 -1.5252 0)
(0.140051 -1.73167 0)
(0.167416 -1.97956 0)
(0.208052 -2.21263 0)
(0.236024 -2.5288 0)
(0.262681 -2.7848 0)
(0.303702 -2.79232 0)
(0.308532 -2.62806 0)
(0.386402 -1.6474 0)
(0.337656 0.245954 0)
(0.212864 1.94987 0)
(0.155865 2.79176 0)
(0.0495951 2.99625 0)
)
;

boundaryField
{
    leftWall
    {
        type            noSlip;
    }
    rightWall
    {
        type            noSlip;
    }
    lowerWall
    {
        type            noSlip;
    }
    atmosphere
    {
        type            zeroGradient;
    }
    defaultFaces
    {
        type            empty;
    }
}


// ************************************************************************* //
