/*--------------------------------*- C++ -*----------------------------------*\
| =========                 |                                                 |
| \\      /  F ield         | OpenFOAM: The Open Source CFD Toolbox           |
|  \\    /   O peration     | Version:  2012                                  |
|   \\  /    A nd           | Website:  www.openfoam.com                      |
|    \\/     M anipulation  |                                                 |
\*---------------------------------------------------------------------------*/
FoamFile
{
    version     2.0;
    format      ascii;
    class       volVectorField;
    location    "0.86";
    object      Uc;
}
// * * * * * * * * * * * * * * * * * * * * * * * * * * * * * * * * * * * * * //

dimensions      [0 1 -1 0 0 0 0];


internalField   nonuniform List<vector> 
2268
(
(-0.0259571 0.0122671 0)
(-0.0765127 0.0116251 0)
(-0.123807 0.0107258 0)
(-0.16591 0.00917185 0)
(-0.200646 0.00724401 0)
(-0.227663 0.00552417 0)
(-0.246962 0.00359606 0)
(-0.258541 0.00187626 0)
(-0.263569 0.000500082 0)
(-0.262941 -0.000797002 0)
(-0.256846 -0.00208345 0)
(-0.246066 -0.00301084 0)
(-0.231416 -0.00391276 0)
(-0.212125 -0.0052042 0)
(-0.186897 -0.00671829 0)
(-0.154063 -0.00879873 0)
(-0.11283 -0.0106875 0)
(-0.0648871 -0.0119701 0)
(-0.0143988 -0.0118903 0)
(0.0315088 -0.00980525 0)
(0.0556919 -0.00162348 0)
(0.0540007 0.00242272 0)
(0.0244372 0.0115488 0)
(-0.0263243 0.0369749 0)
(-0.0776041 0.0350441 0)
(-0.125411 0.0322511 0)
(-0.16764 0.027501 0)
(-0.202097 0.021615 0)
(-0.228636 0.0164635 0)
(-0.247773 0.010821 0)
(-0.259635 0.00572952 0)
(-0.264771 0.00145059 0)
(-0.263781 -0.0025125 0)
(-0.257401 -0.00626328 0)
(-0.246654 -0.00900455 0)
(-0.232325 -0.0116144 0)
(-0.213489 -0.0155211 0)
(-0.188389 -0.020186 0)
(-0.155394 -0.0264412 0)
(-0.113788 -0.0321939 0)
(-0.0651007 -0.0361305 0)
(-0.0135983 -0.0359299 0)
(0.033312 -0.0296306 0)
(0.0584845 -0.00512315 0)
(0.0547817 0.00847155 0)
(0.0235545 0.0342294 0)
(-0.0268872 0.0621223 0)
(-0.078852 0.0586895 0)
(-0.127042 0.0539734 0)
(-0.170053 0.0460624 0)
(-0.205747 0.0362066 0)
(-0.233494 0.0275267 0)
(-0.252984 0.0180127 0)
(-0.264395 0.00953656 0)
(-0.268686 0.00209909 0)
(-0.266681 -0.00457673 0)
(-0.259683 -0.0105213 0)
(-0.249156 -0.0148007 0)
(-0.235214 -0.0191786 0)
(-0.216356 -0.025771 0)
(-0.190979 -0.0337909 0)
(-0.157459 -0.0442708 0)
(-0.114829 -0.0541739 0)
(-0.0638519 -0.0612508 0)
(-0.0084504 -0.0613316 0)
(0.0454581 -0.0518751 0)
(0.077098 -0.00972778 0)
(0.070568 0.0179122 0)
(0.0291323 0.0591288 0)
(-0.027874 0.088002 0)
(-0.0816619 0.0827877 0)
(-0.131081 0.0760045 0)
(-0.174414 0.0648372 0)
(-0.209486 0.0508753 0)
(-0.236398 0.0386892 0)
(-0.255882 0.0252688 0)
(-0.267608 0.0132151 0)
(-0.271635 0.00235183 0)
(-0.269083 -0.00698349 0)
(-0.261907 -0.0148132 0)
(-0.251409 -0.0204448 0)
(-0.237965 -0.0264764 0)
(-0.22048 -0.035649 0)
(-0.196415 -0.0472788 0)
(-0.163594 -0.062135 0)
(-0.120529 -0.0768092 0)
(-0.0672078 -0.0879056 0)
(-0.00676826 -0.0894224 0)
(0.0546617 -0.0782924 0)
(0.0942616 -0.0169779 0)
(0.0888261 0.0308172 0)
(0.0369113 0.0903406 0)
(-0.028987 0.114874 0)
(-0.0845206 0.10758 0)
(-0.135474 0.0986472 0)
(-0.180797 0.0840929 0)
(-0.218233 0.0658864 0)
(-0.247014 0.049998 0)
(-0.266391 0.0323252 0)
(-0.276464 0.0164609 0)
(-0.278631 0.00203334 0)
(-0.274485 -0.00983086 0)
(-0.266331 -0.0192102 0)
(-0.256343 -0.0257293 0)
(-0.24396 -0.0333975 0)
(-0.226797 -0.0451022 0)
(-0.202562 -0.0606522 0)
(-0.168999 -0.0801338 0)
(-0.124065 -0.100398 0)
(-0.0665528 -0.116695 0)
(0.00260938 -0.121881 0)
(0.0785223 -0.110741 0)
(0.129542 -0.0273557 0)
(0.122533 0.0470759 0)
(0.0515667 0.132155 0)
(-0.0305255 0.142999 0)
(-0.0891651 0.133412 0)
(-0.142317 0.122014 0)
(-0.188074 0.10377 0)
(-0.224403 0.0810703 0)
(-0.252068 0.0614897 0)
(-0.271817 0.0393239 0)
(-0.282418 0.019233 0)
(-0.283897 0.000984192 0)
(-0.278629 -0.0132309 0)
(-0.269991 -0.0237456 0)
(-0.259514 -0.0308655 0)
(-0.247843 -0.0396289 0)
(-0.233633 -0.053697 0)
(-0.212059 -0.0737068 0)
(-0.17972 -0.0982238 0)
(-0.134385 -0.124969 0)
(-0.0741107 -0.14779 0)
(0.00343352 -0.160119 0)
(0.0915358 -0.150015 0)
(0.152201 -0.0408625 0)
(0.144628 0.067474 0)
(0.0604326 0.185085 0)
(-0.0323344 0.172706 0)
(-0.0935518 0.160349 0)
(-0.148676 0.146249 0)
(-0.197325 0.124151 0)
(-0.237266 0.0967336 0)
(-0.267558 0.0732167 0)
(-0.286802 0.0460241 0)
(-0.294691 0.0212715 0)
(-0.293401 -0.000965252 0)
(-0.285716 -0.0174029 0)
(-0.275334 -0.0285623 0)
(-0.266193 -0.03532 0)
(-0.257725 -0.0446919 0)
(-0.245064 -0.0613332 0)
(-0.223357 -0.0865247 0)
(-0.189626 -0.11663 0)
(-0.141881 -0.150552 0)
(-0.0769378 -0.181384 0)
(0.0108488 -0.20466 0)
(0.111544 -0.194699 0)
(0.181979 -0.0581358 0)
(0.184213 0.0872707 0)
(0.0830431 0.25289 0)
(-0.0361513 0.205072 0)
(-0.10511 0.189503 0)
(-0.165048 0.171472 0)
(-0.213554 0.144842 0)
(-0.250327 0.112297 0)
(-0.277891 0.0849954 0)
(-0.297178 0.0524547 0)
(-0.305219 0.0223697 0)
(-0.301862 -0.00425981 0)
(-0.291461 -0.0226557 0)
(-0.279819 -0.033718 0)
(-0.269679 -0.0392762 0)
(-0.262224 -0.0482605 0)
(-0.253383 -0.0679268 0)
(-0.234785 -0.0989784 0)
(-0.203931 -0.134699 0)
(-0.159545 -0.176024 0)
(-0.0956007 -0.216822 0)
(-0.00462628 -0.253702 0)
(0.0996847 -0.242541 0)
(0.174254 -0.0788213 0)
(0.180355 0.104018 0)
(0.081523 0.330663 0)
(-0.338993 0.144189 0)
(-0.923002 0.104144 0)
(-1.35164 0.0779015 0)
(-1.65857 0.0523928 0)
(-1.87033 0.0376186 0)
(-2.02636 0.0287517 0)
(-2.14476 0.0216383 0)
(-2.226 0.0130074 0)
(-2.22524 -0.0130006 0)
(-1.89844 -0.12427 0)
(-1.21278 -0.166764 0)
(-0.69401 -0.0547232 0)
(-0.585651 0.00863443 0)
(-0.658503 0.0223153 0)
(-0.726954 0.00681054 0)
(-0.701907 -0.0174392 0)
(-0.60244 -0.0248449 0)
(-0.440685 -0.0439321 0)
(-0.168683 -0.0717437 0)
(-0.279309 0.407187 0)
(-0.797289 0.309669 0)
(-1.20852 0.229023 0)
(-1.49292 0.152333 0)
(-1.72024 0.124296 0)
(-1.95466 0.108213 0)
(-2.13351 0.0688896 0)
(-2.13585 0.00173513 0)
(-1.79397 -0.146665 0)
(-1.10913 -0.418559 0)
(-0.4127 -0.459591 0)
(0.114301 -0.207697 0)
(0.512485 -0.0537246 0)
(0.620509 0.0702259 0)
(0.311468 0.120118 0)
(-0.128394 0.0460043 0)
(-0.339285 -0.0406857 0)
(-0.295739 -0.115305 0)
(-0.115583 -0.192648 0)
(-0.259912 0.636633 0)
(-0.710113 0.491954 0)
(-1.02379 0.354596 0)
(-1.22894 0.234691 0)
(-1.38178 0.203683 0)
(-1.49918 0.178766 0)
(-1.60792 0.121148 0)
(-1.47583 -0.105137 0)
(-0.964076 -0.402121 0)
(-0.476738 -0.660737 0)
(-0.171818 -0.643105 0)
(0.117204 -0.371531 0)
(0.395204 -0.177373 0)
(0.585661 0.0675258 0)
(0.637505 0.233063 0)
(0.450708 0.200257 0)
(0.151241 0.0226747 0)
(0.0136884 -0.138377 0)
(0.00180087 -0.241036 0)
(-0.220071 0.8409 0)
(-0.590258 0.636678 0)
(-0.821945 0.441599 0)
(-0.924697 0.278617 0)
(-0.845431 0.191412 0)
(-0.541632 0.112303 0)
(-0.290679 0.127666 0)
(-0.284499 -0.169966 0)
(-0.262164 -0.56385 0)
(-0.15856 -0.749774 0)
(-0.0709184 -0.720925 0)
(0.142388 -0.507556 0)
(0.413997 -0.275189 0)
(0.523663 0.0377497 0)
(0.542662 0.232945 0)
(0.55911 0.273238 0)
(0.490354 0.106768 0)
(0.312396 -0.0879838 0)
(0.10211 -0.196824 0)
(-0.199888 1.01961 0)
(-0.516773 0.750281 0)
(-0.674906 0.493728 0)
(-0.627044 0.249892 0)
(-0.378017 0.0808222 0)
(-0.093771 -0.0267685 0)
(0.128265 0.0660896 0)
(0.16532 -0.126208 0)
(0.0235261 -0.556119 0)
(-0.0784409 -0.757706 0)
(-0.112975 -0.735596 0)
(-0.00183836 -0.630901 0)
(0.300791 -0.39596 0)
(0.533233 0.013254 0)
(0.564787 0.236136 0)
(0.529552 0.278056 0)
(0.466073 0.158298 0)
(0.327317 -0.00473084 0)
(0.119899 -0.10238 0)
(-0.154597 1.1705 0)
(-0.408671 0.842377 0)
(-0.538362 0.524099 0)
(-0.464347 0.167991 0)
(-0.222688 -0.0456072 0)
(-0.0163742 -0.108791 0)
(0.0520144 0.024941 0)
(0.0211379 -0.0870999 0)
(-0.0382025 -0.508743 0)
(-0.11905 -0.726661 0)
(-0.197994 -0.718414 0)
(-0.18888 -0.699169 0)
(-0.0229303 -0.526572 0)
(0.225598 -0.0601589 0)
(0.385619 0.228422 0)
(0.432549 0.280853 0)
(0.387865 0.201504 0)
(0.25746 0.0665547 0)
(0.0886985 -0.0136459 0)
(-0.121264 1.28792 0)
(-0.315293 0.915682 0)
(-0.400445 0.54257 0)
(-0.27711 0.0663829 0)
(-0.0157797 -0.157431 0)
(0.116606 -0.14092 0)
(0.123764 0.0250887 0)
(0.100188 -0.0635917 0)
(-0.0102361 -0.458853 0)
(-0.17531 -0.671088 0)
(-0.274655 -0.698118 0)
(-0.295853 -0.714338 0)
(-0.256594 -0.598483 0)
(-0.161319 -0.134093 0)
(-0.01007 0.170327 0)
(0.156021 0.248713 0)
(0.196693 0.235558 0)
(0.126915 0.117659 0)
(0.0434326 0.0425628 0)
(-0.0692352 1.36902 0)
(-0.114529 0.936482 0)
(-0.0518566 0.531823 0)
(0.0692852 -0.0260696 0)
(0.206565 -0.234099 0)
(0.225684 -0.128512 0)
(0.175463 0.0310887 0)
(0.114447 -0.0333499 0)
(-0.0365585 -0.377209 0)
(-0.231411 -0.599123 0)
(-0.349816 -0.677392 0)
(-0.399298 -0.705006 0)
(-0.459074 -0.599226 0)
(-0.550122 -0.135062 0)
(-0.542125 0.104 0)
(-0.356701 0.16614 0)
(-0.183132 0.22765 0)
(-0.116068 0.126979 0)
(-0.0489443 0.0402613 0)
(-0.036319 0.258666 0)
(-0.105151 0.237691 0)
(-0.168677 0.215469 0)
(-0.226759 0.182155 0)
(-0.275315 0.141173 0)
(-0.310801 0.104816 0)
(-0.327912 0.0589491 0)
(-0.327337 0.0190976 0)
(-0.315306 -0.0146678 0)
(-0.29642 -0.0361474 0)
(-0.278657 -0.0435847 0)
(-0.273558 -0.0393266 0)
(-0.276822 -0.0484519 0)
(-0.27373 -0.0750219 0)
(-0.259073 -0.115406 0)
(-0.233054 -0.159008 0)
(-0.193602 -0.212349 0)
(-0.132313 -0.272326 0)
(-0.0444584 -0.329505 0)
(0.0602676 -0.321305 0)
(0.180354 -0.156001 0)
(0.266871 0.0913906 0)
(0.293154 0.363614 0)
(-0.0536423 0.349097 0)
(-0.150456 0.313771 0)
(-0.222339 0.275504 0)
(-0.271205 0.229626 0)
(-0.298998 0.17045 0)
(-0.317436 0.129745 0)
(-0.339881 0.073783 0)
(-0.34824 0.0120878 0)
(-0.329889 -0.0381943 0)
(-0.303162 -0.0584414 0)
(-0.288031 -0.0543104 0)
(-0.280583 -0.0411692 0)
(-0.286447 -0.0374038 0)
(-0.308365 -0.0671335 0)
(-0.319801 -0.126517 0)
(-0.314286 -0.179585 0)
(-0.300965 -0.244817 0)
(-0.276333 -0.326228 0)
(-0.23712 -0.403356 0)
(-0.180786 -0.409675 0)
(-0.0971973 -0.272891 0)
(0.00383315 0.0196284 0)
(0.113675 0.298669 0)
(-0.0668868 0.470375 0)
(-0.18426 0.408022 0)
(-0.283778 0.353732 0)
(-0.386234 0.303572 0)
(-0.494674 0.23339 0)
(-0.587162 0.177802 0)
(-0.631891 0.0923714 0)
(-0.633503 0.00261328 0)
(-0.587256 -0.0943209 0)
(-0.476923 -0.140435 0)
(-0.383103 -0.0816907 0)
(-0.401252 -0.00257446 0)
(-0.466173 -0.00448524 0)
(-0.48684 -0.0569702 0)
(-0.484292 -0.127725 0)
(-0.477862 -0.19056 0)
(-0.465029 -0.260548 0)
(-0.445325 -0.355852 0)
(-0.403451 -0.45661 0)
(-0.337894 -0.480611 0)
(-0.250825 -0.374416 0)
(-0.143553 -0.0882378 0)
(-0.0498482 0.202057 0)
(-0.131228 0.671161 0)
(-0.330989 0.529228 0)
(-0.446633 0.451486 0)
(-0.529792 0.393762 0)
(-0.668604 0.393476 0)
(-0.975672 0.420313 0)
(-1.29297 0.21142 0)
(-1.35804 -0.0532149 0)
(-1.19914 -0.246151 0)
(-0.950153 -0.348641 0)
(-0.645104 -0.27319 0)
(-0.393878 -0.0433302 0)
(-0.389365 0.0986073 0)
(-0.536078 0.00811802 0)
(-0.60221 -0.129487 0)
(-0.58809 -0.210047 0)
(-0.554066 -0.288804 0)
(-0.498288 -0.404331 0)
(-0.395155 -0.555194 0)
(-0.317357 -0.527487 0)
(-0.344855 -0.387625 0)
(-0.405635 -0.120933 0)
(-0.457026 0.19275 0)
(-0.356812 1.16674 0)
(-0.854829 0.742096 0)
(-1.05108 0.555185 0)
(-1.14585 0.469332 0)
(-1.27581 0.587907 0)
(-1.62904 0.890988 0)
(-1.85991 0.291664 0)
(-1.71946 -0.209824 0)
(-1.51836 -0.450385 0)
(-1.3344 -0.579242 0)
(-1.10141 -0.582767 0)
(-0.710189 -0.376832 0)
(-0.290547 0.00782578 0)
(0.00407099 -0.0496801 0)
(0.22727 -0.229974 0)
(0.267734 -0.164795 0)
(0.109193 -0.209073 0)
(-0.0718844 -0.358138 0)
(-0.194443 -0.581774 0)
(-0.311984 -0.460854 0)
(-0.476391 -0.25957 0)
(-0.604832 -0.0563859 0)
(-0.670411 0.246517 0)
(-0.542181 2.07503 0)
(-1.24139 1.04366 0)
(-1.4477 0.659646 0)
(-1.51955 0.531587 0)
(-1.65159 0.787797 0)
(-1.80315 1.19892 0)
(-1.76609 0.182436 0)
(-1.63229 -0.370915 0)
(-1.53022 -0.592077 0)
(-1.45243 -0.702722 0)
(-1.40466 -0.743173 0)
(-1.32135 -0.694329 0)
(-1.0139 -0.405595 0)
(-0.596223 -0.351586 0)
(-0.329184 -0.420597 0)
(-0.206315 -0.138259 0)
(-0.245358 -0.036911 0)
(-0.406635 -0.18607 0)
(-0.632431 -0.403581 0)
(-0.759503 -0.392968 0)
(-0.693053 -0.226627 0)
(-0.643593 -0.00609279 0)
(-0.664399 0.284699 0)
(-0.518347 3.14484 0)
(-1.19285 1.36077 0)
(-1.40766 0.768287 0)
(-1.54842 0.637527 0)
(-1.67702 0.944852 0)
(-1.64608 1.16377 0)
(-1.54873 0.0851433 0)
(-1.52184 -0.431672 0)
(-1.48915 -0.665472 0)
(-1.44646 -0.751412 0)
(-1.42629 -0.76603 0)
(-1.44045 -0.745212 0)
(-1.45912 -0.648137 0)
(-1.44085 -0.547591 0)
(-1.40539 -0.527739 0)
(-1.27908 -0.281351 0)
(-1.09869 -0.035797 0)
(-1.05657 -0.0673229 0)
(-1.09503 -0.256615 0)
(-1.03419 -0.473263 0)
(-0.83713 -0.410371 0)
(-0.666173 -0.040736 0)
(-0.595769 0.273861 0)
(-0.392146 4.06423 0)
(-0.969678 1.70574 0)
(-1.36087 1.03474 0)
(-1.76097 0.915591 0)
(-1.99026 1.02677 0)
(-1.92078 0.981042 0)
(-1.76623 0.0148064 0)
(-1.69343 -0.461142 0)
(-1.62761 -0.733904 0)
(-1.53294 -0.821169 0)
(-1.45541 -0.796436 0)
(-1.43889 -0.718497 0)
(-1.4536 -0.642382 0)
(-1.44633 -0.579394 0)
(-1.43212 -0.546018 0)
(-1.40037 -0.422031 0)
(-1.32826 -0.148322 0)
(-1.26103 -0.0646348 0)
(-1.19107 -0.290849 0)
(-1.15645 -0.53475 0)
(-1.18061 -0.522384 0)
(-1.12905 -0.151101 0)
(-0.882356 0.0698581 0)
(-0.254927 4.71697 0)
(-0.73881 2.12283 0)
(-1.28017 1.55572 0)
(-1.75372 1.2729 0)
(-1.9517 1.09894 0)
(-1.90903 0.796145 0)
(-1.80101 -0.0642457 0)
(-1.7285 -0.528191 0)
(-1.64165 -0.820345 0)
(-1.56779 -0.904179 0)
(-1.49987 -0.859525 0)
(-1.43205 -0.738987 0)
(-1.38144 -0.65517 0)
(-1.35982 -0.59478 0)
(-1.35159 -0.555008 0)
(-1.33049 -0.467918 0)
(-1.23986 -0.266418 0)
(-1.0575 -0.196679 0)
(-0.910765 -0.375416 0)
(-0.877731 -0.516452 0)
(-0.910294 -0.482436 0)
(-0.916934 -0.235467 0)
(-0.747586 -0.261316 0)
(-0.225702 5.2011 0)
(-0.679426 2.58222 0)
(-1.13482 2.09831 0)
(-1.45337 1.52654 0)
(-1.50682 1.09804 0)
(-1.30509 0.551382 0)
(-1.01363 -0.221062 0)
(-0.830692 -0.628177 0)
(-0.797461 -0.841074 0)
(-0.894441 -0.860229 0)
(-1.05346 -0.811908 0)
(-1.17716 -0.730138 0)
(-1.22937 -0.660781 0)
(-1.23047 -0.608302 0)
(-1.20432 -0.575944 0)
(-1.18047 -0.494082 0)
(-1.12824 -0.386059 0)
(-1.01781 -0.371114 0)
(-0.909926 -0.454644 0)
(-0.857851 -0.520437 0)
(-0.817423 -0.486302 0)
(-0.751145 -0.291104 0)
(-0.698532 -0.425881 0)
(-0.253229 5.68283 0)
(-0.685976 2.99189 0)
(-0.927305 2.38901 0)
(-0.953084 1.58195 0)
(-0.799789 0.942241 0)
(-0.512308 0.215395 0)
(-0.280117 -0.411477 0)
(-0.213461 -0.688672 0)
(-0.256759 -0.770467 0)
(-0.371179 -0.718338 0)
(-0.50948 -0.654935 0)
(-0.635363 -0.63622 0)
(-0.733923 -0.603097 0)
(-0.837561 -0.559862 0)
(-0.947845 -0.538899 0)
(-1.00383 -0.499171 0)
(-0.980444 -0.457712 0)
(-0.921442 -0.469006 0)
(-0.863475 -0.522375 0)
(-0.81705 -0.552879 0)
(-0.774892 -0.540631 0)
(-0.720265 -0.359737 0)
(-0.666675 -0.461689 0)
(-0.126627 6.06475 0)
(-0.403125 3.32304 0)
(-0.515288 2.41324 0)
(-0.317304 1.38461 0)
(-0.0133466 0.679931 0)
(0.215716 -0.0415412 0)
(0.285759 -0.45836 0)
(0.224293 -0.647009 0)
(0.118717 -0.662476 0)
(0.0107651 -0.60279 0)
(-0.0817527 -0.538457 0)
(-0.171862 -0.535578 0)
(-0.271772 -0.504224 0)
(-0.368 -0.457807 0)
(-0.440144 -0.457555 0)
(-0.509235 -0.454692 0)
(-0.619221 -0.414604 0)
(-0.757973 -0.430717 0)
(-0.837807 -0.538754 0)
(-0.817301 -0.605785 0)
(-0.761574 -0.589002 0)
(-0.748585 -0.380774 0)
(-0.744248 -0.497671 0)
(0.113757 6.07771 0)
(0.169298 3.53225 0)
(0.201732 2.28422 0)
(0.454131 1.06091 0)
(0.695847 0.455114 0)
(0.77662 -0.128178 0)
(0.71935 -0.384566 0)
(0.597333 -0.536364 0)
(0.464127 -0.533091 0)
(0.327238 -0.486051 0)
(0.186895 -0.421111 0)
(0.0377844 -0.412446 0)
(-0.0812426 -0.407268 0)
(-0.128564 -0.410452 0)
(-0.141477 -0.419394 0)
(-0.178359 -0.386307 0)
(-0.244597 -0.305824 0)
(-0.31579 -0.328441 0)
(-0.385988 -0.490205 0)
(-0.471651 -0.588856 0)
(-0.566496 -0.566686 0)
(-0.609938 -0.372539 0)
(-0.609988 -0.509657 0)
(0.349892 5.61161 0)
(0.825778 3.46413 0)
(1.05785 2.08649 0)
(1.19326 0.868836 0)
(1.20158 0.39586 0)
(1.11339 -0.0614503 0)
(0.960842 -0.240369 0)
(0.782289 -0.378415 0)
(0.601164 -0.375058 0)
(0.438875 -0.343334 0)
(0.308086 -0.291271 0)
(0.209059 -0.292843 0)
(0.12599 -0.323708 0)
(0.0346983 -0.354664 0)
(-0.06686 -0.360102 0)
(-0.139135 -0.335858 0)
(-0.145387 -0.283391 0)
(-0.119027 -0.305789 0)
(-0.142648 -0.41853 0)
(-0.25097 -0.465516 0)
(-0.380061 -0.464907 0)
(-0.425586 -0.384871 0)
(-0.442307 -0.48045 0)
(0.542892 4.71411 0)
(1.29224 3.12995 0)
(1.56634 1.91188 0)
(1.56941 0.904292 0)
(1.44163 0.480533 0)
(1.28236 0.102653 0)
(1.0876 -0.0553248 0)
(0.887562 -0.182871 0)
(0.698273 -0.198239 0)
(0.536895 -0.194783 0)
(0.405184 -0.17594 0)
(0.295396 -0.198258 0)
(0.194094 -0.232946 0)
(0.10397 -0.263051 0)
(0.0305071 -0.275767 0)
(-0.0370051 -0.279662 0)
(-0.102047 -0.267907 0)
(-0.163037 -0.286447 0)
(-0.227777 -0.349034 0)
(-0.287776 -0.365797 0)
(-0.337049 -0.385318 0)
(-0.384897 -0.370585 0)
(-0.448918 -0.413557 0)
(0.549771 3.61575 0)
(1.30386 2.71707 0)
(1.55996 1.79186 0)
(1.54938 1.03192 0)
(1.416 0.615479 0)
(1.241 0.303749 0)
(1.03438 0.147085 0)
(0.829686 0.0215907 0)
(0.642604 -0.024348 0)
(0.489854 -0.0528913 0)
(0.370615 -0.0655575 0)
(0.274495 -0.101645 0)
(0.188042 -0.14081 0)
(0.103289 -0.179385 0)
(0.0187882 -0.200632 0)
(-0.0551399 -0.212605 0)
(-0.105507 -0.218939 0)
(-0.139706 -0.239716 0)
(-0.183498 -0.286654 0)
(-0.245774 -0.305249 0)
(-0.318083 -0.323635 0)
(-0.384657 -0.317235 0)
(-0.451361 -0.335483 0)
(0.383371 2.67776 0)
(0.970384 2.30701 0)
(1.24898 1.66449 0)
(1.29407 1.12465 0)
(1.20219 0.749219 0)
(1.05348 0.495444 0)
(0.883907 0.333576 0)
(0.721032 0.204612 0)
(0.57359 0.128921 0)
(0.448716 0.0729293 0)
(0.343394 0.0343701 0)
(0.250878 -0.0119389 0)
(0.162897 -0.0551575 0)
(0.0788765 -0.0953692 0)
(0.00273738 -0.123156 0)
(-0.0648749 -0.147789 0)
(-0.127712 -0.169947 0)
(-0.18741 -0.194308 0)
(-0.245003 -0.230135 0)
(-0.298027 -0.245852 0)
(-0.344621 -0.263496 0)
(-0.388041 -0.266793 0)
(-0.433766 -0.272894 0)
(0.223709 2.06751 0)
(0.61166 1.93721 0)
(0.852901 1.51176 0)
(0.933065 1.15151 0)
(0.900729 0.84725 0)
(0.810965 0.637158 0)
(0.699829 0.474058 0)
(0.583441 0.34487 0)
(0.469663 0.251264 0)
(0.366267 0.180064 0)
(0.274702 0.125165 0)
(0.192615 0.0727945 0)
(0.115616 0.0259636 0)
(0.0417979 -0.0178146 0)
(-0.0279667 -0.0540324 0)
(-0.0903141 -0.0862614 0)
(-0.143643 -0.114688 0)
(-0.190713 -0.142228 0)
(-0.239114 -0.175655 0)
(-0.290823 -0.19504 0)
(-0.342815 -0.215195 0)
(-0.390172 -0.22383 0)
(-0.431312 -0.228525 0)
(0.138944 1.70297 0)
(0.396509 1.65288 0)
(0.579266 1.3699 0)
(0.661849 1.12979 0)
(0.667601 0.895711 0)
(0.625091 0.721683 0)
(0.557288 0.569426 0)
(0.475481 0.448749 0)
(0.388022 0.349689 0)
(0.301639 0.272424 0)
(0.218918 0.208015 0)
(0.140598 0.151203 0)
(0.0659924 0.0999645 0)
(-0.00454215 0.053304 0)
(-0.0707116 0.0115053 0)
(-0.132756 -0.0267456 0)
(-0.191116 -0.0619196 0)
(-0.244648 -0.0938567 0)
(-0.293255 -0.126499 0)
(-0.336712 -0.148521 0)
(-0.374578 -0.171376 0)
(-0.40741 -0.18703 0)
(-0.43497 -0.196254 0)
(0.091411 1.47142 0)
(0.268672 1.44735 0)
(0.404428 1.25527 0)
(0.474385 1.0911 0)
(0.490678 0.912259 0)
(0.468548 0.770129 0)
(0.422577 0.635364 0)
(0.361337 0.526621 0)
(0.292034 0.429412 0)
(0.22014 0.351817 0)
(0.149173 0.283125 0)
(0.0805397 0.223825 0)
(0.014424 0.168811 0)
(-0.0489996 0.119127 0)
(-0.109255 0.0727791 0)
(-0.165035 0.0304321 0)
(-0.216042 -0.00914826 0)
(-0.262759 -0.0458432 0)
(-0.306438 -0.0817323 0)
(-0.346315 -0.109506 0)
(-0.381659 -0.136787 0)
(-0.411872 -0.158231 0)
(-0.436074 -0.173009 0)
(0.0621376 1.31707 0)
(0.184677 1.30034 0)
(0.28235 1.16765 0)
(0.337671 1.05281 0)
(0.356376 0.915386 0)
(0.345772 0.799921 0)
(0.314206 0.683527 0)
(0.267402 0.58708 0)
(0.210851 0.495477 0)
(0.148881 0.420328 0)
(0.0849224 0.350257 0)
(0.0210166 0.289937 0)
(-0.0417167 0.232233 0)
(-0.102036 0.180106 0)
(-0.159476 0.130122 0)
(-0.213833 0.0838128 0)
(-0.264463 0.0396489 0)
(-0.3102 -0.0016915 0)
(-0.350319 -0.0416362 0)
(-0.384711 -0.0749347 0)
(-0.413519 -0.10686 0)
(-0.437693 -0.133475 0)
(-0.457229 -0.153787 0)
(0.0418022 1.2126 0)
(0.12507 1.19794 0)
(0.19264 1.10394 0)
(0.232285 1.02106 0)
(0.246517 0.914039 0)
(0.238402 0.820097 0)
(0.213126 0.720502 0)
(0.174881 0.63561 0)
(0.127791 0.551141 0)
(0.0750079 0.480028 0)
(0.0192294 0.41093 0)
(-0.0378087 0.350851 0)
(-0.0949298 0.291811 0)
(-0.15093 0.237467 0)
(-0.204863 0.184727 0)
(-0.25586 0.135124 0)
(-0.303367 0.086998 0)
(-0.347098 0.0409062 0)
(-0.387327 -0.00345533 0)
(-0.423696 -0.0419746 0)
(-0.45649 -0.0778841 0)
(-0.486658 -0.107815 0)
(-0.514538 -0.131774 0)
(0.0285035 1.14193 0)
(0.0843199 1.12881 0)
(0.12853 1.06072 0)
(0.154182 0.998653 0)
(0.162354 0.913934 0)
(0.153674 0.837097 0)
(0.130883 0.751831 0)
(0.0964826 0.677317 0)
(0.0534458 0.600043 0)
(0.00439265 0.533505 0)
(-0.0484009 0.466604 0)
(-0.102843 0.40725 0)
(-0.157251 0.347533 0)
(-0.210434 0.291508 0)
(-0.261754 0.236498 0)
(-0.310703 0.183831 0)
(-0.35682 0.132415 0)
(-0.400159 0.083025 0)
(-0.441327 0.0362588 0)
(-0.481591 -0.00464468 0)
(-0.522002 -0.041617 0)
(-0.563398 -0.0721343 0)
(-0.602453 -0.10016 0)
(0.0175768 1.09561 0)
(0.05207 1.08435 0)
(0.0783273 1.03435 0)
(0.0913494 0.986158 0)
(0.0918269 0.917744 0)
(0.0798839 0.854028 0)
(0.0573145 0.780507 0)
(0.0256223 0.715089 0)
(-0.0134253 0.644794 0)
(-0.0582317 0.583114 0)
(-0.107028 0.519125 0)
(-0.158067 0.460771 0)
(-0.209996 0.400914 0)
(-0.261781 0.343653 0)
(-0.312645 0.287082 0)
(-0.362097 0.232174 0)
(-0.41022 0.178817 0)
(-0.457935 0.128163 0)
(-0.507249 0.0820855 0)
(-0.559624 0.0426603 0)
(-0.614851 0.00722455 0)
(-0.666518 -0.0274164 0)
(-0.701818 -0.0701234 0)
(0.00794844 1.06996 0)
(0.024747 1.05846 0)
(0.0373357 1.02121 0)
(0.040738 0.982801 0)
(0.0344377 0.926964 0)
(0.0179752 0.873371 0)
(-0.00757556 0.809545 0)
(-0.0410993 0.751617 0)
(-0.0811035 0.68774 0)
(-0.126144 0.630494 0)
(-0.174353 0.569266 0)
(-0.224357 0.512211 0)
(-0.275257 0.452851 0)
(-0.326571 0.395364 0)
(-0.37822 0.33843 0)
(-0.430363 0.282961 0)
(-0.484096 0.23043 0)
(-0.541315 0.182041 0)
(-0.602888 0.139682 0)
(-0.666355 0.101519 0)
(-0.721599 0.0594247 0)
(-0.755453 0.00636086 0)
(-0.766028 -0.0577761 0)
(0.00128935 1.06068 0)
(0.0040386 1.0481 0)
(0.00383941 1.01912 0)
(-0.00202459 0.98737 0)
(-0.0145619 0.94134 0)
(-0.034571 0.895667 0)
(-0.0616607 0.840174 0)
(-0.0954596 0.788672 0)
(-0.135035 0.73069 0)
(-0.179335 0.67736 0)
(-0.226986 0.61877 0)
(-0.276993 0.56325 0)
(-0.328851 0.505116 0)
(-0.382556 0.448678 0)
(-0.438606 0.393389 0)
(-0.498058 0.34019 0)
(-0.562118 0.291619 0)
(-0.631438 0.248058 0)
(-0.702291 0.206793 0)
(-0.760778 0.157011 0)
(-0.792453 0.0913168 0)
(-0.799576 0.0156675 0)
(-0.796025 -0.0600135 0)
(-0.00332677 1.06273 0)
(-0.0110865 1.05109 0)
(-0.0222427 1.02756 0)
(-0.037578 1.00026 0)
(-0.0580222 0.961614 0)
(-0.0843523 0.921983 0)
(-0.116572 0.873486 0)
(-0.154308 0.827278 0)
(-0.196631 0.774419 0)
(-0.242654 0.724433 0)
(-0.291638 0.668847 0)
(-0.343393 0.615477 0)
(-0.397883 0.559803 0)
(-0.455791 0.506197 0)
(-0.518224 0.45498 0)
(-0.586499 0.407001 0)
(-0.66074 0.363839 0)
(-0.735416 0.320595 0)
(-0.793229 0.263605 0)
(-0.819722 0.185633 0)
(-0.821986 0.0968189 0)
(-0.815653 0.0109682 0)
(-0.81026 -0.0642962 0)
(-0.00755828 1.07368 0)
(-0.0238056 1.06429 0)
(-0.0430259 1.0449 0)
(-0.0654763 1.0209 0)
(-0.0915947 0.987786 0)
(-0.122054 0.952907 0)
(-0.15727 0.910359 0)
(-0.197209 0.868496 0)
(-0.2413 0.820076 0)
(-0.289099 0.773098 0)
(-0.340365 0.720966 0)
(-0.395228 0.670542 0)
(-0.454227 0.618829 0)
(-0.518618 0.570117 0)
(-0.589838 0.525418 0)
(-0.668417 0.484193 0)
(-0.748021 0.441305 0)
(-0.809067 0.37957 0)
(-0.83603 0.289858 0)
(-0.838342 0.188343 0)
(-0.832685 0.0907044 0)
(-0.826221 0.0042286 0)
(-0.821572 -0.0676432 0)
(-0.0117215 1.09306 0)
(-0.0360795 1.08573 0)
(-0.0629765 1.06983 0)
(-0.0929358 1.04867 0)
(-0.126375 1.0199 0)
(-0.163572 0.988816 0)
(-0.204682 0.951182 0)
(-0.249513 0.912894 0)
(-0.298004 0.868752 0)
(-0.350305 0.825054 0)
(-0.406761 0.777304 0)
(-0.468085 0.731008 0)
(-0.534724 0.684666 0)
(-0.607818 0.64249 0)
(-0.687105 0.604345 0)
(-0.766416 0.563992 0)
(-0.826226 0.501658 0)
(-0.850283 0.404774 0)
(-0.849743 0.291222 0)
(-0.842151 0.18168 0)
(-0.833294 0.0827847 0)
(-0.824844 -0.00283457 0)
(-0.815071 -0.0750698 0)
(-0.0151817 1.12011 0)
(-0.0461119 1.11427 0)
(-0.0787307 1.10113 0)
(-0.113641 1.08259 0)
(-0.151399 1.05756 0)
(-0.192351 1.02972 0)
(-0.236697 0.996184 0)
(-0.284453 0.960972 0)
(-0.335714 0.920956 0)
(-0.390897 0.880905 0)
(-0.450777 0.838407 0)
(-0.516622 0.797747 0)
(-0.589985 0.758668 0)
(-0.671517 0.723929 0)
(-0.75508 0.686615 0)
(-0.820508 0.627228 0)
(-0.84909 0.527284 0)
(-0.850978 0.405236 0)
(-0.845486 0.284703 0)
(-0.837495 0.172542 0)
(-0.826674 0.0721492 0)
(-0.811463 -0.0159758 0)
(-0.78986 -0.0934616 0)
(-0.0190986 1.15457 0)
(-0.0577473 1.14975 0)
(-0.0977871 1.13869 0)
(-0.139912 1.12247 0)
(-0.184719 1.10067 0)
(-0.232508 1.07582 0)
(-0.283481 1.04592 0)
(-0.337651 1.01371 0)
(-0.395326 0.977734 0)
(-0.456762 0.941365 0)
(-0.522838 0.904569 0)
(-0.594755 0.870073 0)
(-0.672803 0.838551 0)
(-0.754269 0.807903 0)
(-0.822039 0.754774 0)
(-0.854278 0.657255 0)
(-0.856616 0.528345 0)
(-0.848846 0.398269 0)
(-0.836641 0.273887 0)
(-0.819701 0.158304 0)
(-0.797715 0.0534161 0)
(-0.769672 -0.0407162 0)
(-0.735872 -0.124407 0)
(-0.0218007 1.19569 0)
(-0.065635 1.19156 0)
(-0.110317 1.18206 0)
(-0.156521 1.1679 0)
(-0.204917 1.14894 0)
(-0.255956 1.1269 0)
(-0.310072 1.10048 0)
(-0.367683 1.07152 0)
(-0.429237 1.03978 0)
(-0.495347 1.00754 0)
(-0.566666 0.976517 0)
(-0.64477 0.948938 0)
(-0.728723 0.922542 0)
(-0.803268 0.880747 0)
(-0.84357 0.790577 0)
(-0.84947 0.659798 0)
(-0.842353 0.521004 0)
(-0.829993 0.385382 0)
(-0.811164 0.255584 0)
(-0.786648 0.134941 0)
(-0.756541 0.0244206 0)
(-0.721983 -0.0746421 0)
(-0.683716 -0.162919 0)
(-0.025843 1.24359 0)
(-0.0777639 1.23992 0)
(-0.130449 1.23157 0)
(-0.184512 1.21919 0)
(-0.240517 1.20261 0)
(-0.298847 1.18318 0)
(-0.359873 1.15995 0)
(-0.424059 1.13449 0)
(-0.491873 1.10687 0)
(-0.563503 1.07892 0)
(-0.639681 1.05341 0)
(-0.719684 1.03099 0)
(-0.793634 0.999232 0)
(-0.83883 0.924432 0)
(-0.847067 0.795694 0)
(-0.837197 0.650695 0)
(-0.820855 0.506531 0)
(-0.797481 0.363941 0)
(-0.768795 0.229269 0)
(-0.736301 0.103955 0)
(-0.700646 -0.0106935 0)
(-0.662051 -0.113056 0)
(-0.620368 -0.204867 0)
(-0.0276807 1.29739 0)
(-0.0832885 1.29422 0)
(-0.139616 1.28687 0)
(-0.197151 1.27608 0)
(-0.256403 1.26159 0)
(-0.317851 1.24462 0)
(-0.382087 1.22444 0)
(-0.449784 1.20258 0)
(-0.521705 1.17925 0)
(-0.598177 1.15542 0)
(-0.678725 1.13446 0)
(-0.757934 1.10999 0)
(-0.815161 1.05211 0)
(-0.833485 0.935419 0)
(-0.826504 0.785977 0)
(-0.811224 0.635137 0)
(-0.788452 0.482778 0)
(-0.759366 0.334966 0)
(-0.726532 0.19641 0)
(-0.69022 0.0676547 0)
(-0.651095 -0.049559 0)
(-0.609638 -0.154656 0)
(-0.565706 -0.249326 0)
(-0.0328519 1.35825 0)
(-0.0985091 1.35527 0)
(-0.164112 1.34839 0)
(-0.230147 1.33878 0)
(-0.297393 1.32606 0)
(-0.366251 1.31115 0)
(-0.436842 1.29345 0)
(-0.509683 1.27485 0)
(-0.58523 1.25522 0)
(-0.662826 1.23433 0)
(-0.739495 1.2136 0)
(-0.801276 1.17258 0)
(-0.828642 1.07455 0)
(-0.823593 0.926321 0)
(-0.804258 0.768627 0)
(-0.777031 0.609762 0)
(-0.742788 0.450846 0)
(-0.705455 0.300137 0)
(-0.666416 0.158995 0)
(-0.626298 0.0282446 0)
(-0.584886 -0.0911025 0)
(-0.542181 -0.197709 0)
(-0.498154 -0.294688 0)
(-0.0333697 1.42482 0)
(-0.100261 1.42195 0)
(-0.167746 1.41551 0)
(-0.236395 1.40706 0)
(-0.306523 1.39587 0)
(-0.378331 1.38274 0)
(-0.452115 1.36699 0)
(-0.52818 1.351 0)
(-0.606645 1.3339 0)
(-0.686293 1.31373 0)
(-0.75956 1.28493 0)
(-0.80524 1.20928 0)
(-0.811678 1.07184 0)
(-0.795653 0.907855 0)
(-0.771122 0.743004 0)
(-0.73887 0.575602 0)
(-0.70195 0.413478 0)
(-0.66346 0.261293 0)
(-0.623179 0.118109 0)
(-0.581336 -0.0132537 0)
(-0.538416 -0.134374 0)
(-0.494168 -0.241841 0)
(-0.449274 -0.339939 0)
(-0.0394679 1.49804 0)
(-0.118389 1.49531 0)
(-0.197282 1.4893 0)
(-0.276016 1.48143 0)
(-0.354819 1.47122 0)
(-0.434126 1.45931 0)
(-0.513851 1.44474 0)
(-0.593622 1.42991 0)
(-0.671642 1.4123 0)
(-0.743606 1.38774 0)
(-0.795414 1.33666 0)
(-0.811008 1.21916 0)
(-0.796113 1.05347 0)
(-0.767281 0.881139 0)
(-0.730555 0.708149 0)
(-0.688828 0.536096 0)
(-0.645914 0.372738 0)
(-0.602658 0.219864 0)
(-0.559179 0.0753444 0)
(-0.515542 -0.0564125 0)
(-0.472309 -0.177816 0)
(-0.429089 -0.286321 0)
(-0.385465 -0.384436 0)
(-0.0390758 1.577 0)
(-0.1173 1.57433 0)
(-0.195794 1.5685 0)
(-0.274816 1.56082 0)
(-0.354776 1.55143 0)
(-0.435773 1.54025 0)
(-0.517586 1.5262 0)
(-0.599174 1.51067 0)
(-0.67806 1.48928 0)
(-0.746998 1.45241 0)
(-0.785858 1.36314 0)
(-0.785244 1.20774 0)
(-0.762469 1.02703 0)
(-0.730464 0.846432 0)
(-0.691651 0.66693 0)
(-0.650045 0.493553 0)
(-0.607858 0.329741 0)
(-0.564926 0.176225 0)
(-0.521412 0.0315402 0)
(-0.477385 -0.100729 0)
(-0.433344 -0.221227 0)
(-0.390345 -0.329578 0)
(-0.34789 -0.427707 0)
(-0.0461768 1.6627 0)
(-0.138387 1.65996 0)
(-0.230157 1.65403 0)
(-0.321089 1.64614 0)
(-0.410815 1.6367 0)
(-0.499091 1.62515 0)
(-0.585219 1.61012 0)
(-0.666407 1.59038 0)
(-0.73673 1.55957 0)
(-0.783541 1.49848 0)
(-0.793697 1.36635 0)
(-0.771999 1.18211 0)
(-0.735236 0.992816 0)
(-0.692252 0.805271 0)
(-0.645795 0.622382 0)
(-0.598568 0.448809 0)
(-0.55126 0.284525 0)
(-0.50407 0.130851 0)
(-0.458497 -0.012636 0)
(-0.415548 -0.143982 0)
(-0.374226 -0.263782 0)
(-0.334078 -0.370605 0)
(-0.294813 -0.468828 0)
(-0.0449181 1.75428 0)
(-0.134674 1.75131 0)
(-0.224144 1.74488 0)
(-0.313415 1.73645 0)
(-0.402699 1.72634 0)
(-0.491273 1.71329 0)
(-0.577537 1.69529 0)
(-0.658994 1.66872 0)
(-0.727814 1.62111 0)
(-0.764211 1.52059 0)
(-0.760761 1.35099 0)
(-0.735207 1.14998 0)
(-0.700176 0.952783 0)
(-0.65876 0.760469 0)
(-0.613944 0.575439 0)
(-0.567595 0.40169 0)
(-0.521068 0.237322 0)
(-0.474913 0.0842243 0)
(-0.429438 -0.057533 0)
(-0.386423 -0.185498 0)
(-0.346449 -0.303988 0)
(-0.30838 -0.409026 0)
(-0.271457 -0.506993 0)
(-0.0526463 1.85236 0)
(-0.157682 1.84905 0)
(-0.262048 1.842 0)
(-0.365158 1.83273 0)
(-0.465611 1.8208 0)
(-0.561706 1.80447 0)
(-0.65122 1.78081 0)
(-0.728387 1.74266 0)
(-0.779144 1.66738 0)
(-0.789449 1.52128 0)
(-0.764225 1.32149 0)
(-0.722322 1.11167 0)
(-0.674496 0.907803 0)
(-0.623214 0.712271 0)
(-0.570811 0.525914 0)
(-0.518529 0.352071 0)
(-0.467584 0.18896 0)
(-0.42061 0.0389712 0)
(-0.378801 -0.100019 0)
(-0.34094 -0.224311 0)
(-0.305234 -0.341252 0)
(-0.270549 -0.4449 0)
(-0.236333 -0.542633 0)
(-0.0549915 1.96049 0)
(-0.164408 1.95635 0)
(-0.272112 1.94774 0)
(-0.376547 1.93549 0)
(-0.475703 1.91856 0)
(-0.567543 1.8955 0)
(-0.649085 1.86161 0)
(-0.713594 1.80416 0)
(-0.74869 1.69207 0)
(-0.749359 1.50751 0)
(-0.726103 1.28642 0)
(-0.690422 1.06867 0)
(-0.647762 0.859787 0)
(-0.601089 0.66177 0)
(-0.551977 0.474331 0)
(-0.501036 0.299866 0)
(-0.449089 0.137721 0)
(-0.399928 -0.00643108 0)
(-0.357648 -0.13914 0)
(-0.321575 -0.2595 0)
(-0.288363 -0.37532 0)
(-0.256072 -0.478131 0)
(-0.224128 -0.575874 0)
(0.233258 0.139261 0)
(0.146112 0.0463475 0)
(0.102867 0.0457553 0)
(-0.0292161 0.23519 0)
(0.171395 0.281408 0)
(0.137073 0.162763 0)
(0.018439 0.273725 0)
(-0.15669 0.660625 0)
(-0.041404 0.345169 0)
(-0.141491 0.384877 0)
(-0.299789 0.640625 0)
(-0.431951 0.947414 0)
(-0.523049 0.487425 0)
(-0.608974 0.638261 0)
(-0.67928 0.873477 0)
(-0.704497 1.04935 0)
(-0.707916 0.593937 0)
(-0.728468 0.758179 0)
(-0.735913 0.918826 0)
(-0.729169 1.04241 0)
(-0.669927 0.604677 0)
(-0.652354 0.753709 0)
(-0.625386 0.881492 0)
(-0.585088 0.977775 0)
(-0.550591 0.547472 0)
(-0.510487 0.688093 0)
(-0.466813 0.796202 0)
(-0.410886 0.856798 0)
(-0.580579 0.249832 0)
(-0.350272 0.414299 0)
(-0.18886 0.637333 0)
(-0.109557 0.731166 0)
(-0.487781 -0.237006 0)
(-0.247523 -0.0953203 0)
(0.0226812 0.23355 0)
(0.286884 0.408439 0)
(-0.677824 -0.481463 0)
(-0.643465 -0.436269 0)
(-0.523108 -0.256349 0)
(-0.305116 -0.125607 0)
(-0.638716 -0.507361 0)
(-0.629364 -0.505925 0)
(-0.620093 -0.464495 0)
(-0.603186 -0.419571 0)
(-0.684283 -0.616375 0)
(-0.585955 -0.62813 0)
(-0.490028 -0.570921 0)
(-0.426403 -0.490008 0)
(-0.613254 -0.710045 0)
(-0.611238 -0.749446 0)
(-0.597368 -0.686734 0)
(-0.564423 -0.581521 0)
(-0.517323 -0.60532 0)
(-0.619919 -0.640252 0)
(-0.710598 -0.632573 0)
(-0.765255 -0.589505 0)
(-0.511291 -0.454611 0)
(-0.561045 -0.46689 0)
(-0.623742 -0.479681 0)
(-0.702067 -0.459523 0)
(-0.514257 -0.353339 0)
(-0.567998 -0.348008 0)
(-0.627702 -0.338195 0)
(-0.688163 -0.305785 0)
(-0.470893 -0.273002 0)
(-0.496098 -0.26041 0)
(-0.521257 -0.245274 0)
(-0.545003 -0.219578 0)
(-0.459987 -0.226902 0)
(-0.477162 -0.216354 0)
(-0.492579 -0.203011 0)
(-0.504791 -0.185345 0)
(-0.452402 -0.197093 0)
(-0.461103 -0.191111 0)
(-0.467118 -0.182653 0)
(-0.469827 -0.173953 0)
(-0.450573 -0.178343 0)
(-0.456978 -0.177717 0)
(-0.460416 -0.175929 0)
(-0.460628 -0.174453 0)
(-0.468296 -0.164622 0)
(-0.472272 -0.169346 0)
(-0.473698 -0.173941 0)
(-0.472532 -0.17846 0)
(-0.533042 -0.148287 0)
(-0.541682 -0.158837 0)
(-0.547313 -0.169426 0)
(-0.549806 -0.180143 0)
(-0.626004 -0.125712 0)
(-0.635287 -0.14328 0)
(-0.640815 -0.161234 0)
(-0.642885 -0.178621 0)
(-0.715664 -0.109708 0)
(-0.717997 -0.134569 0)
(-0.717925 -0.158327 0)
(-0.716663 -0.179798 0)
(-0.765406 -0.107692 0)
(-0.763589 -0.13548 0)
(-0.762542 -0.159786 0)
(-0.762795 -0.180477 0)
(-0.793043 -0.110609 0)
(-0.793109 -0.136281 0)
(-0.794613 -0.158003 0)
(-0.797041 -0.176547 0)
(-0.808962 -0.110637 0)
(-0.809971 -0.133957 0)
(-0.811228 -0.154446 0)
(-0.812047 -0.173189 0)
(-0.81922 -0.111307 0)
(-0.817406 -0.134992 0)
(-0.814425 -0.15707 0)
(-0.809797 -0.178661 0)
(-0.805648 -0.120627 0)
(-0.797156 -0.147585 0)
(-0.786632 -0.173192 0)
(-0.774078 -0.199081 0)
(-0.769904 -0.144191 0)
(-0.75447 -0.174907 0)
(-0.737623 -0.204081 0)
(-0.719534 -0.233365 0)
(-0.708383 -0.179617 0)
(-0.689442 -0.212594 0)
(-0.669774 -0.244056 0)
(-0.649357 -0.275286 0)
(-0.653592 -0.220663 0)
(-0.633084 -0.255454 0)
(-0.611742 -0.28842 0)
(-0.589625 -0.321387 0)
(-0.58791 -0.265008 0)
(-0.565959 -0.301419 0)
(-0.543429 -0.335767 0)
(-0.520439 -0.369982 0)
(-0.532061 -0.311532 0)
(-0.50976 -0.349017 0)
(-0.48706 -0.38437 0)
(-0.464007 -0.419313 0)
(-0.464748 -0.358162 0)
(-0.442787 -0.396531 0)
(-0.420503 -0.432538 0)
(-0.39795 -0.46815 0)
(-0.416018 -0.4042 0)
(-0.394476 -0.443025 0)
(-0.372866 -0.479406 0)
(-0.351156 -0.51543 0)
(-0.353426 -0.448928 0)
(-0.332869 -0.487842 0)
(-0.312335 -0.524229 0)
(-0.291798 -0.560468 0)
(-0.316787 -0.491674 0)
(-0.297143 -0.530606 0)
(-0.277611 -0.566687 0)
(-0.258195 -0.602989 0)
(-0.266011 -0.532084 0)
(-0.247681 -0.570968 0)
(-0.229402 -0.606752 0)
(-0.211193 -0.642955 0)
(-0.244505 -0.569922 0)
(-0.227298 -0.60872 0)
(-0.210116 -0.644431 0)
(-0.192967 -0.68049 0)
(-0.211064 -0.605593 0)
(-0.194754 -0.644346 0)
(-0.178378 -0.68019 0)
(-0.16194 -0.716178 0)
(-0.200508 -0.639187 0)
(-0.185185 -0.677995 0)
(-0.169752 -0.714157 0)
(-0.15421 -0.750187 0)
(-0.132813 1.39224 0)
(-0.057131 0.864233 0)
(0.140247 0.399247 0)
(0.349972 -0.134016 0)
(0.385437 -0.216014 0)
(0.264161 -0.0445733 0)
(0.12387 0.0956609 0)
(-0.0278318 0.0653048 0)
(-0.221977 -0.235847 0)
(-0.393229 -0.502547 0)
(-0.492883 -0.633377 0)
(-0.562294 -0.665241 0)
(-0.645421 -0.538921 0)
(-0.728511 -0.0815558 0)
(-0.762698 0.0790036 0)
(-0.748389 0.100219 0)
(-0.664016 0.144322 0)
(-0.47348 0.0102422 0)
(-0.176356 -0.139781 0)
(-0.203814 1.34769 0)
(-0.108347 0.754382 0)
(-0.00591166 0.238489 0)
(0.00278014 -0.170263 0)
(-0.107201 -0.111682 0)
(-0.186413 0.0334045 0)
(-0.217156 0.173249 0)
(-0.297962 0.19837 0)
(-0.44383 -0.0611383 0)
(-0.585165 -0.394367 0)
(-0.684883 -0.561158 0)
(-0.767455 -0.600529 0)
(-0.838415 -0.465116 0)
(-0.876264 -0.0452908 0)
(-0.878238 0.0770191 0)
(-0.847114 0.061949 0)
(-0.696575 -0.0288516 0)
(-0.420293 -0.237762 0)
(-0.133277 -0.419461 0)
(-0.4325 1.26878 0)
(-0.406995 0.7251 0)
(-0.527515 0.28533 0)
(-0.714643 -0.0550075 0)
(-0.774018 -0.0714265 0)
(-0.697067 -0.00280343 0)
(-0.619551 0.167909 0)
(-0.594741 0.254702 0)
(-0.635871 0.0518155 0)
(-0.739263 -0.286018 0)
(-0.852484 -0.477517 0)
(-0.933426 -0.537922 0)
(-0.953679 -0.446024 0)
(-0.859008 -0.114371 0)
(-0.69453 0.00068423 0)
(-0.526699 -0.0403684 0)
(-0.350513 -0.220549 0)
(-0.188011 -0.442217 0)
(-0.0578393 -0.592314 0)
(-0.695778 1.21765 0)
(-0.76032 0.812474 0)
(-0.880128 0.417468 0)
(-0.889257 -0.00762541 0)
(-0.783389 -0.158176 0)
(-0.605924 -0.144387 0)
(-0.428182 0.078979 0)
(-0.375451 0.27355 0)
(-0.473017 0.158148 0)
(-0.689419 -0.103905 0)
(-0.914671 -0.354259 0)
(-0.989779 -0.520778 0)
(-0.927357 -0.501849 0)
(-0.768034 -0.288346 0)
(-0.532747 -0.186171 0)
(-0.313112 -0.202117 0)
(-0.212645 -0.307571 0)
(-0.244191 -0.473578 0)
(-0.1411 -0.772127 0)
(-0.702047 1.18897 0)
(-0.709356 0.908569 0)
(-0.778591 0.496387 0)
(-0.788395 -0.0662184 0)
(-0.677738 -0.294787 0)
(-0.481207 -0.345662 0)
(-0.214343 -0.121577 0)
(0.0277924 0.207875 0)
(0.206211 0.151035 0)
(0.318504 -0.00266104 0)
(0.141798 -0.0914608 0)
(-0.351463 -0.268602 0)
(-0.651737 -0.538842 0)
(-0.596785 -0.446081 0)
(-0.479923 -0.347551 0)
(-0.508583 -0.213632 0)
(-0.793338 -0.129668 0)
(-0.851811 -0.569595 0)
(-0.353454 -1.21886 0)
(-0.452422 1.07205 0)
(-0.349713 0.940937 0)
(-0.503205 0.668908 0)
(-0.669635 -0.0765298 0)
(-0.605983 -0.442136 0)
(-0.439216 -0.527918 0)
(-0.259504 -0.344417 0)
(-0.0200643 -0.00508141 0)
(0.2852 -0.0733143 0)
(0.56801 -0.134777 0)
(0.670847 0.108973 0)
(0.465932 0.163356 0)
(0.0265107 -0.301391 0)
(-0.498592 -0.258347 0)
(-1.128 -0.0721617 0)
(-1.64875 0.00712617 0)
(-1.57148 -0.163119 0)
(-0.956766 -1.03828 0)
(-0.291237 -1.8014 0)
(-0.235619 0.843849 0)
(-0.0686723 0.923967 0)
(-0.236954 0.977553 0)
(-0.430174 -0.0583562 0)
(-0.33455 -0.604205 0)
(-0.193524 -0.645222 0)
(-0.149198 -0.431447 0)
(-0.124871 -0.157732 0)
(-0.0571703 -0.258613 0)
(0.0371146 -0.290387 0)
(0.128852 0.0894614 0)
(0.31433 0.200843 0)
(0.391731 -0.0112676 0)
(0.108148 0.18325 0)
(-0.488594 0.595619 0)
(-0.97301 0.248831 0)
(-0.836077 -0.598118 0)
(-0.414774 -1.54011 0)
(-0.117187 -2.17148 0)
(0.00755561 0.634507 0)
(0.101895 0.898603 0)
(0.012914 1.23656 0)
(-0.135368 -0.0079883 0)
(-0.10968 -0.763944 0)
(-0.0378163 -0.677956 0)
(-0.00158937 -0.472044 0)
(0.0319109 -0.169823 0)
(-0.0756989 -0.210535 0)
(-0.0664967 -0.432216 0)
(0.180845 -0.07571 0)
(0.356044 0.039512 0)
(0.396685 0.0432645 0)
(0.266917 0.502872 0)
(0.0609423 1.0024 0)
(0.0236887 0.314036 0)
(-0.0218868 -0.745981 0)
(-0.122299 -1.68261 0)
(-0.0726311 -2.3441 0)
(0.535629 0.442941 0)
(0.48815 1.05081 0)
(0.330127 1.3096 0)
(0.424029 -0.0315167 0)
(0.381211 -0.724406 0)
(0.213257 -0.630395 0)
(0.192907 -0.533937 0)
(0.288389 -0.224394 0)
(0.342757 -0.107742 0)
(0.274315 -0.481475 0)
(0.215349 -0.197111 0)
(0.172654 0.040817 0)
(0.00173731 0.15981 0)
(-0.295778 0.773096 0)
(-0.352473 0.969969 0)
(-0.00537572 0.0661304 0)
(0.276977 -0.712321 0)
(0.188305 -1.54522 0)
(0.0296957 -2.38297 0)
(0.114688 0.0657322 0)
(0.472061 1.14859 0)
(0.619733 1.22231 0)
(0.690332 -0.0924913 0)
(0.447911 -0.404925 0)
(0.186826 -0.561705 0)
(0.10809 -0.513168 0)
(-0.0316885 -0.204913 0)
(-0.166128 -0.0547287 0)
(-0.329823 -0.324458 0)
(-0.533987 -0.116059 0)
(-0.653825 0.106812 0)
(-0.775329 0.358444 0)
(-0.703848 0.779051 0)
(-0.240829 0.596416 0)
(0.244446 -0.313412 0)
(0.408716 -0.736868 0)
(0.30594 -1.34746 0)
(0.108136 -2.25827 0)
(-0.529544 -0.256472 0)
(-0.0273477 0.693354 0)
(0.637863 0.942442 0)
(0.575065 0.180607 0)
(0.204588 -0.123673 0)
(0.0493721 -0.466753 0)
(-0.336603 -0.187895 0)
(-0.943836 0.145708 0)
(-1.355 0.088312 0)
(-1.54035 -0.151694 0)
(-1.58846 -0.0605724 0)
(-1.50767 0.0866643 0)
(-1.30151 0.302041 0)
(-0.841342 0.354474 0)
(-0.26241 0.0782934 0)
(0.105943 -0.567614 0)
(0.257849 -0.768731 0)
(0.278216 -1.24104 0)
(0.125129 -2.04723 0)
(-0.382804 -0.33393 0)
(-0.261394 0.206152 0)
(-0.0263352 0.614806 0)
(0.171695 0.385758 0)
(0.221349 -0.0390404 0)
(-0.0985987 -0.121813 0)
(-0.767698 0.421787 0)
(-1.26546 0.535779 0)
(-1.45319 0.240107 0)
(-1.54216 -0.055293 0)
(-1.54016 -0.11524 0)
(-1.36053 -0.0942856 0)
(-1.00297 -0.0270179 0)
(-0.524569 -0.165631 0)
(-0.0965128 -0.312672 0)
(0.145504 -0.728881 0)
(0.249207 -0.838727 0)
(0.249577 -1.18981 0)
(0.110453 -1.83408 0)
(-0.451817 -0.436718 0)
(-0.316085 0.0758715 0)
(-0.220346 0.445604 0)
(-0.154123 0.315682 0)
(-0.319445 0.135526 0)
(-0.742365 0.375797 0)
(-1.06083 0.817768 0)
(-1.15836 0.678389 0)
(-1.18194 0.288695 0)
(-1.14244 -0.059114 0)
(-1.01748 -0.226275 0)
(-0.814178 -0.329705 0)
(-0.570392 -0.335654 0)
(-0.314121 -0.521684 0)
(-0.0520208 -0.581038 0)
(0.136238 -0.849808 0)
(0.227839 -0.894502 0)
(0.233353 -1.13936 0)
(0.103131 -1.64085 0)
(-0.789057 -0.513656 0)
(-0.691962 -0.0576163 0)
(-0.51576 0.333286 0)
(-0.523676 0.37533 0)
(-0.739609 0.420897 0)
(-0.906992 0.624528 0)
(-0.916998 0.866237 0)
(-0.88026 0.684927 0)
(-0.806641 0.236899 0)
(-0.658651 -0.176938 0)
(-0.497379 -0.36742 0)
(-0.337423 -0.517213 0)
(-0.154828 -0.533911 0)
(0.016396 -0.710201 0)
(0.15324 -0.753467 0)
(0.237166 -0.923639 0)
(0.263702 -0.927553 0)
(0.226112 -1.07729 0)
(0.0922972 -1.46403 0)
(-0.850845 -0.412788 0)
(-0.979247 -0.130112 0)
(-0.97159 0.239541 0)
(-0.937585 0.445589 0)
(-0.893518 0.506185 0)
(-0.809081 0.614295 0)
(-0.693529 0.780986 0)
(-0.545795 0.603284 0)
(-0.379238 0.101252 0)
(-0.178906 -0.356434 0)
(0.00211875 -0.497621 0)
(0.121938 -0.640143 0)
(0.219134 -0.664127 0)
(0.287969 -0.797181 0)
(0.322404 -0.821451 0)
(0.324237 -0.933245 0)
(0.292909 -0.913608 0)
(0.225031 -0.995812 0)
(0.0882458 -1.30068 0)
(-0.788524 -0.252756 0)
(-0.897947 -0.0749483 0)
(-0.911418 0.189666 0)
(-0.827686 0.388973 0)
(-0.716974 0.422776 0)
(-0.583086 0.500173 0)
(-0.381407 0.608101 0)
(-0.114756 0.401262 0)
(0.144965 -0.0823988 0)
(0.313145 -0.506197 0)
(0.405322 -0.595044 0)
(0.458226 -0.698998 0)
(0.487995 -0.72015 0)
(0.495534 -0.81026 0)
(0.471512 -0.817791 0)
(0.419855 -0.891824 0)
(0.340804 -0.855157 0)
(0.233213 -0.895501 0)
(0.0854422 -1.14353 0)
(-0.57828 -0.168501 0)
(-0.604262 -0.0366733 0)
(-0.582147 0.143588 0)
(-0.50127 0.286134 0)
(-0.371062 0.307651 0)
(-0.197496 0.33713 0)
(0.048368 0.366231 0)
(0.34883 0.130039 0)
(0.581855 -0.256989 0)
(0.669667 -0.563217 0)
(0.680321 -0.631061 0)
(0.676942 -0.707787 0)
(0.660245 -0.723184 0)
(0.623185 -0.780511 0)
(0.559573 -0.768247 0)
(0.468538 -0.81226 0)
(0.354289 -0.759826 0)
(0.227513 -0.778781 0)
(0.0804197 -0.993462 0)
(-0.512467 -0.146 0)
(-0.495077 -0.051384 0)
(-0.421247 0.0715063 0)
(-0.286251 0.162917 0)
(-0.116336 0.159344 0)
(0.0892985 0.142362 0)
(0.334912 0.116334 0)
(0.563757 -0.0989577 0)
(0.713516 -0.374316 0)
(0.770146 -0.576568 0)
(0.778314 -0.634728 0)
(0.76936 -0.69295 0)
(0.740415 -0.696714 0)
(0.685311 -0.723586 0)
(0.598508 -0.689076 0)
(0.482223 -0.703851 0)
(0.351109 -0.646234 0)
(0.219661 -0.658737 0)
(0.0768284 -0.851187 0)
(-0.463497 -0.149618 0)
(-0.430145 -0.0936625 0)
(-0.348256 -0.0270901 0)
(-0.216522 0.0202017 0)
(-0.0496365 -0.00265114 0)
(0.136254 -0.0498668 0)
(0.336303 -0.0946441 0)
(0.525604 -0.266292 0)
(0.659477 -0.463589 0)
(0.731139 -0.603355 0)
(0.766208 -0.647044 0)
(0.773063 -0.678722 0)
(0.74571 -0.659995 0)
(0.682405 -0.653165 0)
(0.586813 -0.594466 0)
(0.468925 -0.586585 0)
(0.342643 -0.530611 0)
(0.214959 -0.5399 0)
(0.0748107 -0.713986 0)
(-0.449789 -0.16493 0)
(-0.413799 -0.141076 0)
(-0.342941 -0.117862 0)
(-0.235381 -0.105518 0)
(-0.10439 -0.146426 0)
(0.0477087 -0.211881 0)
(0.219595 -0.269131 0)
(0.386094 -0.413705 0)
(0.516943 -0.555669 0)
(0.60323 -0.654166 0)
(0.665332 -0.684136 0)
(0.699984 -0.679173 0)
(0.692637 -0.62814 0)
(0.645013 -0.58465 0)
(0.56279 -0.502095 0)
(0.455032 -0.474794 0)
(0.334772 -0.419333 0)
(0.209814 -0.422588 0)
(0.0727472 -0.580477 0)
(-0.462066 -0.182493 0)
(-0.430816 -0.184338 0)
(-0.371915 -0.191989 0)
(-0.287266 -0.205284 0)
(-0.182104 -0.260312 0)
(-0.0620102 -0.344254 0)
(0.075157 -0.416367 0)
(0.22038 -0.548493 0)
(0.348799 -0.655447 0)
(0.450386 -0.724363 0)
(0.532533 -0.744446 0)
(0.596857 -0.70841 0)
(0.629616 -0.621892 0)
(0.614768 -0.534372 0)
(0.550862 -0.420155 0)
(0.451759 -0.369569 0)
(0.334768 -0.309896 0)
(0.209091 -0.305251 0)
(0.0718639 -0.449635 0)
(-0.544459 -0.196075 0)
(-0.522492 -0.218894 0)
(-0.483078 -0.246375 0)
(-0.427543 -0.277721 0)
(-0.357665 -0.346235 0)
(-0.267074 -0.448942 0)
(-0.149526 -0.542127 0)
(-0.0181667 -0.672969 0)
(0.113188 -0.766002 0)
(0.236201 -0.817017 0)
(0.347802 -0.827087 0)
(0.443645 -0.770681 0)
(0.517815 -0.656364 0)
(0.552591 -0.517925 0)
(0.526728 -0.355376 0)
(0.4468 -0.272362 0)
(0.336348 -0.201314 0)
(0.209671 -0.185504 0)
(0.0713431 -0.320062 0)
(-0.638808 -0.205241 0)
(-0.625924 -0.241249 0)
(-0.60659 -0.277162 0)
(-0.580082 -0.321152 0)
(-0.535762 -0.406117 0)
(-0.460431 -0.539172 0)
(-0.350995 -0.657256 0)
(-0.222239 -0.793176 0)
(-0.090091 -0.884196 0)
(0.0410383 -0.928756 0)
(0.169676 -0.932702 0)
(0.285822 -0.85686 0)
(0.381233 -0.723608 0)
(0.448833 -0.543301 0)
(0.464333 -0.320617 0)
(0.413049 -0.188398 0)
(0.315737 -0.0972944 0)
(0.197392 -0.0678273 0)
(0.0671593 -0.194746 0)
(-0.714176 -0.210671 0)
(-0.711431 -0.24995 0)
(-0.71025 -0.287013 0)
(-0.701273 -0.343396 0)
(-0.664917 -0.456856 0)
(-0.590235 -0.624152 0)
(-0.484305 -0.767124 0)
(-0.363494 -0.909102 0)
(-0.239303 -1.00019 0)
(-0.106978 -1.05112 0)
(0.0359784 -1.05606 0)
(0.171729 -0.961404 0)
(0.284474 -0.807391 0)
(0.368077 -0.596316 0)
(0.408841 -0.3185 0)
(0.38292 -0.120654 0)
(0.297937 -9.64252e-05 0)
(0.18682 0.042593 0)
(0.0639279 -0.0761385 0)
(-0.766063 -0.209668 0)
(-0.772317 -0.247769 0)
(-0.777077 -0.285946 0)
(-0.767288 -0.361432 0)
(-0.725636 -0.50939 0)
(-0.653395 -0.704542 0)
(-0.562568 -0.864746 0)
(-0.460947 -1.01273 0)
(-0.35148 -1.10797 0)
(-0.224039 -1.17837 0)
(-0.0773924 -1.19083 0)
(0.0710595 -1.08376 0)
(0.202274 -0.905751 0)
(0.302171 -0.663974 0)
(0.362519 -0.342317 0)
(0.360261 -0.0713331 0)
(0.292086 0.0891624 0)
(0.188162 0.147905 0)
(0.0653676 0.0408482 0)
(-0.801227 -0.204589 0)
(-0.804789 -0.243957 0)
(-0.802144 -0.287836 0)
(-0.781425 -0.387137 0)
(-0.734001 -0.564271 0)
(-0.669786 -0.773116 0)
(-0.597833 -0.943444 0)
(-0.51566 -1.10031 0)
(-0.418569 -1.20726 0)
(-0.299819 -1.30181 0)
(-0.158913 -1.32755 0)
(-0.00371244 -1.22178 0)
(0.144845 -1.02086 0)
(0.25952 -0.742993 0)
(0.332373 -0.383807 0)
(0.345972 -0.0400968 0)
(0.290946 0.169404 0)
(0.191135 0.252005 0)
(0.0667551 0.160393 0)
(-0.811077 -0.203103 0)
(-0.804314 -0.24833 0)
(-0.786489 -0.301975 0)
(-0.751999 -0.422942 0)
(-0.705201 -0.613707 0)
(-0.656371 -0.825953 0)
(-0.60279 -1.00418 0)
(-0.535842 -1.17449 0)
(-0.451194 -1.29751 0)
(-0.346514 -1.41371 0)
(-0.216916 -1.46039 0)
(-0.061476 -1.36999 0)
(0.0980906 -1.15143 0)
(0.228086 -0.833791 0)
(0.313307 -0.436024 0)
(0.336942 -0.0215603 0)
(0.28819 0.244773 0)
(0.189304 0.35642 0)
(0.0657647 0.280297 0)
(-0.796882 -0.213331 0)
(-0.770385 -0.268187 0)
(-0.732326 -0.332672 0)
(-0.687409 -0.46408 0)
(-0.64738 -0.65112 0)
(-0.613441 -0.863422 0)
(-0.5748 -1.05015 0)
(-0.52189 -1.23697 0)
(-0.44938 -1.37723 0)
(-0.357225 -1.51209 0)
(-0.236876 -1.58816 0)
(-0.0862091 -1.51917 0)
(0.0751727 -1.29263 0)
(0.216622 -0.938184 0)
(0.313336 -0.496236 0)
(0.346321 -0.0125695 0)
(0.302401 0.319638 0)
(0.199909 0.463765 0)
(0.069523 0.402706 0)
(-0.747765 -0.240131 0)
(-0.704312 -0.304668 0)
(-0.655075 -0.375166 0)
(-0.607299 -0.505444 0)
(-0.567239 -0.682211 0)
(-0.532901 -0.894101 0)
(-0.500951 -1.08333 0)
(-0.462185 -1.28672 0)
(-0.404554 -1.44522 0)
(-0.32605 -1.5985 0)
(-0.218421 -1.70801 0)
(-0.0793397 -1.66147 0)
(0.0768678 -1.43766 0)
(0.223972 -1.05422 0)
(0.329304 -0.563002 0)
(0.367023 -0.00976804 0)
(0.323049 0.39637 0)
(0.214555 0.577938 0)
(0.074617 0.533124 0)
(-0.685886 -0.279793 0)
(-0.635368 -0.350021 0)
(-0.583305 -0.42146 0)
(-0.533688 -0.547262 0)
(-0.491533 -0.714774 0)
(-0.454051 -0.926512 0)
(-0.419816 -1.1108 0)
(-0.386467 -1.3245 0)
(-0.340871 -1.50083 0)
(-0.275913 -1.67269 0)
(-0.182781 -1.81547 0)
(-0.0561004 -1.79447 0)
(0.0946765 -1.58242 0)
(0.243265 -1.17699 0)
(0.353325 -0.635103 0)
(0.396585 -0.0109308 0)
(0.352767 0.476974 0)
(0.235091 0.701978 0)
(0.0816622 0.674525 0)
(-0.613182 -0.325131 0)
(-0.559775 -0.398704 0)
(-0.504652 -0.46975 0)
(-0.453986 -0.589698 0)
(-0.414818 -0.745911 0)
(-0.379843 -0.960926 0)
(-0.342738 -1.14093 0)
(-0.307434 -1.35649 0)
(-0.266657 -1.54699 0)
(-0.210405 -1.73619 0)
(-0.127756 -1.91101 0)
(-0.0106096 -1.91954 0)
(0.134971 -1.72548 0)
(0.284216 -1.3034 0)
(0.39739 -0.710672 0)
(0.439912 -0.0129736 0)
(0.389288 0.564473 0)
(0.259066 0.838781 0)
(0.0898193 0.829681 0)
(-0.550632 -0.373528 0)
(-0.494216 -0.449666 0)
(-0.43633 -0.521028 0)
(-0.382954 -0.632548 0)
(-0.34416 -0.773595 0)
(-0.3124 -0.993619 0)
(-0.275497 -1.17519 0)
(-0.238195 -1.38791 0)
(-0.199586 -1.58739 0)
(-0.15081 -1.79082 0)
(-0.0781518 -1.9969 0)
(0.0291924 -2.03676 0)
(0.167112 -1.86477 0)
(0.316718 -1.4345 0)
(0.435986 -0.78987 0)
(0.482305 -0.0141535 0)
(0.428086 0.660518 0)
(0.285081 0.989956 0)
(0.0987152 1.00027 0)
(-0.48069 -0.424097 0)
(-0.423986 -0.50144 0)
(-0.366475 -0.573657 0)
(-0.312202 -0.677312 0)
(-0.270916 -0.801282 0)
(-0.239838 -1.02278 0)
(-0.205444 -1.21053 0)
(-0.167343 -1.42079 0)
(-0.127154 -1.62581 0)
(-0.0802618 -1.83896 0)
(-0.0139033 -2.07454 0)
(0.0851591 -2.14588 0)
(0.215572 -1.99843 0)
(0.363993 -1.57049 0)
(0.4888 -0.874721 0)
(0.536448 -0.0143193 0)
(0.473475 0.766719 0)
(0.314526 1.15697 0)
(0.108799 1.18803 0)
(-0.424843 -0.474507 0)
(-0.369295 -0.552588 0)
(-0.313186 -0.625306 0)
(-0.258872 -0.723905 0)
(-0.2135 -0.833091 0)
(-0.179823 -1.04956 0)
(-0.147327 -1.24428 0)
(-0.110024 -1.45527 0)
(-0.068823 -1.66497 0)
(-0.0224809 -1.88416 0)
(0.0388715 -2.14489 0)
(0.129038 -2.24674 0)
(0.250978 -2.1259 0)
(0.396511 -1.70899 0)
(0.525315 -0.965687 0)
(0.577593 -0.0137627 0)
(0.510158 0.884153 0)
(0.337737 1.33936 0)
(0.116544 1.39192 0)
(-0.359754 -0.523725 0)
(-0.306057 -0.602209 0)
(-0.252768 -0.674663 0)
(-0.201378 -0.770184 0)
(-0.15553 -0.869345 0)
(-0.119162 -1.07668 0)
(-0.0865663 -1.27605 0)
(-0.0503489 -1.49002 0)
(-0.00871208 -1.70518 0)
(0.0380111 -1.92816 0)
(0.0965135 -2.20934 0)
(0.179572 -2.33903 0)
(0.293194 -2.24675 0)
(0.435717 -1.84877 0)
(0.568861 -1.06291 0)
(0.622902 -0.012735 0)
(0.547543 1.01232 0)
(0.361185 1.53582 0)
(0.124356 1.60989 0)
(-0.314637 -0.571211 0)
(-0.263022 -0.650003 0)
(-0.211785 -0.72144 0)
(-0.162744 -0.814273 0)
(-0.116536 -0.908544 0)
(-0.076907 -1.10624 0)
(-0.0429864 -1.30667 0)
(-0.00799944 -1.52382 0)
(0.0328952 -1.74605 0)
(0.0796828 -1.9719 0)
(0.136032 -2.26952 0)
(0.213257 -2.42387 0)
(0.318956 -2.36035 0)
(0.457001 -1.98904 0)
(0.591018 -1.16438 0)
(0.644035 -0.00813435 0)
(0.563075 1.14915 0)
(0.369717 1.74256 0)
(0.126852 1.83718 0)
(-0.257493 -0.616132 0)
(-0.209291 -0.695393 0)
(-0.160988 -0.766111 0)
(-0.1145 -0.856034 0)
(-0.0704745 -0.948424 0)
(-0.0307602 -1.13815 0)
(0.00490467 -1.33772 0)
(0.04031 -1.55646 0)
(0.0799586 -1.78629 0)
(0.124912 -2.01467 0)
(0.177896 -2.32568 0)
(0.249399 -2.50229 0)
(0.34722 -2.46609 0)
(0.478773 -2.12725 0)
(0.610403 -1.26654 0)
(0.65897 0.00210533 0)
(0.570644 1.29208 0)
(0.372767 1.95363 0)
(0.127755 2.06756 0)
(-0.225799 -0.658395 0)
(-0.180465 -0.737759 0)
(-0.134758 -0.808803 0)
(-0.0900411 -0.895863 0)
(-0.0472694 -0.987128 0)
(-0.00738646 -1.17147 0)
(0.0300197 -1.37052 0)
(0.0662496 -1.58848 0)
(0.105151 -1.82534 0)
(0.148404 -2.05543 0)
(0.19649 -2.37638 0)
(0.260113 -2.57386 0)
(0.346711 -2.56139 0)
(0.465314 -2.2583 0)
(0.58823 -1.36581 0)
(0.631444 0.018328 0)
(0.543802 1.43506 0)
(0.35447 2.161 0)
(0.121276 2.29289 0)
(-0.180714 -0.698283 0)
(-0.138015 -0.777521 0)
(-0.0948569 -0.849445 0)
(-0.0520014 -0.934457 0)
(-0.0102131 -1.02504 0)
(0.0290242 -1.20514 0)
(0.0663658 -1.40448 0)
(0.10276 -1.62024 0)
(0.140606 -1.86304 0)
(0.182179 -2.0945 0)
(0.226194 -2.42066 0)
(0.282358 -2.63798 0)
(0.356565 -2.64278 0)
(0.459975 -2.3778 0)
(0.569393 -1.45654 0)
(0.593639 0.0480156 0)
(0.496291 1.57275 0)
(0.320855 2.35336 0)
(0.110089 2.50223 0)
(-0.164192 -0.735931 0)
(-0.123899 -0.814967 0)
(-0.0831873 -0.887886 0)
(-0.0423014 -0.971788 0)
(-0.00175016 -1.06222 0)
(0.0368781 -1.23843 0)
(0.0743399 -1.43889 0)
(0.110826 -1.65178 0)
(0.14712 -1.89858 0)
(0.185547 -2.13134 0)
(0.223748 -2.45821 0)
(0.268985 -2.69218 0)
(0.325026 -2.70644 0)
(0.403676 -2.47888 0)
(0.493291 -1.53555 0)
(0.512232 0.0879479 0)
(0.424453 1.70032 0)
(0.271781 2.52267 0)
(0.0926704 2.6857 0)
(-0.134101 -0.771977 0)
(-0.0949081 -0.850843 0)
(-0.0551575 -0.924817 0)
(-0.0151625 -1.00804 0)
(0.0249773 -1.09898 0)
(0.06367 -1.27163 0)
(0.101165 -1.47351 0)
(0.137788 -1.68332 0)
(0.173306 -1.93204 0)
(0.209455 -2.16538 0)
(0.243015 -2.48912 0)
(0.279987 -2.73567 0)
(0.321801 -2.75151 0)
(0.380248 -2.55788 0)
(0.450895 -1.60157 0)
(0.449414 0.13817 0)
(0.353304 1.8165 0)
(0.22344 2.66216 0)
(0.0778654 2.84002 0)
(-0.127745 -0.806607 0)
(-0.0904121 -0.885398 0)
(-0.0525089 -0.960463 0)
(-0.0143527 -1.04304 0)
(0.0242666 -1.13517 0)
(0.0623288 -1.30481 0)
(0.0994456 -1.50775 0)
(0.13597 -1.71516 0)
(0.170785 -1.96372 0)
(0.204846 -2.1971 0)
(0.235787 -2.51562 0)
(0.266261 -2.77003 0)
(0.294777 -2.7806 0)
(0.326692 -2.61036 0)
(0.354858 -1.63833 0)
(0.318901 0.208883 0)
(0.229408 1.91367 0)
(0.14338 2.76018 0)
(0.0513281 2.95682 0)
)
;

boundaryField
{
    leftWall
    {
        type            extrapolatedCalculated;
        value           nonuniform List<vector> 
50
(
(-0.0259571 0.0122671 0)
(-0.0263243 0.0369749 0)
(-0.0268872 0.0621223 0)
(-0.027874 0.088002 0)
(-0.028987 0.114874 0)
(-0.0305255 0.142999 0)
(-0.0323344 0.172706 0)
(-0.0361513 0.205072 0)
(-0.036319 0.258666 0)
(-0.0536423 0.349097 0)
(-0.0668868 0.470375 0)
(-0.131228 0.671161 0)
(-0.356812 1.16674 0)
(-0.542181 2.07503 0)
(-0.518347 3.14484 0)
(-0.392146 4.06423 0)
(-0.254927 4.71697 0)
(-0.225702 5.2011 0)
(-0.253229 5.68283 0)
(-0.126627 6.06475 0)
(0.113757 6.07771 0)
(0.349892 5.61161 0)
(0.542892 4.71411 0)
(0.549771 3.61575 0)
(0.383371 2.67776 0)
(0.223709 2.06751 0)
(0.138944 1.70297 0)
(0.091411 1.47142 0)
(0.0621376 1.31707 0)
(0.0418022 1.2126 0)
(0.0285035 1.14193 0)
(0.0175768 1.09561 0)
(0.00794844 1.06996 0)
(0.00128935 1.06068 0)
(-0.00332677 1.06273 0)
(-0.00755828 1.07368 0)
(-0.0117215 1.09306 0)
(-0.0151817 1.12011 0)
(-0.0190986 1.15457 0)
(-0.0218007 1.19569 0)
(-0.025843 1.24359 0)
(-0.0276807 1.29739 0)
(-0.0328519 1.35825 0)
(-0.0333697 1.42482 0)
(-0.0394679 1.49804 0)
(-0.0390758 1.577 0)
(-0.0461768 1.6627 0)
(-0.0449181 1.75428 0)
(-0.0526463 1.85236 0)
(-0.0549915 1.96049 0)
)
;
    }
    rightWall
    {
        type            extrapolatedCalculated;
        value           nonuniform List<vector> 
50
(
(-0.168683 -0.0717437 0)
(-0.115583 -0.192648 0)
(0.00180087 -0.241036 0)
(0.10211 -0.196824 0)
(0.119899 -0.10238 0)
(0.0886985 -0.0136459 0)
(0.0434326 0.0425628 0)
(-0.0489443 0.0402613 0)
(-0.176356 -0.139781 0)
(-0.133277 -0.419461 0)
(-0.0578393 -0.592314 0)
(-0.1411 -0.772127 0)
(-0.353454 -1.21886 0)
(-0.291237 -1.8014 0)
(-0.117187 -2.17148 0)
(-0.0726311 -2.3441 0)
(0.0296957 -2.38297 0)
(0.108136 -2.25827 0)
(0.125129 -2.04723 0)
(0.110453 -1.83408 0)
(0.103131 -1.64085 0)
(0.0922972 -1.46403 0)
(0.0882458 -1.30068 0)
(0.0854422 -1.14353 0)
(0.0804197 -0.993462 0)
(0.0768284 -0.851187 0)
(0.0748107 -0.713986 0)
(0.0727472 -0.580477 0)
(0.0718639 -0.449635 0)
(0.0713431 -0.320062 0)
(0.0671593 -0.194746 0)
(0.0639279 -0.0761385 0)
(0.0653676 0.0408482 0)
(0.0667551 0.160393 0)
(0.0657647 0.280297 0)
(0.069523 0.402706 0)
(0.074617 0.533124 0)
(0.0816622 0.674525 0)
(0.0898193 0.829681 0)
(0.0987152 1.00027 0)
(0.108799 1.18803 0)
(0.116544 1.39192 0)
(0.124356 1.60989 0)
(0.126852 1.83718 0)
(0.127755 2.06756 0)
(0.121276 2.29289 0)
(0.110089 2.50223 0)
(0.0926704 2.6857 0)
(0.0778654 2.84002 0)
(0.0513281 2.95682 0)
)
;
    }
    lowerWall
    {
        type            extrapolatedCalculated;
        value           nonuniform List<vector> 
62
(
(-0.0259571 0.0122671 0)
(-0.0765127 0.0116251 0)
(-0.123807 0.0107258 0)
(-0.16591 0.00917185 0)
(-0.200646 0.00724401 0)
(-0.227663 0.00552417 0)
(-0.246962 0.00359606 0)
(-0.258541 0.00187626 0)
(-0.263569 0.000500082 0)
(-0.262941 -0.000797002 0)
(-0.256846 -0.00208345 0)
(-0.246066 -0.00301084 0)
(-0.231416 -0.00391276 0)
(-0.212125 -0.0052042 0)
(-0.186897 -0.00671829 0)
(-0.154063 -0.00879873 0)
(-0.11283 -0.0106875 0)
(-0.0648871 -0.0119701 0)
(-0.0143988 -0.0118903 0)
(0.0315088 -0.00980525 0)
(0.0556919 -0.00162348 0)
(0.0540007 0.00242272 0)
(0.0244372 0.0115488 0)
(0.0244372 0.0115488 0)
(0.0235545 0.0342294 0)
(0.0291323 0.0591288 0)
(0.0369113 0.0903406 0)
(0.0515667 0.132155 0)
(0.0604326 0.185085 0)
(0.0830431 0.25289 0)
(0.081523 0.330663 0)
(0.233258 0.139261 0)
(0.146112 0.0463475 0)
(0.102867 0.0457553 0)
(-0.0292161 0.23519 0)
(-0.338993 0.144189 0)
(-0.279309 0.407187 0)
(-0.259912 0.636633 0)
(-0.220071 0.8409 0)
(-0.199888 1.01961 0)
(-0.154597 1.1705 0)
(-0.121264 1.28792 0)
(-0.0692352 1.36902 0)
(-0.338993 0.144189 0)
(-0.923002 0.104144 0)
(-1.35164 0.0779015 0)
(-1.65857 0.0523928 0)
(-1.87033 0.0376186 0)
(-2.02636 0.0287517 0)
(-2.14476 0.0216383 0)
(-2.226 0.0130074 0)
(-2.22524 -0.0130006 0)
(-1.89844 -0.12427 0)
(-1.21278 -0.166764 0)
(-0.69401 -0.0547232 0)
(-0.585651 0.00863443 0)
(-0.658503 0.0223153 0)
(-0.726954 0.00681054 0)
(-0.701907 -0.0174392 0)
(-0.60244 -0.0248449 0)
(-0.440685 -0.0439321 0)
(-0.168683 -0.0717437 0)
)
;
    }
    atmosphere
    {
        type            extrapolatedCalculated;
        value           nonuniform List<vector> 
46
(
(-0.0549915 1.96049 0)
(-0.164408 1.95635 0)
(-0.272112 1.94774 0)
(-0.376547 1.93549 0)
(-0.475703 1.91856 0)
(-0.567543 1.8955 0)
(-0.649085 1.86161 0)
(-0.713594 1.80416 0)
(-0.74869 1.69207 0)
(-0.749359 1.50751 0)
(-0.726103 1.28642 0)
(-0.690422 1.06867 0)
(-0.647762 0.859787 0)
(-0.601089 0.66177 0)
(-0.551977 0.474331 0)
(-0.501036 0.299866 0)
(-0.449089 0.137721 0)
(-0.399928 -0.00643108 0)
(-0.357648 -0.13914 0)
(-0.321575 -0.2595 0)
(-0.288363 -0.37532 0)
(-0.256072 -0.478131 0)
(-0.224128 -0.575874 0)
(-0.200508 -0.639187 0)
(-0.185185 -0.677995 0)
(-0.169752 -0.714157 0)
(-0.15421 -0.750187 0)
(-0.127745 -0.806607 0)
(-0.0904121 -0.885398 0)
(-0.0525089 -0.960463 0)
(-0.0143527 -1.04304 0)
(0.0242666 -1.13517 0)
(0.0623288 -1.30481 0)
(0.0994456 -1.50775 0)
(0.13597 -1.71516 0)
(0.170785 -1.96372 0)
(0.204846 -2.1971 0)
(0.235787 -2.51562 0)
(0.266261 -2.77003 0)
(0.294777 -2.7806 0)
(0.326692 -2.61036 0)
(0.354858 -1.63833 0)
(0.318901 0.208883 0)
(0.229408 1.91367 0)
(0.14338 2.76018 0)
(0.0513281 2.95682 0)
)
;
    }
    defaultFaces
    {
        type            empty;
    }
}


// ************************************************************************* //
