/*--------------------------------*- C++ -*----------------------------------*\
| =========                 |                                                 |
| \\      /  F ield         | OpenFOAM: The Open Source CFD Toolbox           |
|  \\    /   O peration     | Version:  2012                                  |
|   \\  /    A nd           | Website:  www.openfoam.com                      |
|    \\/     M anipulation  |                                                 |
\*---------------------------------------------------------------------------*/
FoamFile
{
    version     2.0;
    format      ascii;
    class       volVectorField;
    location    "0.85";
    object      U;
}
// * * * * * * * * * * * * * * * * * * * * * * * * * * * * * * * * * * * * * //

dimensions      [0 1 -1 0 0 0 0];


internalField   nonuniform List<vector> 
2268
(
(-0.0300804 0.0130135 0)
(-0.086784 0.0118929 0)
(-0.139745 0.0103641 0)
(-0.186397 0.00816803 0)
(-0.222976 0.00550388 0)
(-0.250796 0.00319597 0)
(-0.270257 0.00159461 0)
(-0.281998 0.000702086 0)
(-0.286168 -0.000121329 0)
(-0.285524 -0.00113187 0)
(-0.278491 -0.00202063 0)
(-0.266221 -0.00328972 0)
(-0.250305 -0.00421806 0)
(-0.230341 -0.00507206 0)
(-0.204493 -0.00684643 0)
(-0.172369 -0.00905567 0)
(-0.130497 -0.0113831 0)
(-0.0821688 -0.0131002 0)
(-0.0301959 -0.0137043 0)
(0.0204974 -0.0137505 0)
(0.055587 -0.00566657 0)
(0.0450226 -0.00799114 0)
(0.0458493 0.00396593 0)
(-0.0305158 0.0422717 0)
(-0.0881281 0.0399349 0)
(-0.141668 0.0368244 0)
(-0.188469 0.0311406 0)
(-0.224909 0.0250747 0)
(-0.252188 0.0191214 0)
(-0.271021 0.0132736 0)
(-0.282924 0.00679664 0)
(-0.287738 0.00187749 0)
(-0.286401 -0.0024801 0)
(-0.279063 -0.00705124 0)
(-0.266691 -0.0100018 0)
(-0.251045 -0.012676 0)
(-0.231575 -0.0165893 0)
(-0.206109 -0.0204432 0)
(-0.173505 -0.0259734 0)
(-0.131776 -0.0310893 0)
(-0.0823617 -0.0344053 0)
(-0.0297797 -0.0346194 0)
(0.0223788 -0.0268957 0)
(0.0581054 -0.0057007 0)
(0.0487088 0.0126341 0)
(0.0373371 0.0390557 0)
(-0.0315986 0.0689622 0)
(-0.0899998 0.0642443 0)
(-0.143974 0.0576893 0)
(-0.191357 0.0472724 0)
(-0.228691 0.0355277 0)
(-0.256991 0.0247381 0)
(-0.276331 0.0160569 0)
(-0.287902 0.00844305 0)
(-0.29177 0.00141238 0)
(-0.28938 -0.00538583 0)
(-0.281487 -0.0114089 0)
(-0.269001 -0.0167021 0)
(-0.254388 -0.0208684 0)
(-0.234261 -0.0264597 0)
(-0.209105 -0.034347 0)
(-0.175144 -0.0443467 0)
(-0.133515 -0.0545042 0)
(-0.081399 -0.0615021 0)
(-0.0260753 -0.063263 0)
(0.0317237 -0.0555422 0)
(0.0798376 -0.0182836 0)
(0.06711 0.00148709 0)
(0.0425659 0.0444421 0)
(-0.0330375 0.0999824 0)
(-0.093573 0.0932245 0)
(-0.149146 0.0850714 0)
(-0.19709 0.071361 0)
(-0.234009 0.0565035 0)
(-0.260997 0.0418263 0)
(-0.279327 0.0281994 0)
(-0.291116 0.0141925 0)
(-0.295344 0.00286657 0)
(-0.291987 -0.00716407 0)
(-0.283671 -0.0165127 0)
(-0.271233 -0.0225792 0)
(-0.256422 -0.0289189 0)
(-0.237585 -0.0378636 0)
(-0.214485 -0.0481126 0)
(-0.180735 -0.061653 0)
(-0.140091 -0.0750292 0)
(-0.0851339 -0.0851884 0)
(-0.0265889 -0.0876174 0)
(0.0405882 -0.0769093 0)
(0.0968384 -0.0217681 0)
(0.0924431 0.0306909 0)
(0.049152 0.0912766 0)
(-0.0349125 0.128482 0)
(-0.0975419 0.118714 0)
(-0.155131 0.106291 0)
(-0.204397 0.0868583 0)
(-0.242799 0.0653998 0)
(-0.271519 0.045616 0)
(-0.289996 0.0301039 0)
(-0.300454 0.0157158 0)
(-0.302052 0.00152567 0)
(-0.297772 -0.0111985 0)
(-0.288511 -0.0214001 0)
(-0.27596 -0.0299495 0)
(-0.26313 -0.0369245 0)
(-0.243822 -0.0465637 0)
(-0.221125 -0.061424 0)
(-0.185817 -0.0797731 0)
(-0.144777 -0.0999304 0)
(-0.0853275 -0.115455 0)
(-0.0213264 -0.12299 0)
(0.0607173 -0.114291 0)
(0.135499 -0.0434206 0)
(0.128786 0.0232757 0)
(0.0710078 0.110754 0)
(-0.0370128 0.163046 0)
(-0.103757 0.15044 0)
(-0.16402 0.136212 0)
(-0.214356 0.113253 0)
(-0.251965 0.0889549 0)
(-0.278421 0.0645808 0)
(-0.295321 0.0423299 0)
(-0.306188 0.0200611 0)
(-0.308744 0.00209505 0)
(-0.302272 -0.0132831 0)
(-0.292056 -0.0265631 0)
(-0.279108 -0.0341458 0)
(-0.264784 -0.0438434 0)
(-0.24948 -0.0574642 0)
(-0.229957 -0.0751122 0)
(-0.195964 -0.097588 0)
(-0.155496 -0.121957 0)
(-0.09402 -0.143441 0)
(-0.0256386 -0.155905 0)
(0.0751962 -0.150882 0)
(0.158261 -0.0527126 0)
(0.162714 0.0620383 0)
(0.0773956 0.186682 0)
(-0.0397621 0.194467 0)
(-0.110954 0.178036 0)
(-0.173459 0.157978 0)
(-0.22511 0.127475 0)
(-0.264678 0.09511 0)
(-0.293457 0.0651654 0)
(-0.310501 0.0430784 0)
(-0.319227 0.0216434 0)
(-0.317213 -0.000778777 0)
(-0.310433 -0.0194667 0)
(-0.298288 -0.0325781 0)
(-0.285253 -0.0434119 0)
(-0.275674 -0.0511454 0)
(-0.261634 -0.0634321 0)
(-0.242046 -0.0870505 0)
(-0.206312 -0.115335 0)
(-0.163188 -0.148529 0)
(-0.0983431 -0.177249 0)
(-0.0234622 -0.203514 0)
(0.0948403 -0.201852 0)
(0.184251 -0.08597 0)
(0.201884 0.0602231 0)
(0.123933 0.22272 0)
(-0.0433489 0.235027 0)
(-0.124543 0.21431 0)
(-0.193291 0.19119 0)
(-0.246475 0.15725 0)
(-0.283653 0.12234 0)
(-0.307348 0.0870452 0)
(-0.319906 0.054928 0)
(-0.328835 0.0234078 0)
(-0.328834 -0.00138494 0)
(-0.316768 -0.0219173 0)
(-0.303017 -0.0382305 0)
(-0.288096 -0.0441715 0)
(-0.276609 -0.0546942 0)
(-0.269086 -0.0729955 0)
(-0.25182 -0.100734 0)
(-0.218974 -0.134609 0)
(-0.178542 -0.172251 0)
(-0.117949 -0.209304 0)
(-0.0360747 -0.246228 0)
(0.0873439 -0.248748 0)
(0.176985 -0.101298 0)
(0.2055 0.0917737 0)
(0.115378 0.34308 0)
(-0.4223 0.191154 0)
(-0.955488 0.113693 0)
(-1.38252 0.0569702 0)
(-1.63737 0.0115659 0)
(-1.77835 -0.000704505 0)
(-1.90467 0.0125086 0)
(-2.04619 -0.0351511 0)
(-2.13296 -0.0606071 0)
(-2.20366 -0.0224445 0)
(-2.2266 0.0280516 0)
(-1.91086 0.0791763 0)
(-1.05375 -0.0557943 0)
(-0.792613 0.0111306 0)
(-0.798396 -0.137876 0)
(-0.817661 -0.13906 0)
(-0.760296 0.00583778 0)
(-0.595729 0.0131974 0)
(-0.458638 -0.0475681 0)
(-0.175121 -0.0736516 0)
(-0.327812 0.395486 0)
(-0.834304 0.296124 0)
(-1.24755 0.233165 0)
(-1.45672 0.157419 0)
(-1.57568 0.113961 0)
(-1.746 0.100457 0)
(-2.06988 0.131749 0)
(-2.22148 0.126684 0)
(-2.25668 0.0618267 0)
(-2.01815 -0.155337 0)
(-0.614881 -0.571904 0)
(-0.0485542 -0.422264 0)
(0.480661 -0.122754 0)
(0.774193 0.146826 0)
(0.284364 0.133886 0)
(-0.240624 -0.0980688 0)
(-0.365225 -0.141604 0)
(-0.309026 -0.131395 0)
(-0.130364 -0.196262 0)
(-0.333032 0.680871 0)
(-0.782316 0.503531 0)
(-1.0946 0.321316 0)
(-1.23113 0.151143 0)
(-1.29507 0.120169 0)
(-1.38831 0.225977 0)
(-1.69351 0.169964 0)
(-1.97985 0.025709 0)
(-1.39167 -0.126211 0)
(-0.556792 -0.647865 0)
(-0.112244 -0.771272 0)
(0.0447615 -0.534183 0)
(0.347189 -0.326462 0)
(0.569718 -0.0484402 0)
(0.781008 0.269061 0)
(0.624654 0.271216 0)
(0.148504 0.042981 0)
(0.0435043 -0.148377 0)
(-0.00933014 -0.261205 0)
(-0.281656 0.872391 0)
(-0.642492 0.62374 0)
(-0.877506 0.424423 0)
(-0.958572 0.244149 0)
(-0.947615 0.182874 0)
(-0.808893 0.227267 0)
(-0.316152 0.374566 0)
(-0.581751 -0.0250509 0)
(-0.153097 -0.525675 0)
(-0.0656566 -0.699798 0)
(-0.0220769 -0.82953 0)
(0.085183 -0.61513 0)
(0.413642 -0.351269 0)
(0.501392 -0.0441384 0)
(0.580502 0.127216 0)
(0.642264 0.185073 0)
(0.579513 0.108083 0)
(0.329845 -0.0628563 0)
(0.111423 -0.180455 0)
(-0.267063 1.07137 0)
(-0.531366 0.754585 0)
(-0.738433 0.455782 0)
(-0.747685 0.180385 0)
(-0.446822 0.0488755 0)
(-0.107337 0.0290028 0)
(0.288201 0.118441 0)
(0.560993 -0.0279102 0)
(0.0823106 -0.354295 0)
(0.0967801 -0.678891 0)
(-0.0304065 -0.840787 0)
(-0.00166023 -0.725185 0)
(0.357622 -0.499717 0)
(0.58867 -0.11527 0)
(0.601963 0.20289 0)
(0.577344 0.260984 0)
(0.522156 0.175781 0)
(0.351396 0.0497474 0)
(0.160295 -0.0753797 0)
(-0.193199 1.21243 0)
(-0.38585 0.826399 0)
(-0.608708 0.5159 0)
(-0.60855 0.120016 0)
(-0.203762 -0.0898399 0)
(0.0125797 -0.124292 0)
(0.132621 0.0802398 0)
(0.0686443 0.032366 0)
(-0.0291153 -0.326645 0)
(0.0891987 -0.658477 0)
(-0.144725 -0.786761 0)
(-0.17536 -0.777286 0)
(-0.0314219 -0.601863 0)
(0.286475 -0.151548 0)
(0.431445 0.135803 0)
(0.514586 0.222582 0)
(0.45492 0.204314 0)
(0.29759 0.0911814 0)
(0.108845 0.0386569 0)
(-0.155321 1.31663 0)
(-0.253212 0.930127 0)
(-0.418775 0.552484 0)
(-0.469251 0.0057087 0)
(0.124069 -0.216107 0)
(0.139968 -0.113464 0)
(0.14867 0.097629 0)
(0.145238 0.0476826 0)
(0.0680424 -0.362201 0)
(-0.0598611 -0.63442 0)
(-0.20694 -0.728353 0)
(-0.274352 -0.778328 0)
(-0.251867 -0.695875 0)
(-0.0567129 -0.303494 0)
(-0.0352216 0.101285 0)
(0.214984 0.248929 0)
(0.234889 0.268379 0)
(0.132512 0.197093 0)
(0.0775097 0.0953873 0)
(-0.0794685 1.3858 0)
(-0.104329 0.932978 0)
(0.117166 0.624122 0)
(-0.0953766 -0.114055 0)
(0.313608 -0.341812 0)
(0.228191 -0.136385 0)
(0.236884 0.0781719 0)
(0.174987 0.0653484 0)
(0.0880597 -0.2254 0)
(-0.197227 -0.542445 0)
(-0.279 -0.693967 0)
(-0.365423 -0.758477 0)
(-0.393154 -0.694283 0)
(-0.418325 -0.248965 0)
(-0.56441 0.0236785 0)
(-0.349939 0.10944 0)
(-0.150421 0.238199 0)
(-0.078942 0.156818 0)
(-0.0569712 0.130847 0)
(-0.0459276 0.294376 0)
(-0.13035 0.266622 0)
(-0.202166 0.227896 0)
(-0.260887 0.174912 0)
(-0.305236 0.123552 0)
(-0.336015 0.0771656 0)
(-0.350353 0.052627 0)
(-0.352534 0.0264368 0)
(-0.339031 -0.0102354 0)
(-0.326709 -0.037742 0)
(-0.302625 -0.0507581 0)
(-0.289592 -0.0638277 0)
(-0.294643 -0.0635358 0)
(-0.288986 -0.0771783 0)
(-0.275289 -0.117033 0)
(-0.243753 -0.159345 0)
(-0.208465 -0.210657 0)
(-0.148359 -0.26524 0)
(-0.0623969 -0.332249 0)
(0.0538681 -0.334322 0)
(0.159163 -0.167385 0)
(0.319027 0.0849411 0)
(0.254471 0.38626 0)
(-0.0690584 0.39202 0)
(-0.192628 0.353492 0)
(-0.27706 0.31115 0)
(-0.327489 0.256133 0)
(-0.354918 0.199131 0)
(-0.35388 0.137574 0)
(-0.344681 0.0722884 0)
(-0.367029 0.0107814 0)
(-0.370143 -0.0230581 0)
(-0.328232 -0.0527381 0)
(-0.310426 -0.0714037 0)
(-0.293014 -0.0437052 0)
(-0.283485 -0.0519577 0)
(-0.312283 -0.090479 0)
(-0.326467 -0.139611 0)
(-0.308979 -0.192612 0)
(-0.295517 -0.253172 0)
(-0.272166 -0.336017 0)
(-0.228413 -0.417245 0)
(-0.191335 -0.441498 0)
(-0.100833 -0.340326 0)
(0.0121744 -0.00210852 0)
(0.0905078 0.297858 0)
(-0.106286 0.556889 0)
(-0.27232 0.473048 0)
(-0.383779 0.361929 0)
(-0.467153 0.248429 0)
(-0.535008 0.150374 0)
(-0.612165 0.060842 0)
(-0.669484 0.0702152 0)
(-0.670287 0.0508339 0)
(-0.620387 -0.050597 0)
(-0.59764 -0.0975208 0)
(-0.45404 -0.0844442 0)
(-0.429336 -0.0941996 0)
(-0.510791 -0.043605 0)
(-0.509348 -0.0349903 0)
(-0.499505 -0.120708 0)
(-0.484975 -0.191178 0)
(-0.466834 -0.248301 0)
(-0.457072 -0.333501 0)
(-0.435829 -0.414077 0)
(-0.402614 -0.463383 0)
(-0.354236 -0.370621 0)
(-0.203487 -0.111418 0)
(-0.0977548 0.127568 0)
(-0.474773 0.775635 0)
(-0.799338 0.637995 0)
(-0.870424 0.514059 0)
(-0.859524 0.414647 0)
(-0.859245 0.348208 0)
(-0.82467 0.284311 0)
(-1.04507 0.125543 0)
(-1.36515 -0.0402335 0)
(-1.40578 -0.0902152 0)
(-1.12339 -0.221421 0)
(-0.925037 -0.249753 0)
(-0.49984 0.0288848 0)
(-0.420595 0.0271236 0)
(-0.622782 -0.101179 0)
(-0.680959 -0.164054 0)
(-0.64173 -0.225428 0)
(-0.596844 -0.280789 0)
(-0.561261 -0.36693 0)
(-0.531435 -0.47145 0)
(-0.453616 -0.522786 0)
(-0.452706 -0.54057 0)
(-0.441012 -0.259871 0)
(-0.512646 0.115276 0)
(-1.17038 1.87254 0)
(-1.58009 0.853187 0)
(-1.61374 0.420597 0)
(-1.58429 0.219335 0)
(-1.56648 0.126865 0)
(-1.55669 0.205896 0)
(-1.91559 0.678107 0)
(-2.04905 0.412956 0)
(-1.74013 -0.301951 0)
(-1.54623 -0.578091 0)
(-1.27551 -0.688535 0)
(-1.07344 -0.64739 0)
(-0.365744 0.0528485 0)
(-0.167185 0.211205 0)
(0.303646 -0.115536 0)
(0.311124 -0.271464 0)
(0.0677065 -0.331823 0)
(-0.0887608 -0.396755 0)
(-0.296648 -0.522755 0)
(-0.301628 -0.543267 0)
(-0.553048 -0.369443 0)
(-0.613427 -0.0566006 0)
(-0.68743 0.20718 0)
(-1.20423 3.48969 0)
(-1.62955 1.01596 0)
(-1.77259 0.52456 0)
(-1.81643 0.367787 0)
(-1.80278 0.322336 0)
(-1.80811 0.541564 0)
(-2.22685 0.693428 0)
(-1.7806 -0.349297 0)
(-1.62038 -0.584178 0)
(-1.51094 -0.69024 0)
(-1.43772 -0.749922 0)
(-1.39342 -0.83684 0)
(-1.28885 -0.813668 0)
(-0.614401 -0.720581 0)
(-0.437877 -0.577173 0)
(-0.174314 -0.0278756 0)
(-0.25461 0.151376 0)
(-0.210789 -0.0273138 0)
(-0.43699 -0.226454 0)
(-0.58565 -0.30131 0)
(-0.666856 -0.227789 0)
(-0.602425 -0.123141 0)
(-0.633154 0.18081 0)
(-0.826102 4.72215 0)
(-1.41089 1.47112 0)
(-1.66109 0.611782 0)
(-1.78077 0.261444 0)
(-1.89811 0.13907 0)
(-2.06605 0.643132 0)
(-1.79822 0.763104 0)
(-1.55987 -0.189364 0)
(-1.53462 -0.589095 0)
(-1.47881 -0.756789 0)
(-1.42597 -0.804165 0)
(-1.39855 -0.812484 0)
(-1.39142 -0.790769 0)
(-1.41581 -0.687043 0)
(-1.40059 -0.612577 0)
(-1.35371 -0.440191 0)
(-0.941527 -0.313401 0)
(-0.764955 -0.208845 0)
(-0.957527 -0.146507 0)
(-0.953975 -0.30478 0)
(-0.895517 -0.352827 0)
(-0.644527 -0.0904969 0)
(-0.58308 0.235494 0)
(-0.59229 5.76496 0)
(-0.992172 1.89872 0)
(-1.46651 0.909607 0)
(-1.79096 0.603509 0)
(-2.19611 0.558777 0)
(-2.34802 0.463994 0)
(-1.95758 0.155455 0)
(-1.75563 -0.531176 0)
(-1.7075 -0.655496 0)
(-1.56207 -0.805504 0)
(-1.39601 -0.839259 0)
(-1.34807 -0.869394 0)
(-1.35361 -0.794055 0)
(-1.37182 -0.682282 0)
(-1.39608 -0.611041 0)
(-1.39257 -0.515992 0)
(-1.31032 -0.415884 0)
(-1.24902 -0.0265906 0)
(-1.29604 -0.0227612 0)
(-1.23767 -0.390138 0)
(-1.17584 -0.509639 0)
(-1.09618 -0.440739 0)
(-0.974084 0.0469752 0)
(-0.243296 6.28365 0)
(-0.538769 2.37644 0)
(-1.26944 1.40801 0)
(-1.55009 0.989139 0)
(-1.86474 0.712439 0)
(-1.92074 0.422054 0)
(-1.7959 0.0880264 0)
(-1.76652 -0.465761 0)
(-1.75739 -0.830814 0)
(-1.61485 -1.04988 0)
(-1.53606 -0.991919 0)
(-1.40034 -0.875281 0)
(-1.35534 -0.738629 0)
(-1.33036 -0.649031 0)
(-1.35097 -0.590346 0)
(-1.32363 -0.52881 0)
(-1.32235 -0.454291 0)
(-1.2344 -0.220118 0)
(-0.935527 -0.123266 0)
(-0.856975 -0.43138 0)
(-0.860235 -0.487156 0)
(-0.874692 -0.344865 0)
(-0.909563 -0.302739 0)
(0.294312 6.50285 0)
(-0.172659 2.96261 0)
(-0.793567 1.87515 0)
(-0.944466 1.23951 0)
(-1.0988 0.89899 0)
(-1.01638 0.417952 0)
(-0.810524 -0.0103144 0)
(-0.610723 -0.523703 0)
(-0.615842 -0.810151 0)
(-0.715713 -1.0204 0)
(-0.96348 -1.05887 0)
(-1.15309 -1.03654 0)
(-1.27594 -0.888357 0)
(-1.29055 -0.679431 0)
(-1.22684 -0.614967 0)
(-1.20966 -0.545909 0)
(-1.18497 -0.500545 0)
(-1.18073 -0.460098 0)
(-0.932944 -0.426099 0)
(-0.855702 -0.471363 0)
(-0.850254 -0.481099 0)
(-0.80168 -0.395072 0)
(-0.694994 -0.331444 0)
(0.576971 6.17207 0)
(0.383116 3.5025 0)
(0.0195025 2.16204 0)
(-0.0458777 1.31223 0)
(-0.0189166 0.776604 0)
(0.118937 0.146605 0)
(0.251563 -0.333223 0)
(0.273481 -0.656356 0)
(0.147295 -0.743262 0)
(-0.0462595 -0.696779 0)
(-0.326205 -0.573601 0)
(-0.545078 -0.574093 0)
(-0.710255 -0.610102 0)
(-0.816916 -0.691461 0)
(-1.00359 -0.687336 0)
(-1.09821 -0.564939 0)
(-1.02392 -0.482989 0)
(-0.942369 -0.453625 0)
(-0.903915 -0.435187 0)
(-0.828273 -0.512902 0)
(-0.809805 -0.540525 0)
(-0.775607 -0.507698 0)
(-0.673903 -0.414563 0)
(0.723763 5.49358 0)
(0.942625 3.56195 0)
(0.969959 2.28177 0)
(0.945625 1.2959 0)
(0.990662 0.720931 0)
(0.961834 0.163022 0)
(0.854995 -0.176552 0)
(0.661741 -0.40498 0)
(0.447541 -0.491271 0)
(0.237501 -0.532763 0)
(0.0841335 -0.549157 0)
(-0.0442793 -0.633853 0)
(-0.176306 -0.602985 0)
(-0.312124 -0.373589 0)
(-0.425568 -0.336643 0)
(-0.50446 -0.521877 0)
(-0.598628 -0.660465 0)
(-0.836079 -0.57815 0)
(-0.962451 -0.540221 0)
(-0.881395 -0.566083 0)
(-0.789225 -0.531861 0)
(-0.704577 -0.532325 0)
(-0.762283 -0.452387 0)
(0.824245 4.5062 0)
(1.19944 3.27464 0)
(1.49353 2.15978 0)
(1.41974 1.30415 0)
(1.41568 0.757987 0)
(1.2814 0.288932 0)
(1.12856 -0.0376114 0)
(0.936971 -0.245043 0)
(0.750152 -0.325371 0)
(0.562491 -0.333302 0)
(0.3791 -0.30274 0)
(0.202954 -0.319025 0)
(-0.0100891 -0.351522 0)
(-0.0764547 -0.442412 0)
(-0.0626105 -0.494019 0)
(-0.0856062 -0.390415 0)
(-0.223301 -0.162406 0)
(-0.352574 -0.099029 0)
(-0.415786 -0.383728 0)
(-0.486862 -0.692908 0)
(-0.580934 -0.719039 0)
(-0.667775 -0.538486 0)
(-0.711999 -0.355898 0)
(0.693242 3.44681 0)
(1.18104 2.87804 0)
(1.53054 2.06127 0)
(1.47475 1.363 0)
(1.47217 0.854183 0)
(1.32912 0.451418 0)
(1.18372 0.165427 0)
(0.975804 -0.0204657 0)
(0.791333 -0.114899 0)
(0.59688 -0.154447 0)
(0.450879 -0.182495 0)
(0.324194 -0.235856 0)
(0.226444 -0.314764 0)
(0.128196 -0.319667 0)
(0.00696122 -0.321701 0)
(-0.11094 -0.354906 0)
(-0.135298 -0.380277 0)
(-0.0745631 -0.377153 0)
(-0.0316828 -0.395763 0)
(-0.164206 -0.401064 0)
(-0.338017 -0.353718 0)
(-0.471498 -0.395282 0)
(-0.465461 -0.43155 0)
(0.437082 2.62236 0)
(0.91936 2.41966 0)
(1.3174 1.87995 0)
(1.34824 1.35914 0)
(1.3699 0.910002 0)
(1.24594 0.579455 0)
(1.11647 0.3176 0)
(0.935273 0.149071 0)
(0.779107 0.0526072 0)
(0.623334 0.00729596 0)
(0.500695 -0.0339171 0)
(0.392369 -0.0966289 0)
(0.282469 -0.160712 0)
(0.171134 -0.223847 0)
(0.0994335 -0.258577 0)
(0.0225916 -0.25222 0)
(-0.0539834 -0.206944 0)
(-0.122357 -0.20901 0)
(-0.176489 -0.298533 0)
(-0.248641 -0.387733 0)
(-0.292782 -0.405081 0)
(-0.331402 -0.416651 0)
(-0.388177 -0.378918 0)
(0.250869 2.0877 0)
(0.62618 1.98685 0)
(0.964507 1.63756 0)
(1.06944 1.30147 0)
(1.11091 0.958339 0)
(1.0284 0.703131 0)
(0.931201 0.478724 0)
(0.781325 0.3189 0)
(0.656868 0.200746 0)
(0.529758 0.126967 0)
(0.439514 0.0534206 0)
(0.345255 -0.0140783 0)
(0.262233 -0.087459 0)
(0.1687 -0.13371 0)
(0.0822837 -0.167538 0)
(-0.00744735 -0.197084 0)
(-0.0603835 -0.22925 0)
(-0.0899763 -0.249858 0)
(-0.113427 -0.264886 0)
(-0.188017 -0.280953 0)
(-0.257067 -0.270211 0)
(-0.334101 -0.294882 0)
(-0.402033 -0.29626 0)
(0.153638 1.74299 0)
(0.428939 1.69394 0)
(0.66072 1.44229 0)
(0.76732 1.20823 0)
(0.81912 0.954888 0)
(0.781688 0.757751 0)
(0.730612 0.566243 0)
(0.634388 0.422825 0)
(0.547591 0.304067 0)
(0.453064 0.223866 0)
(0.376003 0.148857 0)
(0.293278 0.0793601 0)
(0.213417 0.013224 0)
(0.12554 -0.0452256 0)
(0.050228 -0.0852731 0)
(-0.0198449 -0.111626 0)
(-0.0811298 -0.128081 0)
(-0.14432 -0.158917 0)
(-0.195287 -0.203097 0)
(-0.250121 -0.246724 0)
(-0.293045 -0.260195 0)
(-0.327614 -0.274172 0)
(-0.371823 -0.258778 0)
(0.100124 1.50436 0)
(0.306685 1.47465 0)
(0.474653 1.30098 0)
(0.563475 1.13913 0)
(0.608707 0.946771 0)
(0.59641 0.790242 0)
(0.566112 0.629517 0)
(0.499122 0.502478 0)
(0.432877 0.385703 0)
(0.355364 0.299869 0)
(0.291083 0.217128 0)
(0.218803 0.150402 0)
(0.153088 0.0845831 0)
(0.0794255 0.0318942 0)
(0.012843 -0.0180088 0)
(-0.052243 -0.0626844 0)
(-0.101892 -0.101011 0)
(-0.147522 -0.13212 0)
(-0.18748 -0.155925 0)
(-0.240829 -0.17907 0)
(-0.290757 -0.190291 0)
(-0.337281 -0.212071 0)
(-0.379533 -0.216369 0)
(0.0678535 1.33524 0)
(0.218722 1.31438 0)
(0.338756 1.18811 0)
(0.411583 1.07149 0)
(0.45197 0.924351 0)
(0.451211 0.798936 0)
(0.434451 0.664945 0)
(0.389038 0.555077 0)
(0.338707 0.448232 0)
(0.27567 0.364737 0)
(0.215989 0.284778 0)
(0.14975 0.21634 0)
(0.086888 0.151227 0)
(0.0210175 0.0939333 0)
(-0.0393982 0.0445342 0)
(-0.0988284 0.00171289 0)
(-0.153808 -0.0350588 0)
(-0.206042 -0.0751059 0)
(-0.250648 -0.112039 0)
(-0.291957 -0.145472 0)
(-0.326556 -0.16606 0)
(-0.353159 -0.1873 0)
(-0.38025 -0.193148 0)
(0.0471682 1.21686 0)
(0.158561 1.20045 0)
(0.244087 1.10862 0)
(0.300796 1.02325 0)
(0.332066 0.908539 0)
(0.334866 0.806336 0)
(0.321677 0.693767 0)
(0.286944 0.597983 0)
(0.245638 0.50158 0)
(0.192376 0.423187 0)
(0.141241 0.345836 0)
(0.083405 0.280738 0)
(0.0288706 0.216277 0)
(-0.0294579 0.159991 0)
(-0.0835543 0.104742 0)
(-0.137534 0.054104 0)
(-0.183708 0.00888948 0)
(-0.228469 -0.032448 0)
(-0.267128 -0.0675762 0)
(-0.305907 -0.0999316 0)
(-0.337176 -0.126769 0)
(-0.364788 -0.155387 0)
(-0.385347 -0.1759 0)
(0.0315536 1.1293 0)
(0.111084 1.11554 0)
(0.170311 1.04703 0)
(0.211883 0.982209 0)
(0.235087 0.891679 0)
(0.237539 0.808506 0)
(0.226358 0.714034 0)
(0.198614 0.63046 0)
(0.162714 0.543498 0)
(0.116914 0.468527 0)
(0.0687902 0.393805 0)
(0.0160771 0.328081 0)
(-0.036714 0.26354 0)
(-0.0903106 0.205619 0)
(-0.141104 0.151551 0)
(-0.191113 0.100924 0)
(-0.237287 0.0544289 0)
(-0.279708 0.0071318 0)
(-0.316356 -0.0363235 0)
(-0.346505 -0.0768692 0)
(-0.37176 -0.109197 0)
(-0.388455 -0.140692 0)
(-0.405059 -0.162658 0)
(0.0210935 1.07337 0)
(0.0763836 1.05975 0)
(0.115028 1.00777 0)
(0.14363 0.956777 0)
(0.157298 0.883403 0)
(0.156447 0.814017 0)
(0.14362 0.733741 0)
(0.118987 0.661277 0)
(0.0864427 0.584756 0)
(0.0466284 0.517386 0)
(0.00297907 0.448411 0)
(-0.0442135 0.387049 0)
(-0.0925748 0.324581 0)
(-0.142159 0.265704 0)
(-0.189811 0.207529 0)
(-0.236837 0.15205 0)
(-0.279196 0.0993968 0)
(-0.319719 0.0486826 0)
(-0.354783 0.00106063 0)
(-0.388194 -0.0422874 0)
(-0.414264 -0.0829631 0)
(-0.438695 -0.120038 0)
(-0.456839 -0.152368 0)
(0.0139634 1.03204 0)
(0.0500119 1.02107 0)
(0.0724774 0.980604 0)
(0.0882752 0.939525 0)
(0.0935359 0.879897 0)
(0.087608 0.821938 0)
(0.0726185 0.752509 0)
(0.0473956 0.687447 0)
(0.0149536 0.616663 0)
(-0.023701 0.551802 0)
(-0.0671821 0.485108 0)
(-0.112739 0.423408 0)
(-0.159999 0.361484 0)
(-0.206358 0.302485 0)
(-0.252164 0.245767 0)
(-0.295999 0.189796 0)
(-0.337579 0.136499 0)
(-0.375837 0.0820459 0)
(-0.411737 0.0310508 0)
(-0.444874 -0.0182959 0)
(-0.478085 -0.06004 0)
(-0.508133 -0.0990952 0)
(-0.544258 -0.127269 0)
(0.00463503 1.00869 0)
(0.0268345 1.0001 0)
(0.0368093 0.969239 0)
(0.043356 0.93468 0)
(0.0401005 0.884157 0)
(0.0295219 0.834226 0)
(0.0113247 0.774401 0)
(-0.0141334 0.718649 0)
(-0.0456562 0.656611 0)
(-0.0825924 0.59965 0)
(-0.123934 0.53842 0)
(-0.167359 0.480412 0)
(-0.212886 0.419384 0)
(-0.258723 0.358831 0)
(-0.304517 0.298481 0)
(-0.349209 0.238713 0)
(-0.3923 0.180533 0)
(-0.434652 0.124257 0)
(-0.476617 0.0713988 0)
(-0.521822 0.0256519 0)
(-0.56735 -0.0183013 0)
(-0.619393 -0.052432 0)
(-0.657099 -0.0906046 0)
(-0.00167616 1.00103 0)
(0.00622232 0.988985 0)
(0.00543027 0.964847 0)
(0.00363116 0.936362 0)
(-0.0064681 0.894673 0)
(-0.0228166 0.850896 0)
(-0.0456171 0.797145 0)
(-0.0753885 0.744636 0)
(-0.109662 0.686024 0)
(-0.149447 0.630302 0)
(-0.191388 0.570583 0)
(-0.235785 0.51249 0)
(-0.280986 0.453192 0)
(-0.32704 0.394082 0)
(-0.373485 0.336273 0)
(-0.420775 0.277463 0)
(-0.46842 0.22177 0)
(-0.519304 0.166193 0)
(-0.573281 0.117974 0)
(-0.631799 0.0721676 0)
(-0.689977 0.0371165 0)
(-0.728268 -0.00946604 0)
(-0.739714 -0.0749934 0)
(-0.0040123 1.00368 0)
(-0.00830467 0.992352 0)
(-0.0191998 0.971508 0)
(-0.0296745 0.945915 0)
(-0.0463218 0.910525 0)
(-0.0666109 0.872882 0)
(-0.0924431 0.827122 0)
(-0.123494 0.782449 0)
(-0.158978 0.731003 0)
(-0.198903 0.68141 0)
(-0.241394 0.625268 0)
(-0.287014 0.570402 0)
(-0.333798 0.511378 0)
(-0.383506 0.452066 0)
(-0.43437 0.39307 0)
(-0.489241 0.334573 0)
(-0.547491 0.279887 0)
(-0.610577 0.230249 0)
(-0.679259 0.184689 0)
(-0.744045 0.14358 0)
(-0.780944 0.0792053 0)
(-0.788056 -0.00203564 0)
(-0.777434 -0.0862788 0)
(-0.00742669 1.01394 0)
(-0.0205162 1.00466 0)
(-0.0393609 0.987071 0)
(-0.0584452 0.963948 0)
(-0.0826086 0.932574 0)
(-0.10998 0.897516 0)
(-0.142019 0.855069 0)
(-0.178852 0.811715 0)
(-0.218027 0.762478 0)
(-0.26199 0.713252 0)
(-0.306207 0.659579 0)
(-0.355786 0.605284 0)
(-0.404719 0.550297 0)
(-0.459988 0.494908 0)
(-0.516499 0.44251 0)
(-0.580656 0.390899 0)
(-0.648975 0.343746 0)
(-0.725403 0.298278 0)
(-0.79171 0.252133 0)
(-0.822011 0.174205 0)
(-0.821637 0.0810045 0)
(-0.809768 -0.0130428 0)
(-0.792372 -0.0999691 0)
(-0.0108513 1.03129 0)
(-0.031456 1.02386 0)
(-0.0564162 1.0092 0)
(-0.0817574 0.988727 0)
(-0.111062 0.961935 0)
(-0.14245 0.931913 0)
(-0.177976 0.895974 0)
(-0.217142 0.858226 0)
(-0.25923 0.81424 0)
(-0.305462 0.769615 0)
(-0.353589 0.71937 0)
(-0.406818 0.66929 0)
(-0.461972 0.616142 0)
(-0.524142 0.564524 0)
(-0.59052 0.514387 0)
(-0.665937 0.467856 0)
(-0.746122 0.425111 0)
(-0.818109 0.373891 0)
(-0.846433 0.281681 0)
(-0.846098 0.173524 0)
(-0.835272 0.0670361 0)
(-0.820513 -0.0316846 0)
(-0.807371 -0.115439 0)
(-0.0144701 1.05704 0)
(-0.0427908 1.05098 0)
(-0.0743124 1.03832 0)
(-0.106845 1.01937 0)
(-0.143081 0.994348 0)
(-0.181555 0.965271 0)
(-0.223297 0.930929 0)
(-0.268314 0.893806 0)
(-0.315118 0.851936 0)
(-0.367187 0.808331 0)
(-0.420062 0.761928 0)
(-0.481423 0.71422 0)
(-0.543726 0.668462 0)
(-0.616297 0.624015 0)
(-0.692085 0.585305 0)
(-0.775835 0.547286 0)
(-0.845832 0.497144 0)
(-0.869669 0.3993 0)
(-0.862392 0.280458 0)
(-0.853113 0.163436 0)
(-0.834223 0.0555394 0)
(-0.822107 -0.0407125 0)
(-0.807874 -0.122153 0)
(-0.017476 1.08826 0)
(-0.0520395 1.08338 0)
(-0.0884859 1.07303 0)
(-0.125803 1.05712 0)
(-0.165987 1.03645 0)
(-0.208224 1.01179 0)
(-0.25362 0.982654 0)
(-0.301839 0.9499 0)
(-0.352859 0.913224 0)
(-0.40784 0.874732 0)
(-0.465987 0.833953 0)
(-0.53038 0.793497 0)
(-0.600784 0.751617 0)
(-0.680617 0.713582 0)
(-0.766967 0.674457 0)
(-0.843839 0.622072 0)
(-0.872944 0.519137 0)
(-0.866694 0.390006 0)
(-0.862083 0.264761 0)
(-0.8448 0.144505 0)
(-0.834569 0.035561 0)
(-0.814044 -0.0589631 0)
(-0.797239 -0.142537 0)
(-0.0211349 1.1276 0)
(-0.0632307 1.12305 0)
(-0.106767 1.11323 0)
(-0.151367 1.09796 0)
(-0.198714 1.078 0)
(-0.247948 1.05398 0)
(-0.300393 1.02575 0)
(-0.355572 0.993995 0)
(-0.413843 0.959047 0)
(-0.476632 0.922215 0)
(-0.541261 0.885526 0)
(-0.613967 0.849633 0)
(-0.688965 0.819822 0)
(-0.773699 0.791066 0)
(-0.850853 0.749824 0)
(-0.884445 0.654294 0)
(-0.876119 0.520475 0)
(-0.871002 0.389183 0)
(-0.851776 0.259111 0)
(-0.834869 0.136653 0)
(-0.809532 0.0253699 0)
(-0.784242 -0.0773862 0)
(-0.749107 -0.16781 0)
(-0.0236385 1.17229 0)
(-0.0708182 1.1687 0)
(-0.118705 1.1609 0)
(-0.167501 1.14875 0)
(-0.218408 1.13291 0)
(-0.271129 1.11331 0)
(-0.326802 1.09038 0)
(-0.385408 1.06345 0)
(-0.448035 1.03464 0)
(-0.514756 1.00261 0)
(-0.586807 0.971822 0)
(-0.663095 0.942068 0)
(-0.750052 0.912018 0)
(-0.833854 0.875909 0)
(-0.878272 0.785763 0)
(-0.870123 0.646627 0)
(-0.86602 0.505384 0)
(-0.849854 0.364364 0)
(-0.828072 0.227699 0)
(-0.802976 0.100779 0)
(-0.772046 -0.016168 0)
(-0.736786 -0.120902 0)
(-0.69982 -0.21471 0)
(-0.0276329 1.22336 0)
(-0.0829208 1.21946 0)
(-0.138918 1.21123 0)
(-0.195687 1.1989 0)
(-0.254616 1.18284 0)
(-0.314714 1.16345 0)
(-0.377986 1.14106 0)
(-0.44286 1.11611 0)
(-0.512605 1.08932 0)
(-0.584658 1.06165 0)
(-0.661717 1.03484 0)
(-0.742793 1.01329 0)
(-0.823264 0.99152 0)
(-0.875952 0.920446 0)
(-0.871113 0.78621 0)
(-0.86128 0.642968 0)
(-0.844557 0.500683 0)
(-0.816672 0.352381 0)
(-0.788531 0.213155 0)
(-0.75347 0.0817 0)
(-0.71919 -0.0398592 0)
(-0.679172 -0.148757 0)
(-0.639838 -0.24651 0)
(-0.0293951 1.28258 0)
(-0.0883387 1.27981 0)
(-0.148008 1.27359 0)
(-0.20846 1.26441 0)
(-0.270661 1.25215 0)
(-0.334363 1.23694 0)
(-0.400778 1.21912 0)
(-0.469649 1.19867 0)
(-0.542418 1.17738 0)
(-0.619698 1.15268 0)
(-0.701183 1.13109 0)
(-0.78567 1.10486 0)
(-0.853761 1.04631 0)
(-0.861803 0.923528 0)
(-0.84929 0.771062 0)
(-0.837613 0.618861 0)
(-0.810128 0.459713 0)
(-0.778935 0.306484 0)
(-0.745581 0.162857 0)
(-0.707973 0.0294117 0)
(-0.668745 -0.0921805 0)
(-0.627359 -0.202215 0)
(-0.584568 -0.300964 0)
(-0.0346134 1.34233 0)
(-0.103372 1.33933 0)
(-0.172394 1.33247 0)
(-0.241229 1.32253 0)
(-0.311872 1.30956 0)
(-0.383177 1.29423 0)
(-0.456662 1.27683 0)
(-0.530256 1.25819 0)
(-0.60751 1.2396 0)
(-0.684278 1.22071 0)
(-0.764012 1.20084 0)
(-0.835678 1.16596 0)
(-0.862055 1.06762 0)
(-0.847242 0.91605 0)
(-0.829657 0.762416 0)
(-0.801721 0.604582 0)
(-0.76221 0.443103 0)
(-0.726194 0.289093 0)
(-0.684204 0.143594 0)
(-0.64504 0.00618722 0)
(-0.603514 -0.119159 0)
(-0.560451 -0.231784 0)
(-0.518228 -0.33451 0)
(-0.035126 1.42097 0)
(-0.105187 1.41816 0)
(-0.175855 1.41214 0)
(-0.247714 1.40473 0)
(-0.321057 1.39525 0)
(-0.395455 1.383 0)
(-0.472014 1.36779 0)
(-0.549747 1.35104 0)
(-0.629812 1.33341 0)
(-0.710606 1.31084 0)
(-0.789738 1.28452 0)
(-0.84358 1.20458 0)
(-0.837141 1.05833 0)
(-0.820039 0.890828 0)
(-0.796543 0.724688 0)
(-0.760324 0.549712 0)
(-0.721885 0.382336 0)
(-0.68226 0.226091 0)
(-0.642608 0.0794951 0)
(-0.597928 -0.0537649 0)
(-0.55784 -0.178929 0)
(-0.511074 -0.289864 0)
(-0.468903 -0.392144 0)
(-0.0414512 1.48291 0)
(-0.123528 1.48037 0)
(-0.206048 1.47509 0)
(-0.287633 1.46762 0)
(-0.368907 1.45691 0)
(-0.450865 1.44469 0)
(-0.533204 1.43045 0)
(-0.614967 1.41541 0)
(-0.696026 1.39957 0)
(-0.7692 1.38002 0)
(-0.8315 1.33316 0)
(-0.839431 1.21206 0)
(-0.819538 1.04389 0)
(-0.790084 0.875542 0)
(-0.753996 0.703369 0)
(-0.705542 0.531099 0)
(-0.66676 0.366536 0)
(-0.618068 0.211446 0)
(-0.579243 0.0610673 0)
(-0.531522 -0.0769516 0)
(-0.491726 -0.204355 0)
(-0.446049 -0.319188 0)
(-0.404621 -0.422657 0)
(-0.0410731 1.5883 0)
(-0.122085 1.58531 0)
(-0.204267 1.57891 0)
(-0.285477 1.57044 0)
(-0.368402 1.56166 0)
(-0.451702 1.55053 0)
(-0.5357 1.5352 0)
(-0.620307 1.51688 0)
(-0.701305 1.49098 0)
(-0.776354 1.44857 0)
(-0.821944 1.35709 0)
(-0.806976 1.19383 0)
(-0.785713 1.00856 0)
(-0.752098 0.824414 0)
(-0.711928 0.638361 0)
(-0.667607 0.460189 0)
(-0.62708 0.292283 0)
(-0.582133 0.135752 0)
(-0.539077 -0.00986254 0)
(-0.494299 -0.144069 0)
(-0.450732 -0.267086 0)
(-0.406551 -0.37969 0)
(-0.365597 -0.482014 0)
(-0.0479463 1.64352 0)
(-0.143277 1.64109 0)
(-0.238411 1.63583 0)
(-0.332395 1.62892 0)
(-0.42482 1.62001 0)
(-0.514916 1.60901 0)
(-0.6034 1.59618 0)
(-0.687812 1.57873 0)
(-0.761924 1.55306 0)
(-0.815632 1.49948 0)
(-0.821575 1.36178 0)
(-0.791915 1.17498 0)
(-0.75541 0.989289 0)
(-0.71071 0.802247 0)
(-0.662738 0.620353 0)
(-0.615342 0.447858 0)
(-0.568168 0.283199 0)
(-0.520369 0.125526 0)
(-0.474917 -0.0245114 0)
(-0.431402 -0.163296 0)
(-0.3911 -0.28992 0)
(-0.348228 -0.402365 0)
(-0.311438 -0.506515 0)
(-0.0467768 1.78649 0)
(-0.139429 1.78293 0)
(-0.23234 1.77511 0)
(-0.32393 1.76405 0)
(-0.415591 1.7515 0)
(-0.506037 1.736 0)
(-0.594782 1.71441 0)
(-0.678081 1.6808 0)
(-0.754305 1.62336 0)
(-0.79845 1.51105 0)
(-0.780405 1.33491 0)
(-0.75651 1.12725 0)
(-0.719075 0.926141 0)
(-0.676322 0.729624 0)
(-0.630923 0.540331 0)
(-0.583782 0.362481 0)
(-0.537469 0.194028 0)
(-0.490585 0.0390463 0)
(-0.445486 -0.102095 0)
(-0.400131 -0.231236 0)
(-0.36252 -0.353468 0)
(-0.320802 -0.462677 0)
(-0.286753 -0.565132 0)
(-0.0542429 1.82053 0)
(-0.162261 1.81765 0)
(-0.269406 1.81138 0)
(-0.375611 1.80328 0)
(-0.478925 1.79341 0)
(-0.577683 1.78031 0)
(-0.669902 1.76163 0)
(-0.751401 1.73268 0)
(-0.809744 1.67002 0)
(-0.816882 1.5225 0)
(-0.783216 1.31953 0)
(-0.739478 1.11373 0)
(-0.691763 0.910586 0)
(-0.638274 0.715743 0)
(-0.586711 0.530319 0)
(-0.533497 0.356918 0)
(-0.482445 0.192851 0)
(-0.433398 0.0361975 0)
(-0.393721 -0.112149 0)
(-0.352549 -0.243583 0)
(-0.319426 -0.366287 0)
(-0.280582 -0.475196 0)
(-0.249557 -0.578333 0)
(-0.0566453 2.02008 0)
(-0.168979 2.01525 0)
(-0.279718 2.00504 0)
(-0.387429 1.98969 0)
(-0.489779 1.96875 0)
(-0.58457 1.9405 0)
(-0.669137 1.89934 0)
(-0.738385 1.82948 0)
(-0.778072 1.69414 0)
(-0.771076 1.48664 0)
(-0.74541 1.25616 0)
(-0.70797 1.03371 0)
(-0.66448 0.821417 0)
(-0.616624 0.620899 0)
(-0.567489 0.431286 0)
(-0.514933 0.254022 0)
(-0.462477 0.0897425 0)
(-0.409487 -0.0536853 0)
(-0.370837 -0.18689 0)
(-0.332416 -0.309636 0)
(-0.302403 -0.429704 0)
(-0.266063 -0.537107 0)
(-0.237264 -0.639953 0)
(0.329551 0.290683 0)
(0.0257428 0.137074 0)
(0.239269 0.0360825 0)
(-0.0896911 0.227765 0)
(0.222229 0.242226 0)
(0.125675 0.0816233 0)
(0.103482 0.177909 0)
(-0.21987 0.647262 0)
(-0.0389828 0.295712 0)
(-0.200044 0.398296 0)
(-0.329647 0.756514 0)
(-0.540351 1.0216 0)
(-0.516269 0.507546 0)
(-0.643213 0.704459 0)
(-0.68462 0.902742 0)
(-0.714799 1.033 0)
(-0.680367 0.56713 0)
(-0.690505 0.754986 0)
(-0.686588 0.907361 0)
(-0.667552 1.01828 0)
(-0.630809 0.522496 0)
(-0.585532 0.717154 0)
(-0.559303 0.857079 0)
(-0.489677 0.942492 0)
(-0.52591 0.465691 0)
(-0.446091 0.600443 0)
(-0.407689 0.704111 0)
(-0.310075 0.730799 0)
(-0.661202 0.278893 0)
(-0.418909 0.477122 0)
(-0.203663 0.578899 0)
(0.0124124 0.594034 0)
(-0.580125 -0.468374 0)
(-0.481328 -0.438461 0)
(-0.131584 -0.237136 0)
(0.0374354 0.039739 0)
(-0.691479 -0.434137 0)
(-0.68796 -0.442699 0)
(-0.669658 -0.447245 0)
(-0.587188 -0.420018 0)
(-0.65447 -0.482982 0)
(-0.652952 -0.490492 0)
(-0.652767 -0.47232 0)
(-0.657373 -0.428518 0)
(-0.764968 -0.467618 0)
(-0.665969 -0.440749 0)
(-0.572339 -0.436397 0)
(-0.493285 -0.408257 0)
(-0.690639 -0.691982 0)
(-0.689088 -0.901698 0)
(-0.675557 -0.840958 0)
(-0.648924 -0.703486 0)
(-0.45843 -0.491826 0)
(-0.587663 -0.48584 0)
(-0.678776 -0.515332 0)
(-0.771471 -0.541499 0)
(-0.443252 -0.418635 0)
(-0.491845 -0.43775 0)
(-0.53062 -0.441136 0)
(-0.598038 -0.423013 0)
(-0.442968 -0.310624 0)
(-0.493994 -0.300349 0)
(-0.536765 -0.288792 0)
(-0.59533 -0.26726 0)
(-0.395985 -0.253275 0)
(-0.423161 -0.242826 0)
(-0.436872 -0.22455 0)
(-0.465004 -0.201934 0)
(-0.398634 -0.217367 0)
(-0.414746 -0.21096 0)
(-0.424474 -0.19914 0)
(-0.435872 -0.185351 0)
(-0.388231 -0.194201 0)
(-0.397767 -0.190524 0)
(-0.398229 -0.180847 0)
(-0.403867 -0.173249 0)
(-0.394175 -0.184657 0)
(-0.397937 -0.186652 0)
(-0.399323 -0.185838 0)
(-0.396162 -0.187102 0)
(-0.408668 -0.175712 0)
(-0.411889 -0.181506 0)
(-0.408449 -0.186259 0)
(-0.407038 -0.192255 0)
(-0.470591 -0.171761 0)
(-0.474581 -0.184589 0)
(-0.479002 -0.195725 0)
(-0.476506 -0.208442 0)
(-0.561919 -0.149464 0)
(-0.570198 -0.165208 0)
(-0.574317 -0.183313 0)
(-0.57574 -0.201882 0)
(-0.668371 -0.129512 0)
(-0.670398 -0.156429 0)
(-0.669226 -0.183719 0)
(-0.663814 -0.211923 0)
(-0.733978 -0.130282 0)
(-0.72844 -0.164363 0)
(-0.721034 -0.197982 0)
(-0.714928 -0.226869 0)
(-0.767121 -0.148841 0)
(-0.760998 -0.18304 0)
(-0.756222 -0.212485 0)
(-0.754135 -0.236816 0)
(-0.783685 -0.157745 0)
(-0.780718 -0.187502 0)
(-0.77811 -0.213191 0)
(-0.778096 -0.235706 0)
(-0.800529 -0.167477 0)
(-0.797719 -0.19436 0)
(-0.79361 -0.218673 0)
(-0.790391 -0.241591 0)
(-0.798726 -0.172964 0)
(-0.791453 -0.201646 0)
(-0.782297 -0.228831 0)
(-0.772491 -0.25575 0)
(-0.775617 -0.19648 0)
(-0.762808 -0.229287 0)
(-0.74585 -0.260079 0)
(-0.730148 -0.291236 0)
(-0.722653 -0.229005 0)
(-0.703483 -0.264089 0)
(-0.68464 -0.297655 0)
(-0.66474 -0.329445 0)
(-0.668504 -0.274714 0)
(-0.649686 -0.31063 0)
(-0.627973 -0.343855 0)
(-0.607984 -0.377906 0)
(-0.606537 -0.310676 0)
(-0.58581 -0.349082 0)
(-0.562973 -0.385266 0)
(-0.541061 -0.420817 0)
(-0.550424 -0.365824 0)
(-0.528864 -0.404368 0)
(-0.50588 -0.440579 0)
(-0.483716 -0.476398 0)
(-0.483747 -0.4017 0)
(-0.462889 -0.442223 0)
(-0.439805 -0.479853 0)
(-0.418335 -0.517146 0)
(-0.433949 -0.459084 0)
(-0.413476 -0.499409 0)
(-0.390795 -0.537062 0)
(-0.370069 -0.574399 0)
(-0.370839 -0.491083 0)
(-0.351336 -0.532112 0)
(-0.329368 -0.570332 0)
(-0.309986 -0.608467 0)
(-0.332474 -0.548914 0)
(-0.314004 -0.58962 0)
(-0.292623 -0.627164 0)
(-0.27453 -0.665141 0)
(-0.279723 -0.573231 0)
(-0.262798 -0.614371 0)
(-0.242366 -0.651891 0)
(-0.225575 -0.690107 0)
(-0.256612 -0.631201 0)
(-0.240751 -0.671953 0)
(-0.221449 -0.709342 0)
(-0.205537 -0.747141 0)
(-0.220854 -0.644512 0)
(-0.205967 -0.685452 0)
(-0.187454 -0.722989 0)
(-0.172319 -0.760869 0)
(-0.210378 -0.70678 0)
(-0.196291 -0.747809 0)
(-0.17894 -0.785934 0)
(-0.164419 -0.823921 0)
(-0.19904 1.39931 0)
(0.00354845 0.790884 0)
(0.060281 0.539501 0)
(0.516439 -0.0915509 0)
(0.398926 -0.364166 0)
(0.291128 -0.0480739 0)
(0.152719 0.143166 0)
(0.0475619 0.136897 0)
(-0.156435 -0.200882 0)
(-0.368321 -0.442235 0)
(-0.424369 -0.636288 0)
(-0.514724 -0.714408 0)
(-0.568737 -0.662807 0)
(-0.6228 -0.208565 0)
(-0.680556 0.091711 0)
(-0.670021 0.0516964 0)
(-0.660862 0.111686 0)
(-0.49045 0.159845 0)
(-0.262252 -0.0200732 0)
(-0.298422 1.32693 0)
(-0.0350078 0.749087 0)
(-0.0449372 0.190031 0)
(0.223337 -0.435859 0)
(-0.224048 -0.106016 0)
(-0.192913 0.0384595 0)
(-0.244814 0.277209 0)
(-0.223377 0.317676 0)
(-0.426352 0.143803 0)
(-0.56411 -0.337732 0)
(-0.635057 -0.580119 0)
(-0.726833 -0.646565 0)
(-0.784916 -0.604147 0)
(-0.833334 -0.170227 0)
(-0.823591 0.0469972 0)
(-0.845439 0.109684 0)
(-0.828379 0.120846 0)
(-0.459332 -0.209164 0)
(-0.166188 -0.492909 0)
(-0.482127 1.25638 0)
(-0.368317 0.563622 0)
(-0.398505 0.305864 0)
(-0.883422 0.0912042 0)
(-0.906642 -0.0407388 0)
(-0.780519 0.0148763 0)
(-0.682578 0.164562 0)
(-0.63004 0.300587 0)
(-0.646119 0.105463 0)
(-0.697029 -0.253776 0)
(-0.821259 -0.48786 0)
(-0.874743 -0.579929 0)
(-0.949345 -0.564713 0)
(-0.931671 -0.170127 0)
(-0.706134 0.103198 0)
(-0.619417 0.0560795 0)
(-0.372719 -0.23665 0)
(-0.181469 -0.437803 0)
(-0.0245762 -0.58893 0)
(-0.660406 1.14647 0)
(-0.585116 0.682766 0)
(-0.894857 0.64457 0)
(-0.993702 0.0285808 0)
(-0.856913 -0.190541 0)
(-0.743184 -0.175113 0)
(-0.419755 0.147074 0)
(-0.361631 0.283539 0)
(-0.473039 0.206167 0)
(-0.670715 -0.182473 0)
(-0.980311 -0.421201 0)
(-0.964983 -0.533576 0)
(-0.976095 -0.549238 0)
(-0.903971 -0.400317 0)
(-0.585648 -0.233987 0)
(-0.326339 -0.194104 0)
(-0.0834135 -0.27001 0)
(-0.0919494 -0.528615 0)
(-0.0786834 -0.67439 0)
(-0.630449 1.11205 0)
(-0.474872 0.778378 0)
(-0.776318 0.666986 0)
(-0.848724 0.059644 0)
(-0.732895 -0.272309 0)
(-0.562545 -0.376372 0)
(-0.315347 -0.191358 0)
(0.143741 0.353088 0)
(0.152009 0.382682 0)
(0.582235 0.213672 0)
(0.210521 -0.116545 0)
(-0.787801 -0.58333 0)
(-0.805537 -0.618475 0)
(-0.668151 -0.521702 0)
(-0.523416 -0.419728 0)
(-0.337982 -0.398384 0)
(-0.331568 -0.455606 0)
(-1.09064 -0.380437 0)
(-0.475865 -0.765114 0)
(-0.385505 0.964003 0)
(0.00460885 0.811107 0)
(-0.458809 0.979206 0)
(-0.779293 -0.00908567 0)
(-0.675619 -0.449963 0)
(-0.478853 -0.554696 0)
(-0.333751 -0.488869 0)
(-0.092234 -0.141554 0)
(0.356306 -0.193973 0)
(0.720043 -0.165963 0)
(0.802693 0.480769 0)
(0.372585 0.433241 0)
(-0.028326 -0.609231 0)
(-0.69897 -0.64183 0)
(-0.781355 -0.495237 0)
(-1.90305 -0.322055 0)
(-2.37641 0.431277 0)
(-1.29019 -0.608955 0)
(-0.42237 -2.02019 0)
(-0.190107 0.632642 0)
(0.1666 0.832267 0)
(-0.245703 1.40611 0)
(-0.588625 0.25241 0)
(-0.374938 -0.563194 0)
(-0.167054 -0.684357 0)
(-0.244608 -0.542524 0)
(-0.158322 -0.27096 0)
(-0.113532 -0.355466 0)
(0.096281 -0.195484 0)
(0.139052 0.29028 0)
(0.569509 0.223546 0)
(0.597246 0.21871 0)
(0.0353075 0.168376 0)
(-0.612001 0.510815 0)
(-1.50808 0.987175 0)
(-1.38151 -0.993318 0)
(-0.610609 -1.99291 0)
(-0.0557113 -2.37048 0)
(0.122973 0.487112 0)
(0.241988 0.86009 0)
(-0.142035 1.62306 0)
(0.047535 0.122491 0)
(0.161238 -0.779047 0)
(0.0926092 -0.701639 0)
(0.0816909 -0.50451 0)
(0.0853198 -0.251822 0)
(-0.202309 -0.410249 0)
(-0.203131 -0.405449 0)
(0.307194 0.102303 0)
(0.386621 -0.0250113 0)
(0.422688 -0.0452908 0)
(0.301223 0.456916 0)
(-0.77294 0.967743 0)
(-0.240269 0.479308 0)
(-0.0620574 -0.387228 0)
(-0.312424 -1.88077 0)
(-0.0244507 -2.60916 0)
(0.654744 0.443844 0)
(0.599389 1.08581 0)
(-0.0363026 1.56867 0)
(0.838096 0.11003 0)
(0.444881 -0.676032 0)
(0.176903 -0.572356 0)
(0.22923 -0.550779 0)
(0.124549 -0.00685057 0)
(0.332814 -0.126592 0)
(-0.0549261 -0.652472 0)
(0.341973 -0.254578 0)
(0.106534 0.120225 0)
(0.0364198 0.288229 0)
(-0.6395 1.23399 0)
(-0.464518 0.950378 0)
(-0.0651148 0.298101 0)
(0.389182 -0.842854 0)
(-0.0575296 -2.01153 0)
(-0.0416374 -2.68115 0)
(-0.422011 -0.346468 0)
(0.312134 1.40861 0)
(0.828396 1.37092 0)
(0.935763 -0.319111 0)
(0.30343 -0.24851 0)
(0.179921 -0.486577 0)
(0.173865 -0.467183 0)
(0.0131494 -0.327407 0)
(-0.222054 -0.237159 0)
(-0.418978 -0.408617 0)
(-0.816026 -0.0533721 0)
(-0.642475 0.247437 0)
(-0.993069 0.634193 0)
(-0.957581 0.960935 0)
(-0.094733 0.441696 0)
(0.197626 -0.250167 0)
(0.731129 -0.480008 0)
(0.140704 -1.48191 0)
(0.0391239 -2.70529 0)
(-0.654376 -0.375808 0)
(-0.720286 0.0876806 0)
(0.869286 0.946475 0)
(0.412172 0.734948 0)
(0.0532265 -0.0293286 0)
(0.157468 -0.451169 0)
(0.0107805 -0.408838 0)
(-1.00199 0.38397 0)
(-1.26547 0.215981 0)
(-1.60189 -0.0895702 0)
(-1.76972 -0.0502772 0)
(-1.6175 0.297601 0)
(-1.48569 0.561892 0)
(-0.853796 0.383216 0)
(-0.132721 -0.0879283 0)
(0.0503887 -0.485899 0)
(0.372767 -0.724041 0)
(0.336485 -1.40391 0)
(0.155261 -2.51289 0)
(-0.408965 -0.280448 0)
(-0.348487 -0.0613559 0)
(-0.19728 0.337845 0)
(0.139278 0.386807 0)
(0.237867 -0.0234461 0)
(0.150401 -0.434524 0)
(-0.931788 0.578842 0)
(-1.249 0.817486 0)
(-1.42339 0.309625 0)
(-1.53577 0.0496752 0)
(-1.63465 -0.0455483 0)
(-1.44615 -0.0147467 0)
(-1.03266 -0.0446991 0)
(-0.512214 -0.242228 0)
(-0.0434163 -0.391433 0)
(0.111743 -0.68239 0)
(0.346635 -0.772884 0)
(0.340823 -1.27721 0)
(0.180478 -2.26626 0)
(-0.600854 -0.541119 0)
(-0.319653 -0.0753286 0)
(-0.265513 0.504836 0)
(-0.115588 0.355861 0)
(-0.278426 -0.0382762 0)
(-0.823306 0.590386 0)
(-1.22506 0.842509 0)
(-1.12936 0.846982 0)
(-1.19649 0.457161 0)
(-1.17635 0.107734 0)
(-1.08564 -0.134372 0)
(-0.898532 -0.250818 0)
(-0.577252 -0.28574 0)
(-0.345439 -0.53391 0)
(-0.00109315 -0.640815 0)
(0.137518 -0.857356 0)
(0.310877 -0.906263 0)
(0.324354 -1.26148 0)
(0.221209 -2.03657 0)
(-0.838109 -0.58813 0)
(-0.955776 -0.383662 0)
(-0.725858 0.159652 0)
(-0.561676 0.411372 0)
(-0.922456 0.576128 0)
(-1.02469 0.47701 0)
(-0.982601 0.84053 0)
(-0.916862 0.800884 0)
(-0.840938 0.351119 0)
(-0.692054 -0.0434561 0)
(-0.496448 -0.296744 0)
(-0.403666 -0.469335 0)
(-0.131444 -0.542905 0)
(0.00776884 -0.752346 0)
(0.190481 -0.834617 0)
(0.280125 -0.954682 0)
(0.334349 -0.953282 0)
(0.348628 -1.19164 0)
(0.165448 -1.77692 0)
(-0.701251 -0.346407 0)
(-0.967485 -0.17856 0)
(-1.01228 0.16898 0)
(-0.970347 0.488829 0)
(-0.902447 0.413813 0)
(-0.848609 0.615972 0)
(-0.801489 0.746128 0)
(-0.594136 0.718076 0)
(-0.439847 0.248819 0)
(-0.204114 -0.203941 0)
(0.0220066 -0.39795 0)
(0.0895077 -0.582984 0)
(0.247885 -0.658951 0)
(0.29924 -0.831145 0)
(0.359829 -0.884059 0)
(0.352 -0.992715 0)
(0.358493 -0.960649 0)
(0.311429 -1.11047 0)
(0.147826 -1.57016 0)
(-0.673823 -0.219848 0)
(-0.78904 -0.0957729 0)
(-0.842591 0.150022 0)
(-0.737021 0.343778 0)
(-0.639718 0.449883 0)
(-0.592784 0.408688 0)
(-0.409173 0.601739 0)
(-0.177238 0.483311 0)
(0.184968 -0.00398276 0)
(0.301162 -0.45513 0)
(0.450932 -0.563803 0)
(0.468168 -0.669468 0)
(0.533357 -0.733138 0)
(0.533723 -0.848948 0)
(0.511539 -0.884954 0)
(0.461072 -0.950297 0)
(0.388843 -0.921073 0)
(0.31263 -0.998789 0)
(0.124946 -1.36257 0)
(-0.479528 -0.141494 0)
(-0.531939 -0.0307224 0)
(-0.485557 0.12784 0)
(-0.423243 0.288116 0)
(-0.241633 0.288551 0)
(-0.133507 0.397446 0)
(0.0802815 0.370249 0)
(0.376342 0.177712 0)
(0.680284 -0.182456 0)
(0.702113 -0.447075 0)
(0.729591 -0.55096 0)
(0.718721 -0.658261 0)
(0.720581 -0.719701 0)
(0.68405 -0.81221 0)
(0.613169 -0.818686 0)
(0.519847 -0.882471 0)
(0.404132 -0.824226 0)
(0.279924 -0.87159 0)
(0.119449 -1.17453 0)
(-0.441204 -0.15441 0)
(-0.425595 -0.0847818 0)
(-0.365767 0.048567 0)
(-0.225309 0.133839 0)
(-0.0625345 0.183521 0)
(0.118729 0.127926 0)
(0.382584 0.136062 0)
(0.599699 -0.0528266 0)
(0.794189 -0.299842 0)
(0.82354 -0.494922 0)
(0.853401 -0.580097 0)
(0.838529 -0.658264 0)
(0.819014 -0.70253 0)
(0.752196 -0.750327 0)
(0.656693 -0.737084 0)
(0.533742 -0.75962 0)
(0.383483 -0.705699 0)
(0.26824 -0.740236 0)
(0.10063 -1.00175 0)
(-0.389934 -0.149594 0)
(-0.377453 -0.102104 0)
(-0.29046 -0.0532224 0)
(-0.170793 0.00848775 0)
(0.0113688 -0.0227196 0)
(0.185827 -0.0103744 0)
(0.394422 -0.0659745 0)
(0.598679 -0.198283 0)
(0.748808 -0.386243 0)
(0.816526 -0.50325 0)
(0.855756 -0.565621 0)
(0.862382 -0.627877 0)
(0.829607 -0.642673 0)
(0.752823 -0.664472 0)
(0.647171 -0.622156 0)
(0.514692 -0.635022 0)
(0.377591 -0.584191 0)
(0.250447 -0.615159 0)
(0.0974616 -0.84106 0)
(-0.387921 -0.183199 0)
(-0.345861 -0.170268 0)
(-0.282272 -0.139668 0)
(-0.165754 -0.133252 0)
(-0.0367334 -0.140992 0)
(0.109163 -0.212063 0)
(0.304042 -0.239845 0)
(0.46765 -0.368043 0)
(0.626377 -0.498203 0)
(0.688433 -0.587553 0)
(0.77898 -0.622949 0)
(0.797423 -0.632239 0)
(0.781195 -0.604538 0)
(0.714958 -0.583872 0)
(0.620413 -0.522449 0)
(0.499615 -0.514642 0)
(0.366193 -0.467406 0)
(0.243216 -0.485818 0)
(0.0883769 -0.687233 0)
(-0.390068 -0.199322 0)
(-0.364827 -0.200083 0)
(-0.293003 -0.216984 0)
(-0.208091 -0.2165 0)
(-0.0851672 -0.272406 0)
(0.0364899 -0.321175 0)
(0.187533 -0.391522 0)
(0.347643 -0.491971 0)
(0.486418 -0.586947 0)
(0.577919 -0.642265 0)
(0.665939 -0.665425 0)
(0.72137 -0.629713 0)
(0.737427 -0.568858 0)
(0.691715 -0.51853 0)
(0.609776 -0.428458 0)
(0.492857 -0.404396 0)
(0.365204 -0.353049 0)
(0.235156 -0.363426 0)
(0.0862237 -0.541531 0)
(-0.474285 -0.227233 0)
(-0.440937 -0.254661 0)
(-0.393956 -0.282174 0)
(-0.32354 -0.317011 0)
(-0.235887 -0.36345 0)
(-0.148083 -0.454251 0)
(-0.00582869 -0.522577 0)
(0.12003 -0.63468 0)
(0.274264 -0.707197 0)
(0.387222 -0.747083 0)
(0.507921 -0.753488 0)
(0.586284 -0.69495 0)
(0.662546 -0.578892 0)
(0.66245 -0.466571 0)
(0.604581 -0.343252 0)
(0.496616 -0.292179 0)
(0.371967 -0.234709 0)
(0.234737 -0.23236 0)
(0.08198 -0.396403 0)
(-0.568835 -0.233306 0)
(-0.547618 -0.274546 0)
(-0.506161 -0.323992 0)
(-0.471207 -0.361296 0)
(-0.412124 -0.432197 0)
(-0.350513 -0.530933 0)
(-0.221822 -0.635375 0)
(-0.100701 -0.746939 0)
(0.0551478 -0.830002 0)
(0.181699 -0.85426 0)
(0.316871 -0.846863 0)
(0.418596 -0.769337 0)
(0.514327 -0.638963 0)
(0.574899 -0.46562 0)
(0.56454 -0.27962 0)
(0.472666 -0.193552 0)
(0.358548 -0.117178 0)
(0.221583 -0.100836 0)
(0.0796568 -0.255582 0)
(-0.653861 -0.255002 0)
(-0.632879 -0.308841 0)
(-0.614199 -0.351942 0)
(-0.603395 -0.398866 0)
(-0.573333 -0.473726 0)
(-0.509908 -0.62308 0)
(-0.389413 -0.74944 0)
(-0.265334 -0.882291 0)
(-0.112422 -0.962963 0)
(0.0132664 -0.981598 0)
(0.168665 -0.968005 0)
(0.290084 -0.871892 0)
(0.403297 -0.720546 0)
(0.475386 -0.510486 0)
(0.519109 -0.251124 0)
(0.448728 -0.104577 0)
(0.341567 -0.00784447 0)
(0.210113 0.0209118 0)
(0.0781997 -0.123735 0)
(-0.70447 -0.265599 0)
(-0.701936 -0.311387 0)
(-0.6961 -0.351346 0)
(-0.69943 -0.399242 0)
(-0.664426 -0.517481 0)
(-0.598538 -0.698183 0)
(-0.487773 -0.857542 0)
(-0.373872 -0.998534 0)
(-0.238501 -1.08314 0)
(-0.119392 -1.1089 0)
(0.0541488 -1.09861 0)
(0.183408 -0.98151 0)
(0.322667 -0.807906 0)
(0.396174 -0.569977 0)
(0.470432 -0.256553 0)
(0.433951 -0.032693 0)
(0.337635 0.0977284 0)
(0.215067 0.137653 0)
(0.0788809 0.00477659 0)
(-0.750497 -0.270669 0)
(-0.752034 -0.314897 0)
(-0.746787 -0.3549 0)
(-0.741961 -0.425309 0)
(-0.694662 -0.566025 0)
(-0.627676 -0.780801 0)
(-0.534464 -0.953702 0)
(-0.442948 -1.10588 0)
(-0.324845 -1.19368 0)
(-0.212509 -1.24459 0)
(-0.0348481 -1.2425 0)
(0.100874 -1.1132 0)
(0.266711 -0.913605 0)
(0.345201 -0.642566 0)
(0.43298 -0.285829 0)
(0.420478 0.0169656 0)
(0.339097 0.189685 0)
(0.21768 0.255992 0)
(0.0795514 0.142339 0)
(-0.77373 -0.269209 0)
(-0.772091 -0.314876 0)
(-0.754808 -0.360755 0)
(-0.737597 -0.446434 0)
(-0.674378 -0.621588 0)
(-0.621009 -0.842888 0)
(-0.547993 -1.02517 0)
(-0.480817 -1.18825 0)
(-0.374783 -1.29225 0)
(-0.269519 -1.3714 0)
(-0.106509 -1.383 0)
(0.0350341 -1.25429 0)
(0.221761 -1.02991 0)
(0.314597 -0.720255 0)
(0.409267 -0.325494 0)
(0.412185 0.0525266 0)
(0.337366 0.280297 0)
(0.212938 0.372613 0)
(0.0790335 0.273181 0)
(-0.779534 -0.278087 0)
(-0.762327 -0.331415 0)
(-0.727107 -0.386923 0)
(-0.687118 -0.497199 0)
(-0.626187 -0.672388 0)
(-0.59539 -0.894271 0)
(-0.536987 -1.08149 0)
(-0.489403 -1.2617 0)
(-0.38749 -1.38545 0)
(-0.297568 -1.4863 0)
(-0.15159 -1.51844 0)
(-0.00228618 -1.40912 0)
(0.188735 -1.16687 0)
(0.307036 -0.811108 0)
(0.403737 -0.374352 0)
(0.421455 0.0832008 0)
(0.353588 0.369585 0)
(0.221358 0.490615 0)
(0.0842714 0.406675 0)
(-0.749709 -0.298414 0)
(-0.714204 -0.361991 0)
(-0.662165 -0.42859 0)
(-0.614512 -0.537359 0)
(-0.561111 -0.704378 0)
(-0.531482 -0.923119 0)
(-0.483827 -1.12103 0)
(-0.453808 -1.32307 0)
(-0.362436 -1.46589 0)
(-0.288993 -1.58435 0)
(-0.154752 -1.65067 0)
(-0.00276012 -1.56189 0)
(0.176488 -1.31054 0)
(0.317902 -0.914786 0)
(0.420442 -0.429564 0)
(0.440818 0.0978952 0)
(0.376433 0.460689 0)
(0.234407 0.616289 0)
(0.0894899 0.549277 0)
(-0.697711 -0.339921 0)
(-0.651238 -0.410649 0)
(-0.595721 -0.477956 0)
(-0.547219 -0.588621 0)
(-0.491906 -0.748297 0)
(-0.459193 -0.964225 0)
(-0.40662 -1.15259 0)
(-0.39157 -1.37165 0)
(-0.313853 -1.53519 0)
(-0.253233 -1.67416 0)
(-0.128272 -1.77783 0)
(0.0143574 -1.70819 0)
(0.186639 -1.4574 0)
(0.337156 -1.031 0)
(0.446029 -0.485656 0)
(0.471387 0.123978 0)
(0.409224 0.556167 0)
(0.252353 0.7509 0)
(0.0969392 0.699853 0)
(-0.630154 -0.380908 0)
(-0.579868 -0.453633 0)
(-0.522534 -0.52205 0)
(-0.469998 -0.630696 0)
(-0.418185 -0.783313 0)
(-0.387576 -0.999675 0)
(-0.327608 -1.18138 0)
(-0.307795 -1.40654 0)
(-0.24398 -1.59061 0)
(-0.187068 -1.75193 0)
(-0.073142 -1.89274 0)
(0.0585894 -1.84651 0)
(0.230075 -1.6032 0)
(0.384085 -1.14946 0)
(0.494428 -0.551454 0)
(0.51831 0.130972 0)
(0.447893 0.658548 0)
(0.276961 0.898763 0)
(0.104269 0.865057 0)
(-0.568612 -0.430425 0)
(-0.516812 -0.508605 0)
(-0.455909 -0.578319 0)
(-0.399856 -0.683648 0)
(-0.350397 -0.823684 0)
(-0.326552 -1.04689 0)
(-0.264076 -1.22539 0)
(-0.235095 -1.44782 0)
(-0.181355 -1.64471 0)
(-0.127049 -1.8288 0)
(-0.02647 -2.00025 0)
(0.0977593 -1.982 0)
(0.26416 -1.75241 0)
(0.426673 -1.26967 0)
(0.542854 -0.607132 0)
(0.56437 0.166917 0)
(0.491222 0.774499 0)
(0.301083 1.06221 0)
(0.114443 1.04479 0)
(-0.500996 -0.4766 0)
(-0.44568 -0.554734 0)
(-0.386389 -0.626782 0)
(-0.327906 -0.725477 0)
(-0.27712 -0.848452 0)
(-0.253509 -1.07729 0)
(-0.20105 -1.26314 0)
(-0.160464 -1.48103 0)
(-0.11391 -1.68802 0)
(-0.0552264 -1.89174 0)
(0.0286619 -2.09621 0)
(0.154308 -2.10899 0)
(0.310501 -1.90135 0)
(0.481837 -1.4015 0)
(0.606991 -0.676489 0)
(0.627993 0.177193 0)
(0.538347 0.896727 0)
(0.33317 1.23949 0)
(0.123034 1.24093 0)
(-0.443827 -0.532673 0)
(-0.390114 -0.613321 0)
(-0.331237 -0.685945 0)
(-0.275087 -0.783593 0)
(-0.219555 -0.891776 0)
(-0.191026 -1.11667 0)
(-0.149504 -1.31022 0)
(-0.100904 -1.52725 0)
(-0.0588829 -1.74032 0)
(0.00301267 -1.9579 0)
(0.0732138 -2.18998 0)
(0.198506 -2.23661 0)
(0.345398 -2.04918 0)
(0.521036 -1.53752 0)
(0.655907 -0.739371 0)
(0.677323 0.229949 0)
(0.575252 1.04144 0)
(0.354368 1.4383 0)
(0.129951 1.45754 0)
(-0.37834 -0.574354 0)
(-0.326336 -0.655485 0)
(-0.269094 -0.729405 0)
(-0.217186 -0.825747 0)
(-0.162118 -0.923006 0)
(-0.126417 -1.14004 0)
(-0.091787 -1.34354 0)
(-0.041501 -1.56261 0)
(0.000458551 -1.78144 0)
(0.0638417 -2.01109 0)
(0.124398 -2.27301 0)
(0.24544 -2.35464 0)
(0.377593 -2.19409 0)
(0.560258 -1.68228 0)
(0.698077 -0.818789 0)
(0.730778 0.249411 0)
(0.607554 1.18862 0)
(0.378999 1.64186 0)
(0.134798 1.67846 0)
(-0.331451 -0.632051 0)
(-0.281781 -0.713604 0)
(-0.225471 -0.785994 0)
(-0.177632 -0.8818 0)
(-0.123971 -0.974985 0)
(-0.0803517 -1.18154 0)
(-0.0496502 -1.38788 0)
(-0.00112413 -1.61153 0)
(0.040706 -1.83611 0)
(0.105767 -2.07043 0)
(0.160618 -2.35452 0)
(0.273651 -2.46494 0)
(0.391123 -2.3343 0)
(0.573456 -1.82646 0)
(0.722024 -0.893356 0)
(0.754644 0.313505 0)
(0.621371 1.36053 0)
(0.385135 1.86751 0)
(0.136929 1.92305 0)
(-0.272553 -0.666511 0)
(-0.227062 -0.74984 0)
(-0.173009 -0.821849 0)
(-0.127494 -0.916323 0)
(-0.078588 -1.00928 0)
(-0.0333003 -1.20616 0)
(-0.000417573 -1.41382 0)
(0.044482 -1.64368 0)
(0.0842379 -1.87716 0)
(0.145999 -2.11945 0)
(0.196844 -2.42459 0)
(0.29943 -2.56314 0)
(0.403063 -2.46645 0)
(0.57828 -1.9828 0)
(0.735272 -0.983928 0)
(0.757888 0.33863 0)
(0.618293 1.52154 0)
(0.382165 2.07808 0)
(0.133994 2.1484 0)
(-0.238633 -0.72274 0)
(-0.196086 -0.80562 0)
(-0.145354 -0.877922 0)
(-0.100419 -0.969125 0)
(-0.0555729 -1.06193 0)
(-0.00964172 -1.25401 0)
(0.0255599 -1.45963 0)
(0.0689537 -1.68945 0)
(0.105096 -1.9288 0)
(0.164945 -2.1731 0)
(0.205987 -2.49372 0)
(0.300864 -2.65036 0)
(0.382395 -2.58666 0)
(0.550297 -2.1245 0)
(0.688577 -1.05524 0)
(0.717888 0.422861 0)
(0.574239 1.70218 0)
(0.364575 2.30917 0)
(0.11798 2.39249 0)
(-0.191441 -0.748123 0)
(-0.151653 -0.831949 0)
(-0.10375 -0.905884 0)
(-0.0610909 -0.995395 0)
(-0.0168662 -1.08888 0)
(0.0262014 -1.27754 0)
(0.0624457 -1.4827 0)
(0.105435 -1.7141 0)
(0.138742 -1.96227 0)
(0.195855 -2.20992 0)
(0.230511 -2.54676 0)
(0.31271 -2.72279 0)
(0.381513 -2.69308 0)
(0.521285 -2.26262 0)
(0.659792 -1.1377 0)
(0.641423 0.440411 0)
(0.506931 1.83754 0)
(0.317361 2.48677 0)
(0.108209 2.58043 0)
(-0.17346 -0.805109 0)
(-0.135486 -0.888015 0)
(-0.0910403 -0.963 0)
(-0.0498702 -1.05088 0)
(-0.00744022 -1.14412 0)
(0.0339528 -1.32887 0)
(0.0703961 -1.53425 0)
(0.11375 -1.76128 0)
(0.142314 -2.01296 0)
(0.197602 -2.25836 0)
(0.222877 -2.60136 0)
(0.29276 -2.78707 0)
(0.341452 -2.77605 0)
(0.445669 -2.37342 0)
(0.563415 -1.16269 0)
(0.545148 0.566801 0)
(0.411912 1.99895 0)
(0.267343 2.67558 0)
(0.0818485 2.78191 0)
(-0.141222 -0.819166 0)
(-0.104423 -0.902483 0)
(-0.0607685 -0.97889 0)
(-0.0212645 -1.06676 0)
(0.0212557 -1.15992 0)
(0.0619652 -1.34361 0)
(0.0979967 -1.55008 0)
(0.141056 -1.77501 0)
(0.16772 -2.03356 0)
(0.219121 -2.2788 0)
(0.239503 -2.62891 0)
(0.292957 -2.82665 0)
(0.331347 -2.82991 0)
(0.392394 -2.46451 0)
(0.50434 -1.23116 0)
(0.438922 0.575741 0)
(0.312982 2.08161 0)
(0.210984 2.78006 0)
(0.066967 2.88984 0)
(-0.13524 -0.88331 0)
(-0.0993197 -0.966451 0)
(-0.0583247 -1.04439 0)
(-0.0198221 -1.13133 0)
(0.0201164 -1.22625 0)
(0.0617401 -1.4049 0)
(0.0954596 -1.61309 0)
(0.140803 -1.8312 0)
(0.165713 -2.09117 0)
(0.214669 -2.33045 0)
(0.232347 -2.67611 0)
(0.276355 -2.87634 0)
(0.298927 -2.87188 0)
(0.32783 -2.5318 0)
(0.385247 -1.20333 0)
(0.291961 0.748479 0)
(0.192154 2.21163 0)
(0.13575 2.90466 0)
(0.0456428 3.04078 0)
)
;

boundaryField
{
    leftWall
    {
        type            noSlip;
    }
    rightWall
    {
        type            noSlip;
    }
    lowerWall
    {
        type            noSlip;
    }
    atmosphere
    {
        type            zeroGradient;
    }
    defaultFaces
    {
        type            empty;
    }
}


// ************************************************************************* //
