/*--------------------------------*- C++ -*----------------------------------*\
| =========                 |                                                 |
| \\      /  F ield         | OpenFOAM: The Open Source CFD Toolbox           |
|  \\    /   O peration     | Version:  2012                                  |
|   \\  /    A nd           | Website:  www.openfoam.com                      |
|    \\/     M anipulation  |                                                 |
\*---------------------------------------------------------------------------*/
FoamFile
{
    version     2.0;
    format      ascii;
    class       volVectorField;
    location    "2e-05";
    object      Uc;
}
// * * * * * * * * * * * * * * * * * * * * * * * * * * * * * * * * * * * * * //

dimensions      [0 1 -1 0 0 0 0];


internalField   nonuniform List<vector> 
5000
(
(0 0 0)
(0 0 0)
(0 0 0)
(0 0 0)
(0 0 0)
(0 0 0)
(0 0 0)
(0 0 0)
(0 0 0)
(0 0 0)
(0 0 0)
(0 0 0)
(0 0 0)
(0 0 0)
(0 0 0)
(0 0 0)
(0 0 0)
(0 0 0)
(0 0 0)
(0 0 0)
(0 0 0)
(0 0 0)
(0 0 0)
(0 0 0)
(0 0 0)
(0 0 0)
(0 0 0)
(0 0 0)
(0 0 0)
(0 0 0)
(0 0 0)
(0 0 0)
(0 0 0)
(0 0 0)
(0 0 0)
(0 0 0)
(0 0 0)
(0 0 0)
(0 0 0)
(0 0 0)
(0 0 0)
(0 0 0)
(0 0 0)
(0 0 0)
(0 0 0)
(0 0 0)
(0 0 0)
(0 0 0)
(0 0 0)
(0 0 0)
(0 0 0)
(0 0 0)
(0 0 0)
(0 0 0)
(0 0 0)
(0 0 0)
(0 0 0)
(0 0 0)
(0 0 0)
(0 0 0)
(0 0 0)
(0 0 0)
(0 0 0)
(0 0 0)
(0 0 0)
(0 0 0)
(0 0 0)
(0 0 0)
(0 0 0)
(0 0 0)
(0 0 0)
(0 0 0)
(0 0 0)
(0 0 0)
(0 0 0)
(0 0 0)
(0 0 0)
(0 0 0)
(0 0 0)
(0 0 0)
(0 0 0)
(0 0 0)
(0 0 0)
(0 0 0)
(0 0 0)
(0 0 0)
(0 0 0)
(0 0 0)
(0 0 0)
(0 0 0)
(0 0 0)
(0 0 0)
(0 0 0)
(0 0 0)
(0 0 0)
(0 0 0)
(0 0 0)
(0 0 0)
(0 0 0)
(0 0 0)
(0 0 0)
(0 0 0)
(0 0 0)
(0 0 0)
(0 0 0)
(0 0 0)
(0 0 0)
(0 0 0)
(0 0 0)
(0 0 0)
(0 0 0)
(0 0 0)
(0 0 0)
(0 0 0)
(0 0 0)
(0 0 0)
(0 0 0)
(0 0 0)
(0 0 0)
(0 0 0)
(0 0 0)
(0 0 0)
(0 0 0)
(0 0 0)
(0 0 0)
(0 0 0)
(0 0 0)
(0 0 0)
(0 0 0)
(0 0 0)
(0 0 0)
(0 0 0)
(0 0 0)
(0 0 0)
(0 0 0)
(0 0 0)
(0 0 0)
(0 0 0)
(0 0 0)
(0 0 0)
(0 0 0)
(0 0 0)
(0 0 0)
(0 0 0)
(0 0 0)
(0 0 0)
(0 0 0)
(0 0 0)
(0 0 0)
(0 0 0)
(0 0 0)
(0 0 0)
(0 0 0)
(0 0 0)
(0 0 0)
(0 0 0)
(0 0 0)
(0 0 0)
(0 0 0)
(0 0 0)
(0 0 0)
(0 0 0)
(0 0 0)
(0 0 0)
(0 0 0)
(0 0 0)
(0 0 0)
(0 0 0)
(0 0 0)
(0 0 0)
(0 0 0)
(0 0 0)
(0 0 0)
(0 0 0)
(0 0 0)
(0 0 0)
(0 0 0)
(0 0 0)
(0 0 0)
(0 0 0)
(0 0 0)
(0 0 0)
(0 0 0)
(0 0 0)
(0 0 0)
(0 0 0)
(0 0 0)
(0 0 0)
(0 0 0)
(0 0 0)
(0 0 0)
(0 0 0)
(0 0 0)
(0 0 0)
(0 0 0)
(0 0 0)
(0 0 0)
(0 0 0)
(0 0 0)
(0 0 0)
(0 0 0)
(0 0 0)
(0 0 0)
(0 0 0)
(0 0 0)
(0 0 0)
(0 0 0)
(0 0 0)
(0 0 0)
(0 0 0)
(0 0 0)
(0 0 0)
(0 0 0)
(0 0 0)
(0 0 0)
(0 0 0)
(0 0 0)
(0 0 0)
(0 0 0)
(0 0 0)
(0 0 0)
(0 0 0)
(0 0 0)
(0 0 0)
(0 0 0)
(0 0 0)
(0 0 0)
(0 0 0)
(0 0 0)
(0 0 0)
(0 0 0)
(0 0 0)
(0 0 0)
(0 0 0)
(0 0 0)
(0 0 0)
(0 0 0)
(0 0 0)
(0 0 0)
(0 0 0)
(0 0 0)
(0 0 0)
(0 0 0)
(0 0 0)
(0 0 0)
(0 0 0)
(0 0 0)
(0 0 0)
(0 0 0)
(0 0 0)
(0 0 0)
(0 0 0)
(0 0 0)
(0 0 0)
(0 0 0)
(0 0 0)
(0 0 0)
(0 0 0)
(0 0 0)
(0 0 0)
(0 0 0)
(0 0 0)
(0 0 0)
(0 0 0)
(0 0 0)
(0 0 0)
(0 0 0)
(0 0 0)
(0 0 0)
(0 0 0)
(0 0 0)
(0 0 0)
(0 0 0)
(0 0 0)
(0 0 0)
(0 0 0)
(0 0 0)
(0 0 0)
(0 0 0)
(0 0 0)
(0 0 0)
(0 0 0)
(0 0 0)
(0 0 0)
(0 0 0)
(0 0 0)
(0 0 0)
(0 0 0)
(0 0 0)
(0 0 0)
(0 0 0)
(0 0 0)
(0 0 0)
(0 0 0)
(0 0 0)
(0 0 0)
(0 0 0)
(0 0 0)
(0 0 0)
(0 0 0)
(0 0 0)
(0 0 0)
(0 0 0)
(0 0 0)
(0 0 0)
(0 0 0)
(0 0 0)
(0 0 0)
(0 0 0)
(0 0 0)
(0 0 0)
(0 0 0)
(0 0 0)
(0 0 0)
(0 0 0)
(0 0 0)
(0 0 0)
(0 0 0)
(0 0 0)
(0 0 0)
(0 0 0)
(0 0 0)
(0 0 0)
(0 0 0)
(0 0 0)
(0 0 0)
(0 0 0)
(0 0 0)
(0 0 0)
(0 0 0)
(0 0 0)
(0 0 0)
(0 0 0)
(0 0 0)
(0 0 0)
(0 0 0)
(0 0 0)
(0 0 0)
(0 0 0)
(0 0 0)
(0 0 0)
(0 0 0)
(0 0 0)
(0 0 0)
(0 0 0)
(0 0 0)
(0 0 0)
(0 0 0)
(0 0 0)
(0 0 0)
(0 0 0)
(0 0 0)
(0 0 0)
(0 0 0)
(0 0 0)
(0 0 0)
(0 0 0)
(0 0 0)
(0 0 0)
(0 0 0)
(0 0 0)
(0 0 0)
(0 0 0)
(0 0 0)
(0 0 0)
(0 0 0)
(0 0 0)
(0 0 0)
(0 0 0)
(0 0 0)
(0 0 0)
(0 0 0)
(0 0 0)
(0 0 0)
(0 0 0)
(0 0 0)
(0 0 0)
(0 0 0)
(0 0 0)
(0 0 0)
(0 0 0)
(0 0 0)
(0 0 0)
(0 0 0)
(0 0 0)
(0 0 0)
(0 0 0)
(0 0 0)
(0 0 0)
(0 0 0)
(0 0 0)
(0 0 0)
(0 0 0)
(0 0 0)
(0 0 0)
(0 0 0)
(0 0 0)
(0 0 0)
(0 0 0)
(0 0 0)
(0 0 0)
(0 0 0)
(0 0 0)
(0 0 0)
(0 0 0)
(0 0 0)
(0 0 0)
(0 0 0)
(0 0 0)
(0 0 0)
(0 0 0)
(0 0 0)
(0 0 0)
(0 0 0)
(0 0 0)
(0 0 0)
(0 0 0)
(0 0 0)
(0 0 0)
(0 0 0)
(0 0 0)
(0 0 0)
(0 0 0)
(0 0 0)
(0 0 0)
(0 0 0)
(0 0 0)
(0 0 0)
(0 0 0)
(0 0 0)
(0 0 0)
(0 0 0)
(0 0 0)
(0 0 0)
(0 0 0)
(0 0 0)
(0 0 0)
(0 0 0)
(0 0 0)
(0 0 0)
(0 0 0)
(0 0 0)
(0 0 0)
(0 0 0)
(0 0 0)
(0 0 0)
(0 0 0)
(0 0 0)
(0 0 0)
(0 0 0)
(0 0 0)
(0 0 0)
(0 0 0)
(0 0 0)
(0 0 0)
(0 0 0)
(0 0 0)
(0 0 0)
(0 0 0)
(0 0 0)
(0 0 0)
(0 0 0)
(0 0 0)
(0 0 0)
(0 0 0)
(0 0 0)
(0 0 0)
(0 0 0)
(0 0 0)
(0 0 0)
(0 0 0)
(0 0 0)
(0 0 0)
(0 0 0)
(0 0 0)
(0 0 0)
(0 0 0)
(0 0 0)
(0 0 0)
(0 0 0)
(0 0 0)
(0 0 0)
(0 0 0)
(0 0 0)
(0 0 0)
(0 0 0)
(0 0 0)
(0 0 0)
(0 0 0)
(0 0 0)
(0 0 0)
(0 0 0)
(0 0 0)
(0 0 0)
(0 0 0)
(0 0 0)
(0 0 0)
(0 0 0)
(0 0 0)
(0 0 0)
(0 0 0)
(0 0 0)
(0 0 0)
(0 0 0)
(0 0 0)
(0 0 0)
(0 0 0)
(0 0 0)
(0 0 0)
(0 0 0)
(0 0 0)
(0 0 0)
(0 0 0)
(0 0 0)
(0 0 0)
(0 0 0)
(0 0 0)
(0 0 0)
(0 0 0)
(0 0 0)
(0 0 0)
(0 0 0)
(0 0 0)
(0 0 0)
(0 0 0)
(0 0 0)
(0 0 0)
(0 0 0)
(0 0 0)
(0 0 0)
(0 0 0)
(0 0 0)
(0 0 0)
(0 0 0)
(0 0 0)
(0 0 0)
(0 0 0)
(0 0 0)
(0 0 0)
(0 0 0)
(0 0 0)
(0 0 0)
(0 0 0)
(0 0 0)
(0 0 0)
(0 0 0)
(0 0 0)
(0 0 0)
(0 0 0)
(0 0 0)
(0 0 0)
(0 0 0)
(0 0 0)
(0 0 0)
(0 0 0)
(0 0 0)
(0 0 0)
(0 0 0)
(0 0 0)
(0 0 0)
(0 0 0)
(0 0 0)
(0 0 0)
(0 0 0)
(0 0 0)
(0 0 0)
(0 0 0)
(0 0 0)
(0 0 0)
(0 0 0)
(0 0 0)
(0 0 0)
(0 0 0)
(0 0 0)
(0 0 0)
(0 0 0)
(0 0 0)
(0 0 0)
(0 0 0)
(0 0 0)
(0 0 0)
(0 0 0)
(0 0 0)
(0 0 0)
(0 0 0)
(0 0 0)
(0 0 0)
(0 0 0)
(0 0 0)
(0 0 0)
(0 0 0)
(0 0 0)
(0 0 0)
(0 0 0)
(0 0 0)
(0 0 0)
(0 0 0)
(0 0 0)
(0 0 0)
(0 0 0)
(0 0 0)
(0 0 0)
(0 0 0)
(0 0 0)
(0 0 0)
(0 0 0)
(0 0 0)
(0 0 0)
(0 0 0)
(0 0 0)
(0 0 0)
(0 0 0)
(0 0 0)
(0 0 0)
(0 0 0)
(0 0 0)
(0 0 0)
(0 0 0)
(0 0 0)
(0 0 0)
(0 0 0)
(0 0 0)
(0 0 0)
(0 0 0)
(0 0 0)
(0 0 0)
(0 0 0)
(0 0 0)
(0 0 0)
(0 0 0)
(0 0 0)
(0 0 0)
(0 0 0)
(0 0 0)
(0 0 0)
(0 0 0)
(0 0 0)
(0 0 0)
(0 0 0)
(0 0 0)
(0 0 0)
(0 0 0)
(0 0 0)
(0 0 0)
(0 0 0)
(0 0 0)
(0 0 0)
(0 0 0)
(0 0 0)
(0 0 0)
(0 0 0)
(0 0 0)
(0 0 0)
(0 0 0)
(0 0 0)
(0 0 0)
(0 0 0)
(0 0 0)
(0 0 0)
(0 0 0)
(0 0 0)
(0 0 0)
(0 0 0)
(0 0 0)
(0 0 0)
(0 0 0)
(0 0 0)
(0 0 0)
(0 0 0)
(0 0 0)
(0 0 0)
(0 0 0)
(0 0 0)
(0 0 0)
(0 0 0)
(0 0 0)
(0 0 0)
(0 0 0)
(0 0 0)
(0 0 0)
(0 0 0)
(0 0 0)
(0 0 0)
(0 0 0)
(0 0 0)
(0 0 0)
(0 0 0)
(0 0 0)
(0 0 0)
(0 0 0)
(0 0 0)
(0 0 0)
(0 0 0)
(0 0 0)
(0 0 0)
(0 0 0)
(0 0 0)
(0 0 0)
(0 0 0)
(0 0 0)
(0 0 0)
(0 0 0)
(0 0 0)
(0 0 0)
(0 0 0)
(0 0 0)
(0 0 0)
(0 0 0)
(0 0 0)
(0 0 0)
(0 0 0)
(0 0 0)
(0 0 0)
(0 0 0)
(0 0 0)
(0 0 0)
(0 0 0)
(0 0 0)
(0 0 0)
(0 0 0)
(0 0 0)
(0 0 0)
(0 0 0)
(0 0 0)
(0 0 0)
(0 0 0)
(0 0 0)
(0 0 0)
(0 0 0)
(0 0 0)
(0 0 0)
(0 0 0)
(0 0 0)
(0 0 0)
(0 0 0)
(0 0 0)
(0 0 0)
(0 0 0)
(0 0 0)
(0 0 0)
(0 0 0)
(0 0 0)
(0 0 0)
(0 0 0)
(0 0 0)
(0 0 0)
(0 0 0)
(0 0 0)
(0 0 0)
(0 0 0)
(0 0 0)
(0 0 0)
(0 0 0)
(0 0 0)
(0 0 0)
(0 0 0)
(0 0 0)
(0 0 0)
(0 0 0)
(0 0 0)
(0 0 0)
(0 0 0)
(0 0 0)
(0 0 0)
(0 0 0)
(0 0 0)
(0 0 0)
(0 0 0)
(0 0 0)
(0 0 0)
(0 0 0)
(0 0 0)
(0 0 0)
(0 0 0)
(0 0 0)
(0 0 0)
(0 0 0)
(0 0 0)
(0 0 0)
(0 0 0)
(0 0 0)
(0 0 0)
(0 0 0)
(0 0 0)
(0 0 0)
(0 0 0)
(0 0 0)
(0 0 0)
(0 0 0)
(0 0 0)
(0 0 0)
(0 0 0)
(0 0 0)
(0 0 0)
(0 0 0)
(0 0 0)
(0 0 0)
(0 0 0)
(0 0 0)
(0 0 0)
(0 0 0)
(0 0 0)
(0 0 0)
(0 0 0)
(0 0 0)
(0 0 0)
(0 0 0)
(0 0 0)
(0 0 0)
(0 0 0)
(0 0 0)
(0 0 0)
(0 0 0)
(0 0 0)
(0 0 0)
(0 0 0)
(0 0 0)
(0 0 0)
(0 0 0)
(0 0 0)
(0 0 0)
(0 0 0)
(0 0 0)
(0 0 0)
(0 0 0)
(0 0 0)
(0 0 0)
(0 0 0)
(0 0 0)
(0 0 0)
(0 0 0)
(0 0 0)
(0 0 0)
(0 0 0)
(0 0 0)
(0 0 0)
(0 0 0)
(0 0 0)
(0 0 0)
(0 0 0)
(0 0 0)
(0 0 0)
(0 0 0)
(0 0 0)
(0 0 0)
(0 0 0)
(0 0 0)
(0 0 0)
(0 0 0)
(0 0 0)
(0 0 0)
(0 0 0)
(0 0 0)
(0 0 0)
(0 0 0)
(0 0 0)
(0 0 0)
(0 0 0)
(0 0 0)
(0 0 0)
(0 0 0)
(0 0 0)
(0 0 0)
(0 0 0)
(0 0 0)
(0 0 0)
(0 0 0)
(0 0 0)
(0 0 0)
(0 0 0)
(0 0 0)
(0 0 0)
(0 0 0)
(0 0 0)
(0 0 0)
(0 0 0)
(0 0 0)
(0 0 0)
(0 0 0)
(0 0 0)
(0 0 0)
(0 0 0)
(0 0 0)
(0 0 0)
(0 0 0)
(0 0 0)
(0 0 0)
(0 0 0)
(0 0 0)
(0 0 0)
(0 0 0)
(0 0 0)
(0 0 0)
(0 0 0)
(0 0 0)
(0 0 0)
(0 0 0)
(0 0 0)
(0 0 0)
(0 0 0)
(0 0 0)
(0 0 0)
(0 0 0)
(0 0 0)
(0 0 0)
(0 0 0)
(0 0 0)
(0 0 0)
(0 0 0)
(0 0 0)
(0 0 0)
(0 0 0)
(0 0 0)
(0 0 0)
(0 0 0)
(0 0 0)
(0 0 0)
(0 0 0)
(0 0 0)
(0 0 0)
(0 0 0)
(0 0 0)
(0 0 0)
(0 0 0)
(0 0 0)
(0 0 0)
(0 0 0)
(0 0 0)
(0 0 0)
(0 0 0)
(0 0 0)
(0 0 0)
(0 0 0)
(0 0 0)
(0 0 0)
(0 0 0)
(0 0 0)
(0 0 0)
(0 0 0)
(0 0 0)
(0 0 0)
(0 0 0)
(0 0 0)
(0 0 0)
(0 0 0)
(0 0 0)
(0 0 0)
(0 0 0)
(0 0 0)
(0 0 0)
(0 0 0)
(0 0 0)
(0 0 0)
(0 0 0)
(0 0 0)
(0 0 0)
(0 0 0)
(0 0 0)
(0 0 0)
(0 0 0)
(0 0 0)
(0 0 0)
(0 0 0)
(0 0 0)
(0 0 0)
(0 0 0)
(0 0 0)
(0 0 0)
(0 0 0)
(0 0 0)
(0 0 0)
(0 0 0)
(0 0 0)
(0 0 0)
(0 0 0)
(0 0 0)
(0 0 0)
(0 0 0)
(0 0 0)
(0 0 0)
(0 0 0)
(0 0 0)
(0 0 0)
(0 0 0)
(0 0 0)
(0 0 0)
(0 0 0)
(0 0 0)
(0 0 0)
(0 0 0)
(0 0 0)
(0 0 0)
(0 0 0)
(0 0 0)
(0 0 0)
(0 0 0)
(0 0 0)
(0 0 0)
(0 0 0)
(0 0 0)
(0 0 0)
(0 0 0)
(0 0 0)
(0 0 0)
(0 0 0)
(0 0 0)
(0 0 0)
(0 0 0)
(0 0 0)
(0 0 0)
(0 0 0)
(0 0 0)
(0 0 0)
(0 0 0)
(0 0 0)
(0 0 0)
(0 0 0)
(0 0 0)
(0 0 0)
(0 0 0)
(0 0 0)
(0 0 0)
(0 0 0)
(0 0 0)
(0 0 0)
(0 0 0)
(0 0 0)
(0 0 0)
(0 0 0)
(0 0 0)
(0 0 0)
(0 0 0)
(0 0 0)
(0 0 0)
(0 0 0)
(0 0 0)
(0 0 0)
(0 0 0)
(0 0 0)
(0 0 0)
(0 0 0)
(0 0 0)
(0 0 0)
(0 0 0)
(0 0 0)
(0 0 0)
(0 0 0)
(0 0 0)
(0 0 0)
(0 0 0)
(0 0 0)
(0 0 0)
(0 0 0)
(0 0 0)
(0 0 0)
(0 0 0)
(0 0 0)
(0 0 0)
(0 0 0)
(0 0 0)
(0 0 0)
(0 0 0)
(0 0 0)
(0 0 0)
(0 0 0)
(0 0 0)
(0 0 0)
(0 0 0)
(0 0 0)
(0 0 0)
(0 0 0)
(0 0 0)
(0 0 0)
(0 0 0)
(0 0 0)
(0 0 0)
(0 0 0)
(0 0 0)
(0 0 0)
(0 0 0)
(0 0 0)
(0 0 0)
(0 0 0)
(0 0 0)
(0 0 0)
(0 0 0)
(0 0 0)
(0 0 0)
(0 0 0)
(0 0 0)
(0 0 0)
(0 0 0)
(0 0 0)
(0 0 0)
(0 0 0)
(0 0 0)
(0 0 0)
(0 0 0)
(0 0 0)
(0 0 0)
(0 0 0)
(0 0 0)
(0 0 0)
(0 0 0)
(0 0 0)
(0 0 0)
(0 0 0)
(0 0 0)
(0 0 0)
(0 0 0)
(0 0 0)
(0 0 0)
(0 0 0)
(0 0 0)
(0 0 0)
(0 0 0)
(0 0 0)
(0 0 0)
(0 0 0)
(0 0 0)
(0 0 0)
(0 0 0)
(0 0 0)
(0 0 0)
(0 0 0)
(0 0 0)
(0 0 0)
(0 0 0)
(0 0 0)
(0 0 0)
(0 0 0)
(0 0 0)
(0 0 0)
(0 0 0)
(0 0 0)
(0 0 0)
(0 0 0)
(0 0 0)
(0 0 0)
(0 0 0)
(0 0 0)
(0 0 0)
(0 0 0)
(0 0 0)
(0 0 0)
(0 0 0)
(0 0 0)
(0 0 0)
(0 0 0)
(0 0 0)
(0 0 0)
(0 0 0)
(0 0 0)
(0 0 0)
(0 0 0)
(0 0 0)
(0 0 0)
(0 0 0)
(0 0 0)
(0 0 0)
(0 0 0)
(0 0 0)
(0 0 0)
(0 0 0)
(0 0 0)
(0 0 0)
(0 0 0)
(0 0 0)
(0 0 0)
(0 0 0)
(0 0 0)
(0 0 0)
(0 0 0)
(0 0 0)
(0 0 0)
(0 0 0)
(0 0 0)
(0 0 0)
(0 0 0)
(0 0 0)
(0 0 0)
(0 0 0)
(0 0 0)
(0 0 0)
(0 0 0)
(0 0 0)
(0 0 0)
(0 0 0)
(0 0 0)
(0 0 0)
(0 0 0)
(0 0 0)
(0 0 0)
(0 0 0)
(0 0 0)
(0 0 0)
(0 0 0)
(0 0 0)
(0 0 0)
(0 0 0)
(0 0 0)
(0 0 0)
(0 0 0)
(0 0 0)
(0 0 0)
(0 0 0)
(0 0 0)
(0 0 0)
(0 0 0)
(0 0 0)
(0 0 0)
(0 0 0)
(0 0 0)
(0 0 0)
(0 0 0)
(0 0 0)
(0 0 0)
(0 0 0)
(0 0 0)
(0 0 0)
(0 0 0)
(0 0 0)
(0 0 0)
(0 0 0)
(0 0 0)
(0 0 0)
(0 0 0)
(0 0 0)
(0 0 0)
(0 0 0)
(0 0 0)
(0 0 0)
(0 0 0)
(0 0 0)
(0 0 0)
(0 0 0)
(0 0 0)
(0 0 0)
(0 0 0)
(0 0 0)
(0 0 0)
(0 0 0)
(0 0 0)
(0 0 0)
(0 0 0)
(0 0 0)
(0 0 0)
(0 0 0)
(0 0 0)
(0 0 0)
(0 0 0)
(0 0 0)
(0 0 0)
(0 0 0)
(0 0 0)
(0 0 0)
(0 0 0)
(0 0 0)
(0 0 0)
(0 0 0)
(0 0 0)
(0 0 0)
(0 0 0)
(0 0 0)
(0 0 0)
(0 0 0)
(0 0 0)
(0 0 0)
(0 0 0)
(0 0 0)
(0 0 0)
(0 0 0)
(0 0 0)
(0 0 0)
(0 0 0)
(0 0 0)
(0 0 0)
(0 0 0)
(0 0 0)
(0 0 0)
(0 0 0)
(0 0 0)
(0 0 0)
(0 0 0)
(0 0 0)
(0 0 0)
(0 0 0)
(0 0 0)
(0 0 0)
(0 0 0)
(0 0 0)
(0 0 0)
(0 0 0)
(0 0 0)
(0 0 0)
(0 0 0)
(0 0 0)
(0 0 0)
(0 0 0)
(0 0 0)
(0 0 0)
(0 0 0)
(0 0 0)
(0 0 0)
(0 0 0)
(0 0 0)
(0 0 0)
(0 0 0)
(0 0 0)
(0 0 0)
(0 0 0)
(0 0 0)
(0 0 0)
(0 0 0)
(0 0 0)
(0 0 0)
(0 0 0)
(0 0 0)
(0 0 0)
(0 0 0)
(0 0 0)
(0 0 0)
(0 0 0)
(0 0 0)
(0 0 0)
(0 0 0)
(0 0 0)
(0 0 0)
(0 0 0)
(0 0 0)
(0 0 0)
(0 0 0)
(0 0 0)
(0 0 0)
(0 0 0)
(0 0 0)
(0 0 0)
(0 0 0)
(0 0 0)
(0 0 0)
(0 0 0)
(0 0 0)
(0 0 0)
(0 0 0)
(0 0 0)
(0 0 0)
(0 0 0)
(0 0 0)
(0 0 0)
(0 0 0)
(0 0 0)
(0 0 0)
(0 0 0)
(0 0 0)
(0 0 0)
(0 0 0)
(0 0 0)
(0 0 0)
(0 0 0)
(0 0 0)
(0 0 0)
(0 0 0)
(0 0 0)
(0 0 0)
(0 0 0)
(0 0 0)
(0 0 0)
(0 0 0)
(0 0 0)
(0 0 0)
(0 0 0)
(0 0 0)
(0 0 0)
(0 0 0)
(0 0 0)
(0 0 0)
(0 0 0)
(0 0 0)
(0 0 0)
(0 0 0)
(0 0 0)
(0 0 0)
(0 0 0)
(0 0 0)
(0 0 0)
(0 0 0)
(0 0 0)
(0 0 0)
(0 0 0)
(0 0 0)
(0 0 0)
(0 0 0)
(0 0 0)
(0 0 0)
(0 0 0)
(0 0 0)
(0 0 0)
(0 0 0)
(0 0 0)
(0 0 0)
(0 0 0)
(0 0 0)
(0 0 0)
(0 0 0)
(0 0 0)
(0 0 0)
(0 0 0)
(0 0 0)
(0 0 0)
(0 0 0)
(0 0 0)
(0 0 0)
(0 0 0)
(0 0 0)
(0 0 0)
(0 0 0)
(0 0 0)
(0 0 0)
(0 0 0)
(0 0 0)
(0 0 0)
(0 0 0)
(0 0 0)
(0 0 0)
(0 0 0)
(0 0 0)
(0 0 0)
(0 0 0)
(0 0 0)
(0 0 0)
(0 0 0)
(0 0 0)
(0 0 0)
(0 0 0)
(0 0 0)
(0 0 0)
(0 0 0)
(0 0 0)
(0 0 0)
(0 0 0)
(0 0 0)
(0 0 0)
(0 0 0)
(0 0 0)
(0 0 0)
(0 0 0)
(0 0 0)
(0 0 0)
(0 0 0)
(0 0 0)
(0 0 0)
(0 0 0)
(0 0 0)
(0 0 0)
(0 0 0)
(0 0 0)
(0 0 0)
(0 0 0)
(0 0 0)
(0 0 0)
(0 0 0)
(0 0 0)
(0 0 0)
(0 0 0)
(0 0 0)
(0 0 0)
(0 0 0)
(0 0 0)
(0 0 0)
(0 0 0)
(0 0 0)
(0 0 0)
(0 0 0)
(0 0 0)
(0 0 0)
(0 0 0)
(0 0 0)
(0 0 0)
(0 0 0)
(0 0 0)
(0 0 0)
(0 0 0)
(0 0 0)
(0 0 0)
(0 0 0)
(0 0 0)
(0 0 0)
(0 0 0)
(0 0 0)
(0 0 0)
(0 0 0)
(0 0 0)
(0 0 0)
(0 0 0)
(0 0 0)
(0 0 0)
(0 0 0)
(0 0 0)
(0 0 0)
(0 0 0)
(0 0 0)
(0 0 0)
(0 0 0)
(0 0 0)
(0 0 0)
(0 0 0)
(0 0 0)
(0 0 0)
(0 0 0)
(0 0 0)
(0 0 0)
(0 0 0)
(0 0 0)
(0 0 0)
(0 0 0)
(0 0 0)
(0 0 0)
(0 0 0)
(0 0 0)
(0 0 0)
(0 0 0)
(0 0 0)
(0 0 0)
(0 0 0)
(0 0 0)
(0 0 0)
(0 0 0)
(0 0 0)
(0 0 0)
(0 0 0)
(0 0 0)
(0 0 0)
(0 0 0)
(0 0 0)
(0 0 0)
(0 0 0)
(0 0 0)
(0 0 0)
(0 0 0)
(0 0 0)
(0 0 0)
(0 0 0)
(0 0 0)
(0 0 0)
(0 0 0)
(0 0 0)
(0 0 0)
(0 0 0)
(0 0 0)
(0 0 0)
(0 0 0)
(0 0 0)
(0 0 0)
(0 0 0)
(0 0 0)
(0 0 0)
(0 0 0)
(0 0 0)
(0 0 0)
(0 0 0)
(0 0 0)
(0 0 0)
(0 0 0)
(0 0 0)
(0 0 0)
(0 0 0)
(0 0 0)
(0 0 0)
(0 0 0)
(0 0 0)
(0 0 0)
(0 0 0)
(0 0 0)
(0 0 0)
(0 0 0)
(0 0 0)
(0 0 0)
(0 0 0)
(0 0 0)
(0 0 0)
(0 0 0)
(0 0 0)
(0 0 0)
(0 0 0)
(0 0 0)
(0 0 0)
(0 0 0)
(0 0 0)
(0 0 0)
(0 0 0)
(0 0 0)
(0 0 0)
(0 0 0)
(0 0 0)
(0 0 0)
(0 0 0)
(0 0 0)
(0 0 0)
(0 0 0)
(0 0 0)
(0 0 0)
(0 0 0)
(0 0 0)
(0 0 0)
(0 0 0)
(0 0 0)
(0 0 0)
(0 0 0)
(0 0 0)
(0 0 0)
(0 0 0)
(0 0 0)
(0 0 0)
(0 0 0)
(0 0 0)
(0 0 0)
(0 0 0)
(0 0 0)
(0 0 0)
(0 0 0)
(0 0 0)
(0 0 0)
(0 0 0)
(0 0 0)
(0 0 0)
(0 0 0)
(0 0 0)
(0 0 0)
(0 0 0)
(0 0 0)
(0 0 0)
(0 0 0)
(0 0 0)
(0 0 0)
(0 0 0)
(0 0 0)
(0 0 0)
(0 0 0)
(0 0 0)
(0 0 0)
(0 0 0)
(0 0 0)
(0 0 0)
(0 0 0)
(0 0 0)
(0 0 0)
(0 0 0)
(0 0 0)
(0 0 0)
(0 0 0)
(0 0 0)
(0 0 0)
(0 0 0)
(0 0 0)
(0 0 0)
(0 0 0)
(0 0 0)
(0 0 0)
(0 0 0)
(0 0 0)
(0 0 0)
(0 0 0)
(0 0 0)
(0 0 0)
(0 0 0)
(0 0 0)
(0 0 0)
(0 0 0)
(0 0 0)
(0 0 0)
(0 0 0)
(0 0 0)
(0 0 0)
(0 0 0)
(0 0 0)
(0 0 0)
(0 0 0)
(0 0 0)
(0 0 0)
(0 0 0)
(0 0 0)
(0 0 0)
(0 0 0)
(0 0 0)
(0 0 0)
(0 0 0)
(0 0 0)
(0 0 0)
(0 0 0)
(0 0 0)
(0 0 0)
(0 0 0)
(0 0 0)
(0 0 0)
(0 0 0)
(0 0 0)
(0 0 0)
(0 0 0)
(0 0 0)
(0 0 0)
(0 0 0)
(0 0 0)
(0 0 0)
(0 0 0)
(0 0 0)
(0 0 0)
(0 0 0)
(0 0 0)
(0 0 0)
(0 0 0)
(0 0 0)
(0 0 0)
(0 0 0)
(0 0 0)
(0 0 0)
(0 0 0)
(0 0 0)
(0 0 0)
(0 0 0)
(0 0 0)
(0 0 0)
(0 0 0)
(0 0 0)
(0 0 0)
(0 0 0)
(0 0 0)
(0 0 0)
(0 0 0)
(0 0 0)
(0 0 0)
(0 0 0)
(0 0 0)
(0 0 0)
(0 0 0)
(0 0 0)
(0 0 0)
(0 0 0)
(0 0 0)
(0 0 0)
(0 0 0)
(0 0 0)
(0 0 0)
(0 0 0)
(0 0 0)
(0 0 0)
(0 0 0)
(0 0 0)
(0 0 0)
(0 0 0)
(0 0 0)
(0 0 0)
(0 0 0)
(0 0 0)
(0 0 0)
(0 0 0)
(0 0 0)
(0 0 0)
(0 0 0)
(0 0 0)
(0 0 0)
(0 0 0)
(0 0 0)
(0 0 0)
(0 0 0)
(0 0 0)
(0 0 0)
(0 0 0)
(0 0 0)
(0 0 0)
(0 0 0)
(0 0 0)
(0 0 0)
(0 0 0)
(0 0 0)
(0 0 0)
(0 0 0)
(0 0 0)
(0 0 0)
(0 0 0)
(0 0 0)
(0 0 0)
(0 0 0)
(0 0 0)
(0 0 0)
(0 0 0)
(0 0 0)
(0 0 0)
(0 0 0)
(0 0 0)
(0 0 0)
(0 0 0)
(0 0 0)
(0 0 0)
(0 0 0)
(0 0 0)
(0 0 0)
(0 0 0)
(0 0 0)
(0 0 0)
(0 0 0)
(0 0 0)
(0 0 0)
(0 0 0)
(0 0 0)
(0 0 0)
(0 0 0)
(0 0 0)
(0 0 0)
(0 0 0)
(0 0 0)
(0 0 0)
(0 0 0)
(0 0 0)
(0 0 0)
(0 0 0)
(0 0 0)
(0 0 0)
(0 0 0)
(0 0 0)
(0 0 0)
(0 0 0)
(0 0 0)
(0 0 0)
(0 0 0)
(0 0 0)
(0 0 0)
(0 0 0)
(0 0 0)
(0 0 0)
(0 0 0)
(0 0 0)
(0 0 0)
(0 0 0)
(0 0 0)
(0 0 0)
(0 0 0)
(0 0 0)
(0 0 0)
(0 0 0)
(0 0 0)
(0 0 0)
(0 0 0)
(0 0 0)
(0 0 0)
(0 0 0)
(0 0 0)
(0 0 0)
(0 0 0)
(0 0 0)
(0 0 0)
(0 0 0)
(0 0 0)
(0 0 0)
(0 0 0)
(0 0 0)
(0 0 0)
(0 0 0)
(0 0 0)
(0 0 0)
(0 0 0)
(0 0 0)
(0 0 0)
(0 0 0)
(0 0 0)
(0 0 0)
(0 0 0)
(0 0 0)
(0 0 0)
(0 0 0)
(0 0 0)
(0 0 0)
(0 0 0)
(0 0 0)
(0 0 0)
(0 0 0)
(0 0 0)
(0 0 0)
(0 0 0)
(0 0 0)
(0 0 0)
(0 0 0)
(0 0 0)
(0 0 0)
(0 0 0)
(0 0 0)
(0 0 0)
(0 0 0)
(0 0 0)
(0 0 0)
(0 0 0)
(0 0 0)
(0 0 0)
(0 0 0)
(0 0 0)
(0 0 0)
(0 0 0)
(0 0 0)
(0 0 0)
(0 0 0)
(0 0 0)
(0 0 0)
(0 0 0)
(0 0 0)
(0 0 0)
(0 0 0)
(0 0 0)
(0 0 0)
(0 0 0)
(0 0 0)
(0 0 0)
(0 0 0)
(0 0 0)
(0 0 0)
(0 0 0)
(0 0 0)
(0 0 0)
(0 0 0)
(0 0 0)
(0 0 0)
(0 0 0)
(0 0 0)
(0 0 0)
(0 0 0)
(0 0 0)
(0 0 0)
(0 0 0)
(0 0 0)
(0 0 0)
(0 0 0)
(0 0 0)
(0 0 0)
(0 0 0)
(0 0 0)
(0 0 0)
(0 0 0)
(0 0 0)
(0 0 0)
(0 0 0)
(0 0 0)
(0 0 0)
(0 0 0)
(0 0 0)
(0 0 0)
(0 0 0)
(0 0 0)
(0 0 0)
(0 0 0)
(0 0 0)
(0 0 0)
(0 0 0)
(0 0 0)
(0 0 0)
(0 0 0)
(0 0 0)
(0 0 0)
(0 0 0)
(0 0 0)
(0 0 0)
(0 0 0)
(0 0 0)
(0 0 0)
(0 0 0)
(0 0 0)
(0 0 0)
(0 0 0)
(0 0 0)
(0 0 0)
(0 0 0)
(0 0 0)
(0 0 0)
(0 0 0)
(0 0 0)
(0 0 0)
(0 0 0)
(0 0 0)
(0 0 0)
(0 0 0)
(0 0 0)
(0 0 0)
(0 0 0)
(0 0 0)
(0 0 0)
(0 0 0)
(0 0 0)
(0 0 0)
(0 0 0)
(0 0 0)
(0 0 0)
(0 0 0)
(0 0 0)
(0 0 0)
(0 0 0)
(0 0 0)
(0 0 0)
(0 0 0)
(0 0 0)
(0 0 0)
(0 0 0)
(0 0 0)
(0 0 0)
(0 0 0)
(0 0 0)
(0 0 0)
(0 0 0)
(0 0 0)
(0 0 0)
(0 0 0)
(0 0 0)
(0 0 0)
(0 0 0)
(0 0 0)
(0 0 0)
(0 0 0)
(0 0 0)
(0 0 0)
(0 0 0)
(0 0 0)
(0 0 0)
(0 0 0)
(0 0 0)
(0 0 0)
(0 0 0)
(0 0 0)
(0 0 0)
(0 0 0)
(0 0 0)
(0 0 0)
(0 0 0)
(0 0 0)
(0 0 0)
(0 0 0)
(0 0 0)
(0 0 0)
(0 0 0)
(0 0 0)
(0 0 0)
(0 0 0)
(0 0 0)
(0 0 0)
(0 0 0)
(0 0 0)
(0 0 0)
(0 0 0)
(0 0 0)
(0 0 0)
(0 0 0)
(0 0 0)
(0 0 0)
(0 0 0)
(0 0 0)
(0 0 0)
(0 0 0)
(0 0 0)
(0 0 0)
(0 0 0)
(0 0 0)
(0 0 0)
(0 0 0)
(0 0 0)
(0 0 0)
(0 0 0)
(0 0 0)
(0 0 0)
(0 0 0)
(0 0 0)
(0 0 0)
(0 0 0)
(0 0 0)
(0 0 0)
(0 0 0)
(0 0 0)
(0 0 0)
(0 0 0)
(0 0 0)
(0 0 0)
(0 0 0)
(0 0 0)
(0 0 0)
(0 0 0)
(0 0 0)
(0 0 0)
(0 0 0)
(0 0 0)
(0 0 0)
(0 0 0)
(0 0 0)
(0 0 0)
(0 0 0)
(0 0 0)
(0 0 0)
(0 0 0)
(0 0 0)
(0 0 0)
(0 0 0)
(0 0 0)
(0 0 0)
(0 0 0)
(0 0 0)
(0 0 0)
(0 0 0)
(0 0 0)
(0 0 0)
(0 0 0)
(0 0 0)
(0 0 0)
(0 0 0)
(0 0 0)
(0 0 0)
(0 0 0)
(0 0 0)
(0 0 0)
(0 0 0)
(0 0 0)
(0 0 0)
(0 0 0)
(0 0 0)
(0 0 0)
(0 0 0)
(0 0 0)
(0 0 0)
(0 0 0)
(0 0 0)
(0 0 0)
(0 0 0)
(0 0 0)
(0 0 0)
(0 0 0)
(0 0 0)
(0 0 0)
(0 0 0)
(0 0 0)
(0 0 0)
(0 0 0)
(0 0 0)
(0 0 0)
(0 0 0)
(0 0 0)
(0 0 0)
(0 0 0)
(0 0 0)
(0 0 0)
(0 0 0)
(0 0 0)
(0 0 0)
(0 0 0)
(0 0 0)
(0 0 0)
(0 0 0)
(0 0 0)
(0 0 0)
(0 0 0)
(0 0 0)
(0 0 0)
(0 0 0)
(0 0 0)
(0 0 0)
(0 0 0)
(0 0 0)
(0 0 0)
(0 0 0)
(0 0 0)
(0 0 0)
(0 0 0)
(0 0 0)
(0 0 0)
(0 0 0)
(0 0 0)
(0 0 0)
(0 0 0)
(0 0 0)
(0 0 0)
(0 0 0)
(0 0 0)
(0 0 0)
(0 0 0)
(0 0 0)
(0 0 0)
(0 0 0)
(0 0 0)
(0 0 0)
(0 0 0)
(0 0 0)
(0 0 0)
(0 0 0)
(0 0 0)
(0 0 0)
(0 0 0)
(0 0 0)
(0 0 0)
(0 0 0)
(0 0 0)
(0 0 0)
(0 0 0)
(0 0 0)
(0 0 0)
(0 0 0)
(0 0 0)
(0 0 0)
(0 0 0)
(0 0 0)
(0 0 0)
(0 0 0)
(0 0 0)
(0 0 0)
(0 0 0)
(0 0 0)
(0 0 0)
(0 0 0)
(0 0 0)
(0 0 0)
(0 0 0)
(0 0 0)
(0 0 0)
(0 0 0)
(0 0 0)
(0 0 0)
(0 0 0)
(0 0 0)
(0 0 0)
(0 0 0)
(0 0 0)
(0 0 0)
(0 0 0)
(0 0 0)
(0 0 0)
(0 0 0)
(0 0 0)
(0 0 0)
(0 0 0)
(0 0 0)
(0 0 0)
(0 0 0)
(0 0 0)
(0 0 0)
(0 0 0)
(0 0 0)
(0 0 0)
(0 0 0)
(0 0 0)
(0 0 0)
(0 0 0)
(0 0 0)
(0 0 0)
(0 0 0)
(0 0 0)
(0 0 0)
(0 0 0)
(0 0 0)
(0 0 0)
(0 0 0)
(0 0 0)
(0 0 0)
(0 0 0)
(0 0 0)
(0 0 0)
(0 0 0)
(0 0 0)
(0 0 0)
(0 0 0)
(0 0 0)
(0 0 0)
(0 0 0)
(0 0 0)
(0 0 0)
(0 0 0)
(0 0 0)
(0 0 0)
(0 0 0)
(0 0 0)
(0 0 0)
(0 0 0)
(0 0 0)
(0 0 0)
(0 0 0)
(0 0 0)
(0 0 0)
(0 0 0)
(0 0 0)
(0 0 0)
(0 0 0)
(0 0 0)
(0 0 0)
(0 0 0)
(0 0 0)
(0 0 0)
(0 0 0)
(0 0 0)
(0 0 0)
(0 0 0)
(0 0 0)
(0 0 0)
(0 0 0)
(0 0 0)
(0 0 0)
(0 0 0)
(0 0 0)
(0 0 0)
(0 0 0)
(0 0 0)
(0 0 0)
(0 0 0)
(0 0 0)
(0 0 0)
(0 0 0)
(0 0 0)
(0 0 0)
(0 0 0)
(0 0 0)
(0 0 0)
(0 0 0)
(0 0 0)
(0 0 0)
(0 0 0)
(0 0 0)
(0 0 0)
(0 0 0)
(0 0 0)
(0 0 0)
(0 0 0)
(0 0 0)
(0 0 0)
(0 0 0)
(0 0 0)
(0 0 0)
(0 0 0)
(0 0 0)
(0 0 0)
(0 0 0)
(0 0 0)
(0 0 0)
(0 0 0)
(0 0 0)
(0 0 0)
(0 0 0)
(0 0 0)
(0 0 0)
(0 0 0)
(0 0 0)
(0 0 0)
(0 0 0)
(0 0 0)
(0 0 0)
(0 0 0)
(0 0 0)
(0 0 0)
(0 0 0)
(0 0 0)
(0 0 0)
(0 0 0)
(0 0 0)
(0 0 0)
(0 0 0)
(0 0 0)
(0 0 0)
(0 0 0)
(0 0 0)
(0 0 0)
(0 0 0)
(0 0 0)
(0 0 0)
(0 0 0)
(0 0 0)
(0 0 0)
(0 0 0)
(0 0 0)
(0 0 0)
(0 0 0)
(0 0 0)
(0 0 0)
(0 0 0)
(0 0 0)
(0 0 0)
(0 0 0)
(0 0 0)
(0 0 0)
(0 0 0)
(0 0 0)
(0 0 0)
(0 0 0)
(0 0 0)
(0 0 0)
(0 0 0)
(0 0 0)
(0 0 0)
(0 0 0)
(0 0 0)
(0 0 0)
(0 0 0)
(0 0 0)
(0 0 0)
(0 0 0)
(0 0 0)
(0 0 0)
(0 0 0)
(0 0 0)
(0 0 0)
(0 0 0)
(0 0 0)
(0 0 0)
(0 0 0)
(0 0 0)
(0 0 0)
(0 0 0)
(0 0 0)
(0 0 0)
(0 0 0)
(0 0 0)
(0 0 0)
(0 0 0)
(0 0 0)
(0 0 0)
(0 0 0)
(0 0 0)
(0 0 0)
(0 0 0)
(0 0 0)
(0 0 0)
(0 0 0)
(0 0 0)
(0 0 0)
(0 0 0)
(0 0 0)
(0 0 0)
(0 0 0)
(0 0 0)
(0 0 0)
(0 0 0)
(0 0 0)
(0 0 0)
(0 0 0)
(0 0 0)
(0 0 0)
(0 0 0)
(0 0 0)
(0 0 0)
(0 0 0)
(0 0 0)
(6.847416118e-14 0 0)
(6.847416118e-14 0 0)
(1.369483224e-13 0 0)
(5.477932894e-13 0 0)
(1.574905707e-12 0 0)
(3.697604704e-12 0 0)
(8.285373503e-12 0 0)
(1.862497184e-11 0 0)
(4.156381584e-11 0 0)
(9.244011759e-11 0 0)
(2.045323194e-10 0 0)
(4.499437131e-10 0 0)
(9.843845411e-10 0 0)
(2.139680588e-09 0 0)
(4.620978767e-09 0 0)
(9.915195487e-09 0 0)
(2.113174241e-08 0 0)
(4.472513091e-08 0 0)
(9.397880047e-08 0 0)
(1.960068071e-07 0 0)
(4.056431906e-07 0 0)
(8.327802152e-07 0 0)
(1.695477956e-06 0 0)
(3.422072836e-06 0 0)
(6.844944164e-06 0 0)
(1.356355849e-05 0 0)
(2.661515468e-05 0 0)
(5.169550374e-05 0 0)
(9.934575838e-05 0 0)
(0.0001888029384 0 0)
(0.0003546550669 0 0)
(0.0006581117641 0 0)
(0.001205671601 0 0)
(0.002179283159 0 0)
(0.003883744115 0 0)
(0.006818867501 0 0)
(0.01178538652 0 0)
(0.02003368462 0 0)
(0.03346155125 0 0)
(0.05485888173 0 0)
(0.08818050875 0 0)
(0.1388007274 0 0)
(0.2136642315 0 0)
(0.3212036523 0 0)
(0.4708621686 0 0)
(0.6718293181 0 0)
(0.9313195653 0 0)
(1.247643387 0 0)
(1.59658758 0 0)
(1.95569091 0 0)
(2.292464444 0 0)
(2.582740844 0 0)
(2.817906988 0 0)
(2.987661403 0 0)
(3.100612701 0 0)
(3.1681022 0 0)
(3.205282729 0 0)
(3.225430453 0 0)
(3.235508672 0 0)
(3.239334554 0 0)
(3.239773917 0 0)
(3.238853974 0 0)
(3.23784479 0 0)
(3.402932896 0 0)
(3.911809807 0 0)
(4.271989674 0 0)
(3.912216424 0 0)
(2.747349188 0 0)
(1.400374054 0 0)
(0.5781916301 0 0)
(0.2099689383 0 0)
(0.06869458042 0 0)
(0.02057095185 0 0)
(0.005702453027 0 0)
(0.001476546419 0 0)
(0.0003597598389 0 0)
(8.29905033e-05 0 0)
(1.82200491e-05 0 0)
(3.823842028e-06 0 0)
(7.700772379e-07 0 0)
(1.493091492e-07 0 0)
(2.795159059e-08 0 0)
(5.065137084e-09 0 0)
(8.904388967e-10 0 0)
(1.521212269e-10 0 0)
(2.533226395e-11 0 0)
(4.192587871e-12 0 0)
(7.265843149e-13 0 0)
(1.080057765e-13 0 0)
(-9.818706959e-15 0 0)
(-5.891224175e-14 0 0)
(-4.909353479e-14 0 0)
(-9.818706959e-14 0 0)
(-6.873094871e-14 0 0)
(1.669180183e-13 0 0)
(2.2583026e-13 0 0)
(1.570993113e-13 0 0)
(7.854965567e-14 0 0)
(-2.945612088e-14 0 0)
(-5.891224175e-14 0 0)
(-1.669180183e-13 0 0)
(-2.749237948e-13 0 0)
(-1.963741392e-13 0 0)
(-1.080057765e-13 0 0)
(-2.945612088e-14 0 0)
(3.927482783e-14 0 0)
(5.891224175e-14 0 0)
(3.927482783e-14 0 0)
(2.945612088e-14 0 0)
(7.854965567e-14 0 0)
(9.818706959e-15 0 0)
(-3.927482783e-14 0 0)
(-7.854965567e-14 0 0)
(-1.080057765e-13 0 0)
(-7.854965567e-14 0 0)
(-6.873094871e-14 0 0)
(-6.873094871e-14 0 0)
(-1.570993113e-13 0 0)
(-8.836836263e-14 0 0)
(9.818706959e-14 0 0)
(2.061928461e-13 0 0)
(2.45467674e-13 0 0)
(2.749237948e-13 0 0)
(3.043799157e-13 0 0)
(1.865554322e-13 0 0)
(-2.945612088e-14 0 0)
(-1.080057765e-13 0 0)
(-3.927482783e-14 0 0)
(0 0 0)
(-5.891224175e-14 0 0)
(-7.854965567e-14 0 0)
(-9.818706959e-15 0 0)
(-1.963741392e-14 0 0)
(-8.836836263e-14 0 0)
(-1.374618974e-13 0 0)
(-8.836836263e-14 0 0)
(3.927482783e-14 0 0)
(1.080057765e-13 0 0)
(1.178244835e-13 0 0)
(1.080057765e-13 0 0)
(9.818706959e-15 0 0)
(-1.374618974e-13 0 0)
(-1.178244835e-13 0 0)
(-1.963741392e-14 0 0)
(-6.873094871e-14 0 0)
(-1.963741392e-14 0 0)
(3.927482783e-14 0 0)
(9.629649722e-30 0 0)
(3.927482783e-14 0 0)
(1.080057765e-13 0 0)
(1.570993113e-13 0 0)
(1.865554322e-13 0 0)
(1.276431905e-13 0 0)
(-1.080057765e-13 0 0)
(-2.2583026e-13 0 0)
(-1.178244835e-13 0 0)
(1.963741392e-14 0 0)
(-9.818706959e-15 0 0)
(-1.963741392e-13 0 0)
(-1.374618974e-13 0 0)
(1.963741392e-14 0 0)
(7.854965567e-14 0 0)
(5.891224175e-14 0 0)
(4.909353479e-14 0 0)
(7.854965567e-14 0 0)
(7.854965567e-14 0 0)
(1.276431905e-13 0 0)
(1.374618974e-13 0 0)
(7.854965567e-14 0 0)
(1.963741392e-14 0 0)
(5.891224175e-14 0 0)
(7.854965567e-14 0 0)
(4.909353479e-14 0 0)
(-3.927482783e-14 0 0)
(-5.891224175e-14 0 0)
(-1.963741392e-14 0 0)
(-2.061928461e-13 0 0)
(-3.338360366e-13 0 0)
(-2.945612088e-13 0 0)
(-2.35648967e-13 0 0)
(-3.927482783e-14 0 0)
(4.909353479e-14 0 0)
(2.945612088e-14 0 0)
(1.080057765e-13 0 0)
(1.570993113e-13 0 0)
(1.080057765e-13 0 0)
(6.873094871e-14 0 0)
(8.836836263e-14 0 0)
(1.963741392e-14 0 0)
(9.818706959e-15 0 0)
(2.945612088e-14 0 0)
(-4.909353479e-14 0 0)
(-1.080057765e-13 0 0)
(-3.927482783e-14 0 0)
(2.945612088e-14 0 0)
(0 0 0)
(-3.927482783e-14 0 0)
(-6.873094871e-14 0 0)
(-9.818706959e-14 0 0)
(-7.854965567e-14 0 0)
(-7.854965567e-14 0 0)
(-7.854965567e-14 0 0)
(0 0 0)
(1.276431905e-13 0 0)
(1.669180183e-13 0 0)
(8.836836263e-14 0 0)
(6.873094871e-14 0 0)
(0 0 0)
(-4.909353479e-14 0 0)
(-2.945612088e-14 0 0)
(5.891224175e-14 0 0)
(1.570993113e-13 0 0)
(1.865554322e-13 0 0)
(1.669180183e-13 0 0)
(7.854965567e-14 0 0)
(-2.945612088e-14 0 0)
(0 0 0)
(1.963741392e-14 0 0)
(-1.669180183e-13 0 0)
(-2.749237948e-13 0 0)
(-1.865554322e-13 0 0)
(-1.374618974e-13 0 0)
(-1.669180183e-13 0 0)
(-5.891224175e-14 0 0)
(5.891224175e-14 0 0)
(7.703719778e-30 0 0)
(-2.945612088e-14 0 0)
(-1.963741392e-14 0 0)
(-4.909353479e-14 0 0)
(-5.891224175e-14 0 0)
(-1.963741392e-14 0 0)
(1.080057765e-13 0 0)
(2.061928461e-13 0 0)
(2.2583026e-13 0 0)
(1.767367253e-13 0 0)
(1.570993113e-13 0 0)
(1.767367253e-13 0 0)
(2.945612088e-14 0 0)
(-1.963741392e-13 0 0)
(-2.2583026e-13 0 0)
(-1.865554322e-13 0 0)
(-1.570993113e-13 0 0)
(-1.374618974e-13 0 0)
(-1.374618974e-13 0 0)
(-6.873094871e-14 0 0)
(2.945612088e-14 0 0)
(1.080057765e-13 0 0)
(9.818706959e-14 0 0)
(1.963741392e-14 0 0)
(-1.472806044e-13 0 0)
(-1.963741392e-13 0 0)
(2.311115933e-29 0 0)
(1.865554322e-13 0 0)
(2.749237948e-13 0 0)
(2.35648967e-13 0 0)
(1.080057765e-13 0 0)
(1.276431905e-13 0 0)
(1.276431905e-13 0 0)
(-4.909353479e-14 0 0)
(-7.854965567e-14 0 0)
(-4.909353479e-14 0 0)
(-1.472806044e-13 0 0)
(-2.061928461e-13 0 0)
(-1.080057765e-13 0 0)
(7.854965567e-14 0 0)
(1.080057765e-13 0 0)
(-4.909353479e-14 0 0)
(-5.891224175e-14 0 0)
(6.873094871e-14 0 0)
(3.927482783e-14 0 0)
(-1.276431905e-13 0 0)
(-2.061928461e-13 0 0)
(-1.472806044e-13 0 0)
(-4.909353479e-14 0 0)
(8.836836263e-14 0 0)
(1.374618974e-13 0 0)
(1.178244835e-13 0 0)
(1.276431905e-13 0 0)
(1.080057765e-13 0 0)
(2.945612088e-14 0 0)
(9.818706959e-15 0 0)
(2.945612088e-14 0 0)
(1.178244835e-13 0 0)
(6.873094871e-14 0 0)
(-6.873094871e-14 0 0)
(2.945612088e-14 0 0)
(6.873094871e-14 0 0)
(2.945612088e-14 0 0)
(3.927482783e-14 0 0)
(1.963741392e-14 0 0)
(-4.909353479e-14 0 0)
(-1.080057765e-13 0 0)
(-1.374618974e-13 0 0)
(-1.570993113e-13 0 0)
(-6.873094871e-14 0 0)
(-7.854965567e-14 0 0)
(-1.570993113e-13 0 0)
(-9.818706959e-15 0 0)
(2.061928461e-13 0 0)
(1.865554322e-13 0 0)
(6.873094871e-14 0 0)
(3.927482783e-14 0 0)
(1.963741392e-14 0 0)
(-3.927482783e-14 0 0)
(-7.854965567e-14 0 0)
(-2.945612088e-14 0 0)
(-1.963741392e-14 0 0)
(-1.963741392e-14 0 0)
(5.891224175e-14 0 0)
(5.891224175e-14 0 0)
(4.909353479e-14 0 0)
(1.963741392e-14 0 0)
(-1.276431905e-13 0 0)
(-1.178244835e-13 0 0)
(-6.873094871e-14 0 0)
(1.963741392e-14 0 0)
(1.276431905e-13 0 0)
(8.836836263e-14 0 0)
(-2.945612088e-14 0 0)
(-6.873094871e-14 0 0)
(1.276431905e-13 0 0)
(2.35648967e-13 0 0)
(1.669180183e-13 0 0)
(1.865554322e-13 0 0)
(9.818706959e-14 0 0)
(-9.818706959e-15 0 0)
(7.854965567e-14 0 0)
(6.873094871e-14 0 0)
(-8.836836263e-14 0 0)
(-2.552863809e-13 0 0)
(-2.2583026e-13 0 0)
(-1.374618974e-13 0 0)
(-7.854965567e-14 0 0)
(1.963741392e-14 0 0)
(-9.818706959e-15 0 0)
(4.909353479e-14 0 0)
(1.472806044e-13 0 0)
(1.374618974e-13 0 0)
(2.061928461e-13 0 0)
(1.767367253e-13 0 0)
(1.472806044e-13 0 0)
(4.909353479e-14 0 0)
(-2.945612088e-14 0 0)
(-4.909353479e-14 0 0)
(-1.767367253e-13 0 0)
(-4.909353479e-14 0 0)
(8.836836263e-14 0 0)
(1.178244835e-13 0 0)
(1.276431905e-13 0 0)
(6.873094871e-14 0 0)
(-9.818706959e-15 0 0)
(-1.080057765e-13 0 0)
(-5.891224175e-14 0 0)
(-9.818706959e-14 0 0)
(-1.570993113e-13 0 0)
(-1.080057765e-13 0 0)
(-1.276431905e-13 0 0)
(-6.873094871e-14 0 0)
(-4.909353479e-14 0 0)
(-7.854965567e-14 0 0)
(-3.927482783e-14 0 0)
(1.963741392e-14 0 0)
(5.891224175e-14 0 0)
(9.818706959e-14 0 0)
(1.374618974e-13 0 0)
(9.818706959e-14 0 0)
(9.818706959e-15 0 0)
(-2.945612088e-14 0 0)
(-4.909353479e-14 0 0)
(-2.945612088e-14 0 0)
(-5.891224175e-14 0 0)
(-5.891224175e-14 0 0)
(1.963741392e-14 0 0)
(9.818706959e-15 0 0)
(1.963741392e-14 0 0)
(9.818706959e-14 0 0)
(1.080057765e-13 0 0)
(-1.963741392e-14 0 0)
(-7.854965567e-14 0 0)
(-1.963741392e-14 0 0)
(-9.818706959e-15 0 0)
(-2.945612088e-14 0 0)
(-9.818706959e-14 0 0)
(1.963741392e-14 0 0)
(2.2583026e-13 0 0)
(1.276431905e-13 0 0)
(-3.927482783e-14 0 0)
(-7.854965567e-14 0 0)
(3.927482783e-14 0 0)
(1.963741392e-13 0 0)
(1.570993113e-13 0 0)
(3.927482783e-14 0 0)
(-6.873094871e-14 0 0)
(-1.570993113e-13 0 0)
(-9.818706959e-14 0 0)
(-2.945612088e-14 0 0)
(-1.963741392e-14 0 0)
(1.963741392e-14 0 0)
(4.909353479e-14 0 0)
(3.927482783e-14 0 0)
(0 0 0)
(-2.945612088e-14 0 0)
(-6.873094871e-14 0 0)
(-1.374618974e-13 0 0)
(-1.472806044e-13 0 0)
(-8.836836263e-14 0 0)
(-9.818706959e-14 0 0)
(-1.570993113e-13 0 0)
(-1.669180183e-13 0 0)
(-1.178244835e-13 0 0)
(1.963741392e-14 0 0)
(1.374618974e-13 0 0)
(1.374618974e-13 0 0)
(1.963741392e-13 0 0)
(3.043799157e-13 0 0)
(2.35648967e-13 0 0)
(5.891224175e-14 0 0)
(-6.873094871e-14 0 0)
(-9.818706959e-15 0 0)
(1.080057765e-13 0 0)
(4.909353479e-14 0 0)
(-5.891224175e-14 0 0)
(-7.854965567e-14 0 0)
(-6.873094871e-14 0 0)
(-6.873094871e-14 0 0)
(-1.178244835e-13 0 0)
(-1.276431905e-13 0 0)
(-8.836836263e-14 0 0)
(-5.891224175e-14 0 0)
(-9.818706959e-15 0 0)
(-4.909353479e-14 0 0)
(9.818706959e-15 0 0)
(1.374618974e-13 0 0)
(2.061928461e-13 0 0)
(2.45467674e-13 0 0)
(2.2583026e-13 0 0)
(1.472806044e-13 0 0)
(4.909353479e-14 0 0)
(4.909353479e-14 0 0)
(-1.963741392e-14 0 0)
(-1.080057765e-13 0 0)
(-4.909353479e-14 0 0)
(-1.080057765e-13 0 0)
(-2.061928461e-13 0 0)
(-1.865554322e-13 0 0)
(-1.374618974e-13 0 0)
(-2.945612088e-14 0 0)
(7.854965567e-14 0 0)
(1.963741392e-14 0 0)
(5.891224175e-14 0 0)
(1.472806044e-13 0 0)
(1.570993113e-13 0 0)
(1.178244835e-13 0 0)
(1.570993113e-13 0 0)
(2.061928461e-13 0 0)
(-2.945612088e-14 0 0)
(-1.669180183e-13 0 0)
(-1.963741392e-13 0 0)
(-3.043799157e-13 0 0)
(-2.2583026e-13 0 0)
(-1.963741392e-14 0 0)
(1.963741392e-14 0 0)
(9.818706959e-15 0 0)
(5.891224175e-14 0 0)
(1.178244835e-13 0 0)
(1.080057765e-13 0 0)
(7.854965567e-14 0 0)
(1.963741392e-14 0 0)
(1.963741392e-14 0 0)
(1.669180183e-13 0 0)
(1.767367253e-13 0 0)
(1.080057765e-13 0 0)
(-1.963741392e-14 0 0)
(-1.080057765e-13 0 0)
(-9.818706959e-15 0 0)
(-6.873094871e-14 0 0)
(-4.909353479e-14 0 0)
(6.873094871e-14 0 0)
(4.909353479e-14 0 0)
(7.854965567e-14 0 0)
(1.374618974e-13 0 0)
(3.927482783e-14 0 0)
(-9.818706959e-15 0 0)
(2.945612088e-14 0 0)
(-8.836836263e-14 0 0)
(-2.2583026e-13 0 0)
(-2.945612088e-13 0 0)
(-2.945612088e-13 0 0)
(-1.276431905e-13 0 0)
(2.945612088e-14 0 0)
(0 0 0)
(5.891224175e-14 0 0)
(1.963741392e-13 0 0)
(1.570993113e-13 0 0)
(2.945612088e-14 0 0)
(-6.873094871e-14 0 0)
(-9.818706959e-14 0 0)
(2.945612088e-14 0 0)
(8.836836263e-14 0 0)
(5.891224175e-14 0 0)
(-9.818706959e-15 0 0)
(-1.570993113e-13 0 0)
(-1.374618974e-13 0 0)
(-6.873094871e-14 0 0)
(-1.080057765e-13 0 0)
(-1.865554322e-13 0 0)
(-1.767367253e-13 0 0)
(-4.909353479e-14 0 0)
(2.945612088e-14 0 0)
(7.854965567e-14 0 0)
(5.891224175e-14 0 0)
(9.818706959e-15 0 0)
(1.080057765e-13 0 0)
(1.472806044e-13 0 0)
(7.854965567e-14 0 0)
(1.276431905e-13 0 0)
(1.080057765e-13 0 0)
(2.945612088e-14 0 0)
(-1.963741392e-14 0 0)
(-3.927482783e-14 0 0)
(1.963741392e-14 0 0)
(-9.818706959e-15 0 0)
(1.963741392e-14 0 0)
(-2.945612088e-14 0 0)
(-1.080057765e-13 0 0)
(9.818706959e-14 0 0)
(2.2583026e-13 0 0)
(1.080057765e-13 0 0)
(9.818706959e-15 0 0)
(-5.891224175e-14 0 0)
(-2.160115531e-13 0 0)
(-2.160115531e-13 0 0)
(-4.909353479e-14 0 0)
(-9.818706959e-15 0 0)
(5.891224175e-14 0 0)
(1.374618974e-13 0 0)
(2.945612088e-14 0 0)
(-1.963741392e-14 0 0)
(-9.818706959e-15 0 0)
(3.927482783e-14 0 0)
(1.080057765e-13 0 0)
(8.836836263e-14 0 0)
(9.818706959e-15 0 0)
(-7.854965567e-14 0 0)
(-1.276431905e-13 0 0)
(-1.080057765e-13 0 0)
(-4.909353479e-14 0 0)
(-9.818706959e-15 0 0)
(1.963741392e-14 0 0)
(9.818706959e-14 0 0)
(3.927482783e-14 0 0)
(-1.276431905e-13 0 0)
(-2.061928461e-13 0 0)
(-2.651050879e-13 0 0)
(-9.818706959e-14 0 0)
(7.854965567e-14 0 0)
(-3.927482783e-14 0 0)
(-1.963741392e-14 0 0)
(2.945612088e-14 0 0)
(1.963741392e-14 0 0)
(1.374618974e-13 0 0)
(2.061928461e-13 0 0)
(2.2583026e-13 0 0)
(2.552863809e-13 0 0)
(1.080057765e-13 0 0)
(-3.927482783e-14 0 0)
(0 0 0)
(-1.963741392e-14 0 0)
(-1.963741392e-14 0 0)
(9.818706959e-15 0 0)
(8.836836263e-14 0 0)
(1.080057765e-13 0 0)
(6.873094871e-14 0 0)
(6.873094871e-14 0 0)
(2.945612088e-14 0 0)
(-3.927482783e-14 0 0)
(-4.909353479e-14 0 0)
(-3.927482783e-14 0 0)
(-7.854965567e-14 0 0)
(-4.909353479e-14 0 0)
(0 0 0)
(-5.891224175e-14 0 0)
(-3.927482783e-14 0 0)
(-8.836836263e-14 0 0)
(-1.472806044e-13 0 0)
(-1.963741392e-14 0 0)
(9.818706959e-14 0 0)
(1.472806044e-13 0 0)
(1.080057765e-13 0 0)
(1.276431905e-13 0 0)
(1.178244835e-13 0 0)
(5.891224175e-14 0 0)
(-1.963741392e-14 0 0)
(-1.178244835e-13 0 0)
(-9.818706959e-14 0 0)
(-5.891224175e-14 0 0)
(-1.080057765e-13 0 0)
(-9.818706959e-14 0 0)
(9.818706959e-15 0 0)
(-2.945612088e-14 0 0)
(-1.276431905e-13 0 0)
(3.081487911e-29 0 0)
(-6.162975822e-29 0 0)
(-1.570993113e-13 0 0)
(-9.818706959e-14 0 0)
(9.818706959e-14 0 0)
(2.160115531e-13 0 0)
(2.651050879e-13 0 0)
(2.2583026e-13 0 0)
(1.276431905e-13 0 0)
(3.927482783e-14 0 0)
(-1.669180183e-13 0 0)
(-3.240173296e-13 0 0)
(-1.865554322e-13 0 0)
(3.927482783e-14 0 0)
(1.178244835e-13 0 0)
(3.927482783e-14 0 0)
(-1.374618974e-13 0 0)
(-1.767367253e-13 0 0)
(-1.570993113e-13 0 0)
(-1.374618974e-13 0 0)
(-9.818706959e-14 0 0)
(-9.818706959e-15 0 0)
(1.374618974e-13 0 0)
(1.472806044e-13 0 0)
(1.374618974e-13 0 0)
(1.080057765e-13 0 0)
(2.945612088e-14 0 0)
(5.891224175e-14 0 0)
(-1.963741392e-14 0 0)
(-7.854965567e-14 0 0)
(9.818706959e-15 0 0)
(7.854965567e-14 0 0)
(5.891224175e-14 0 0)
(8.836836263e-14 0 0)
(2.160115531e-13 0 0)
(1.669180183e-13 0 0)
(1.080057765e-13 0 0)
(1.570993113e-13 0 0)
(1.472806044e-13 0 0)
(1.276431905e-13 0 0)
(0 0 0)
(-2.35648967e-13 0 0)
(-2.749237948e-13 0 0)
(-2.2583026e-13 0 0)
(-1.963741392e-13 0 0)
(-1.669180183e-13 0 0)
(-7.854965567e-14 0 0)
(9.818706959e-14 0 0)
(1.570993113e-13 0 0)
(1.865554322e-13 0 0)
(1.767367253e-13 0 0)
(2.945612088e-14 0 0)
(-3.927482783e-14 0 0)
(4.909353479e-14 0 0)
(-9.818706959e-15 0 0)
(-9.818706959e-14 0 0)
(1.963741392e-14 0 0)
(8.836836263e-14 0 0)
(3.927482783e-14 0 0)
(-2.945612088e-14 0 0)
(-7.854965567e-14 0 0)
(-2.945612088e-14 0 0)
(5.891224175e-14 0 0)
(9.818706959e-15 0 0)
(-4.909353479e-14 0 0)
(0 0 0)
(-8.836836263e-14 0 0)
(-1.963741392e-13 0 0)
(-1.276431905e-13 0 0)
(-4.909353479e-14 0 0)
(-4.909353479e-14 0 0)
(-1.276431905e-13 0 0)
(-1.276431905e-13 0 0)
(1.963741392e-14 0 0)
(1.472806044e-13 0 0)
(1.276431905e-13 0 0)
(1.472806044e-13 0 0)
(1.963741392e-13 0 0)
(9.818706959e-14 0 0)
(1.472806044e-13 0 0)
(1.472806044e-13 0 0)
(3.851859889e-30 0 0)
(-1.963741392e-14 0 0)
(-3.851859889e-30 0 0)
(9.818706959e-15 0 0)
(-1.963741392e-14 0 0)
(-1.080057765e-13 0 0)
(-1.276431905e-13 0 0)
(-5.891224175e-14 0 0)
(-7.854965567e-14 0 0)
(-9.818706959e-14 0 0)
(-2.945612088e-14 0 0)
(-9.818706959e-15 0 0)
(1.963741392e-14 0 0)
(1.178244835e-13 0 0)
(1.570993113e-13 0 0)
(1.767367253e-13 0 0)
(1.767367253e-13 0 0)
(5.891224175e-14 0 0)
(-1.080057765e-13 0 0)
(-1.963741392e-13 0 0)
(-9.818706959e-14 0 0)
(-4.909353479e-14 0 0)
(-1.472806044e-13 0 0)
(-1.276431905e-13 0 0)
(-6.873094871e-14 0 0)
(-9.818706959e-15 0 0)
(3.927482783e-14 0 0)
(1.963741392e-14 0 0)
(-2.945612088e-14 0 0)
(-1.472806044e-13 0 0)
(-1.080057765e-13 0 0)
(4.909353479e-14 0 0)
(1.963741392e-13 0 0)
(2.35648967e-13 0 0)
(9.818706959e-14 0 0)
(9.818706959e-15 0 0)
(4.909353479e-14 0 0)
(7.703719778e-30 0 0)
(-1.178244835e-13 0 0)
(-1.080057765e-13 0 0)
(-5.891224175e-14 0 0)
(-4.909353479e-14 0 0)
(-1.080057765e-13 0 0)
(-1.080057765e-13 0 0)
(-7.854965567e-14 0 0)
(0 0 0)
(1.374618974e-13 0 0)
(1.472806044e-13 0 0)
(2.945612088e-14 0 0)
(3.927482783e-14 0 0)
(3.927482783e-14 0 0)
(-2.945612088e-14 0 0)
(-7.854965567e-14 0 0)
(-9.818706959e-14 0 0)
(-1.963741392e-14 0 0)
(6.873094871e-14 0 0)
(3.927482783e-14 0 0)
(-4.909353479e-14 0 0)
(-9.818706959e-15 0 0)
(6.873094871e-14 0 0)
(1.570993113e-13 0 0)
(1.963741392e-13 0 0)
(1.570993113e-13 0 0)
(7.854965567e-14 0 0)
(8.836836263e-14 0 0)
(-3.927482783e-14 0 0)
(-1.767367253e-13 0 0)
(-7.854965567e-14 0 0)
(-3.927482783e-14 0 0)
(2.945612088e-14 0 0)
(1.374618974e-13 0 0)
(9.818706959e-14 0 0)
(-7.854965567e-14 0 0)
(-1.080057765e-13 0 0)
(-9.818706959e-15 0 0)
(-1.178244835e-13 0 0)
(-2.45467674e-13 0 0)
(-1.276431905e-13 0 0)
(3.927482783e-14 0 0)
(1.080057765e-13 0 0)
(2.2583026e-13 0 0)
(2.061928461e-13 0 0)
(4.909353479e-14 0 0)
(2.945612088e-14 0 0)
(5.891224175e-14 0 0)
(5.891224175e-14 0 0)
(1.963741392e-14 0 0)
(3.927482783e-14 0 0)
(8.836836263e-14 0 0)
(-4.909353479e-14 0 0)
(-1.570993113e-13 0 0)
(-6.873094871e-14 0 0)
(-6.873094871e-14 0 0)
(-2.061928461e-13 0 0)
(-2.160115531e-13 0 0)
(-1.080057765e-13 0 0)
(-9.818706959e-15 0 0)
(6.873094871e-14 0 0)
(-2.945612088e-14 0 0)
(-3.927482783e-14 0 0)
(1.178244835e-13 0 0)
(1.767367253e-13 0 0)
(1.178244835e-13 0 0)
(7.703719778e-30 0 0)
(-6.873094871e-14 0 0)
(-1.472806044e-13 0 0)
(-1.276431905e-13 0 0)
(-6.873094871e-14 0 0)
(-9.818706959e-15 0 0)
(7.854965567e-14 0 0)
(1.080057765e-13 0 0)
(7.854965567e-14 0 0)
(9.818706959e-15 0 0)
(-5.891224175e-14 0 0)
(-7.703719778e-30 0 0)
(6.873094871e-14 0 0)
(9.818706959e-14 0 0)
(9.818706959e-14 0 0)
(3.927482783e-14 0 0)
(2.945612088e-14 0 0)
(2.945612088e-14 0 0)
(1.963741392e-14 0 0)
(1.963741392e-14 0 0)
(0 0 0)
(-6.873094871e-14 0 0)
(-7.854965567e-14 0 0)
(-1.963741392e-14 0 0)
(8.836836263e-14 0 0)
(-9.818706959e-15 0 0)
(-9.818706959e-14 0 0)
(-5.891224175e-14 0 0)
(1.963741392e-14 0 0)
(1.374618974e-13 0 0)
(1.080057765e-13 0 0)
(3.927482783e-14 0 0)
(-2.945612088e-14 0 0)
(2.945612088e-14 0 0)
(-5.891224175e-14 0 0)
(-2.2583026e-13 0 0)
(-1.080057765e-13 0 0)
(1.963741392e-14 0 0)
(-9.818706959e-15 0 0)
(0 0 0)
(1.178244835e-13 0 0)
(3.927482783e-14 0 0)
(-8.836836263e-14 0 0)
(-5.891224175e-14 0 0)
(-4.909353479e-14 0 0)
(-7.854965567e-14 0 0)
(4.909353479e-14 0 0)
(1.276431905e-13 0 0)
(8.836836263e-14 0 0)
(1.080057765e-13 0 0)
(-9.818706959e-15 0 0)
(-1.080057765e-13 0 0)
(-4.909353479e-14 0 0)
(5.891224175e-14 0 0)
(7.854965567e-14 0 0)
(-9.818706959e-15 0 0)
(-1.276431905e-13 0 0)
(-1.472806044e-13 0 0)
(-7.854965567e-14 0 0)
(-9.818706959e-15 0 0)
(7.854965567e-14 0 0)
(9.818706959e-14 0 0)
(2.945612088e-14 0 0)
(-1.963741392e-14 0 0)
(1.374618974e-13 0 0)
(2.749237948e-13 0 0)
(7.854965567e-14 0 0)
(-1.570993113e-13 0 0)
(-1.963741392e-13 0 0)
(-1.865554322e-13 0 0)
(-1.963741392e-13 0 0)
(-1.669180183e-13 0 0)
(-2.945612088e-14 0 0)
(4.909353479e-14 0 0)
(4.909353479e-14 0 0)
(5.891224175e-14 0 0)
(-2.945612088e-14 0 0)
(-8.836836263e-14 0 0)
(-2.945612088e-14 0 0)
(-1.963741392e-14 0 0)
(-2.945612088e-14 0 0)
(-1.963741392e-14 0 0)
(1.963741392e-14 0 0)
(1.080057765e-13 0 0)
(1.374618974e-13 0 0)
(3.927482783e-14 0 0)
(0 0 0)
(-2.945612088e-14 0 0)
(-8.836836263e-14 0 0)
(-5.891224175e-14 0 0)
(0 0 0)
(6.873094871e-14 0 0)
(4.909353479e-14 0 0)
(0 0 0)
(1.963741392e-14 0 0)
(1.374618974e-13 0 0)
(7.854965567e-14 0 0)
(-3.081487911e-29 0 0)
(5.891224175e-14 0 0)
(-6.873094871e-14 0 0)
(-1.963741392e-13 0 0)
(-1.767367253e-13 0 0)
(-3.927482783e-14 0 0)
(5.891224175e-14 0 0)
(1.276431905e-13 0 0)
(5.891224175e-14 0 0)
(-9.818706959e-15 0 0)
(5.891224175e-14 0 0)
(-9.818706959e-15 0 0)
(-8.836836263e-14 0 0)
(-1.080057765e-13 0 0)
(-8.836836263e-14 0 0)
(-7.854965567e-14 0 0)
(-8.836836263e-14 0 0)
(2.945612088e-14 0 0)
(1.865554322e-13 0 0)
(2.552863809e-13 0 0)
(1.080057765e-13 0 0)
(-8.836836263e-14 0 0)
(-2.945612088e-14 0 0)
(-2.945612088e-14 0 0)
(-1.963741392e-14 0 0)
(0 0 0)
(-2.945612088e-14 0 0)
(1.080057765e-13 0 0)
(1.963741392e-13 0 0)
(8.836836263e-14 0 0)
(2.945612088e-14 0 0)
(2.945612088e-14 0 0)
(9.818706959e-15 0 0)
(-1.963741392e-14 0 0)
(-1.374618974e-13 0 0)
(-1.178244835e-13 0 0)
(-4.909353479e-14 0 0)
(-4.909353479e-14 0 0)
(-7.854965567e-14 0 0)
(-7.854965567e-14 0 0)
(-5.891224175e-14 0 0)
(-1.963741392e-14 0 0)
(1.276431905e-13 0 0)
(2.651050879e-13 0 0)
(2.651050879e-13 0 0)
(1.276431905e-13 0 0)
(-9.818706959e-15 0 0)
(-1.276431905e-13 0 0)
(-1.276431905e-13 0 0)
(-1.374618974e-13 0 0)
(-2.160115531e-13 0 0)
(-1.374618974e-13 0 0)
(-1.963741392e-14 0 0)
(-9.818706959e-15 0 0)
(-1.155557967e-29 0 0)
(6.873094871e-14 0 0)
(1.080057765e-13 0 0)
(5.891224175e-14 0 0)
(1.767367253e-13 0 0)
(2.651050879e-13 0 0)
(3.927482783e-14 0 0)
(-1.374618974e-13 0 0)
(-1.374618974e-13 0 0)
(-8.836836263e-14 0 0)
(-6.873094871e-14 0 0)
(2.945612088e-14 0 0)
(9.818706959e-14 0 0)
(3.927482783e-14 0 0)
(6.873094871e-14 0 0)
(1.080057765e-13 0 0)
(1.963741392e-14 0 0)
(-1.178244835e-13 0 0)
(-9.818706959e-14 0 0)
(-2.945612088e-14 0 0)
(-7.854965567e-14 0 0)
(-1.669180183e-13 0 0)
(-1.963741392e-13 0 0)
(-8.836836263e-14 0 0)
(-7.854965567e-14 0 0)
(-5.891224175e-14 0 0)
(3.927482783e-14 0 0)
(1.080057765e-13 0 0)
(1.767367253e-13 0 0)
(4.909353479e-14 0 0)
(-4.909353479e-14 0 0)
(2.945612088e-14 0 0)
(5.891224175e-14 0 0)
(-1.155557967e-29 0 0)
(-8.836836263e-14 0 0)
(-3.927482783e-14 0 0)
(6.873094871e-14 0 0)
(1.178244835e-13 0 0)
(1.276431905e-13 0 0)
(1.963741392e-13 0 0)
(5.891224175e-14 0 0)
(-7.854965567e-14 0 0)
(7.854965567e-14 0 0)
(-2.945612088e-14 0 0)
(-2.35648967e-13 0 0)
(-1.669180183e-13 0 0)
(-8.836836263e-14 0 0)
(-1.472806044e-13 0 0)
(-2.945612088e-14 0 0)
(1.570993113e-13 0 0)
(1.865554322e-13 0 0)
(-3.927482783e-14 0 0)
(-1.865554322e-13 0 0)
(-1.276431905e-13 0 0)
(-3.927482783e-14 0 0)
(1.080057765e-13 0 0)
(6.873094871e-14 0 0)
(8.836836263e-14 0 0)
(7.854965567e-14 0 0)
(4.909353479e-14 0 0)
(8.836836263e-14 0 0)
(4.909353479e-14 0 0)
(-2.945612088e-14 0 0)
(-1.963741392e-13 0 0)
(-2.552863809e-13 0 0)
(-3.141986227e-13 0 0)
(-2.945612088e-13 0 0)
(-9.818706959e-14 0 0)
(6.873094871e-14 0 0)
(1.767367253e-13 0 0)
(1.963741392e-13 0 0)
(1.963741392e-13 0 0)
(1.669180183e-13 0 0)
(1.276431905e-13 0 0)
(2.945612088e-14 0 0)
(-5.891224175e-14 0 0)
(-5.891224175e-14 0 0)
(-1.080057765e-13 0 0)
(-1.276431905e-13 0 0)
(-1.276431905e-13 0 0)
(-1.080057765e-13 0 0)
(-1.963741392e-14 0 0)
(2.945612088e-14 0 0)
(2.945612088e-14 0 0)
(1.276431905e-13 0 0)
(1.080057765e-13 0 0)
(-2.945612088e-14 0 0)
(1.080057765e-13 0 0)
(2.651050879e-13 0 0)
(1.669180183e-13 0 0)
(-7.854965567e-14 0 0)
(-1.472806044e-13 0 0)
(1.963741392e-14 0 0)
(1.178244835e-13 0 0)
(9.818706959e-15 0 0)
(-7.854965567e-14 0 0)
(-4.909353479e-14 0 0)
(1.540743956e-29 0 0)
(2.945612088e-14 0 0)
(9.818706959e-15 0 0)
(-2.945612088e-14 0 0)
(4.909353479e-14 0 0)
(1.080057765e-13 0 0)
(3.851859889e-30 0 0)
(-5.891224175e-14 0 0)
(-5.891224175e-14 0 0)
(-5.891224175e-14 0 0)
(-3.927482783e-14 0 0)
(-1.080057765e-13 0 0)
(-1.178244835e-13 0 0)
(0 0 0)
(-9.818706959e-15 0 0)
(-3.927482783e-14 0 0)
(4.909353479e-14 0 0)
(7.854965567e-14 0 0)
(1.963741392e-14 0 0)
(-5.891224175e-14 0 0)
(1.963741392e-14 0 0)
(4.909353479e-14 0 0)
(-1.080057765e-13 0 0)
(-1.472806044e-13 0 0)
(-4.909353479e-14 0 0)
(9.818706959e-14 0 0)
(1.472806044e-13 0 0)
(7.854965567e-14 0 0)
(4.909353479e-14 0 0)
(0 0 0)
(-1.080057765e-13 0 0)
(-9.818706959e-14 0 0)
(-8.836836263e-14 0 0)
(-5.891224175e-14 0 0)
(1.963741392e-14 0 0)
(4.909353479e-14 0 0)
(6.873094871e-14 0 0)
(5.891224175e-14 0 0)
(1.570993113e-13 0 0)
(1.570993113e-13 0 0)
(3.927482783e-14 0 0)
(4.909353479e-14 0 0)
(1.963741392e-14 0 0)
(1.178244835e-13 0 0)
(1.472806044e-13 0 0)
(-8.836836263e-14 0 0)
(-8.836836263e-14 0 0)
(4.909353479e-14 0 0)
(6.873094871e-14 0 0)
(1.080057765e-13 0 0)
(7.854965567e-14 0 0)
(1.374618974e-13 0 0)
(1.374618974e-13 0 0)
(-3.927482783e-14 0 0)
(-2.45467674e-13 0 0)
(-2.847425018e-13 0 0)
(-1.472806044e-13 0 0)
(-9.818706959e-14 0 0)
(-1.080057765e-13 0 0)
(-1.669180183e-13 0 0)
(-5.891224175e-14 0 0)
(5.891224175e-14 0 0)
(2.945612088e-14 0 0)
(-1.925929944e-30 0 0)
(9.818706959e-15 0 0)
(1.669180183e-13 0 0)
(1.767367253e-13 0 0)
(1.080057765e-13 0 0)
(4.909353479e-14 0 0)
(9.818706959e-15 0 0)
(8.836836263e-14 0 0)
(-2.945612088e-14 0 0)
(-2.061928461e-13 0 0)
(-2.45467674e-13 0 0)
(-1.178244835e-13 0 0)
(8.836836263e-14 0 0)
(1.472806044e-13 0 0)
(9.818706959e-14 0 0)
(2.945612088e-14 0 0)
(-9.818706959e-14 0 0)
(-1.570993113e-13 0 0)
(-1.080057765e-13 0 0)
(-1.963741392e-14 0 0)
(2.945612088e-14 0 0)
(3.927482783e-14 0 0)
(4.909353479e-14 0 0)
(0 0 0)
(-1.963741392e-14 0 0)
(1.963741392e-14 0 0)
(9.818706959e-14 0 0)
(1.472806044e-13 0 0)
(1.178244835e-13 0 0)
(9.818706959e-14 0 0)
(3.927482783e-14 0 0)
(1.963741392e-14 0 0)
(5.891224175e-14 0 0)
(3.927482783e-14 0 0)
(-9.818706959e-15 0 0)
(-2.945612088e-14 0 0)
(4.909353479e-14 0 0)
(1.178244835e-13 0 0)
(1.276431905e-13 0 0)
(8.836836263e-14 0 0)
(-6.873094871e-14 0 0)
(-1.472806044e-13 0 0)
(-4.909353479e-14 0 0)
(-2.945612088e-14 0 0)
(-3.927482783e-14 0 0)
(6.873094871e-14 0 0)
(1.472806044e-13 0 0)
(8.836836263e-14 0 0)
(1.963741392e-14 0 0)
(-1.925929944e-30 0 0)
(-1.963741392e-14 0 0)
(-2.945612088e-14 0 0)
(-4.909353479e-14 0 0)
(3.851859889e-30 0 0)
(-9.818706959e-15 0 0)
(-1.767367253e-13 0 0)
(-1.178244835e-13 0 0)
(8.836836263e-14 0 0)
(6.873094871e-14 0 0)
(-1.963741392e-14 0 0)
(5.891224175e-14 0 0)
(3.927482783e-14 0 0)
(-4.909353479e-14 0 0)
(-1.472806044e-13 0 0)
(-2.35648967e-13 0 0)
(-6.873094871e-14 0 0)
(9.818706959e-14 0 0)
(1.178244835e-13 0 0)
(7.854965567e-14 0 0)
(3.927482783e-14 0 0)
(-9.818706959e-15 0 0)
(-1.963741392e-14 0 0)
(-2.945612088e-14 0 0)
(-9.818706959e-14 0 0)
(-5.891224175e-14 0 0)
(-2.945612088e-14 0 0)
(-8.836836263e-14 0 0)
(2.945612088e-14 0 0)
(1.472806044e-13 0 0)
(9.818706959e-14 0 0)
(7.854965567e-14 0 0)
(-5.891224175e-14 0 0)
(-1.865554322e-13 0 0)
(-1.472806044e-13 0 0)
(-1.080057765e-13 0 0)
(-9.818706959e-14 0 0)
(-2.160115531e-13 0 0)
(-1.767367253e-13 0 0)
(-2.945612088e-14 0 0)
(1.963741392e-14 0 0)
(1.178244835e-13 0 0)
(2.160115531e-13 0 0)
(2.945612088e-13 0 0)
(3.141986227e-13 0 0)
(1.669180183e-13 0 0)
(4.909353479e-14 0 0)
(1.472806044e-13 0 0)
(1.472806044e-13 0 0)
(-1.080057765e-13 0 0)
(-2.651050879e-13 0 0)
(-2.2583026e-13 0 0)
(-5.891224175e-14 0 0)
(8.836836263e-14 0 0)
(4.909353479e-14 0 0)
(-9.818706959e-15 0 0)
(9.818706959e-15 0 0)
(5.891224175e-14 0 0)
(1.276431905e-13 0 0)
(1.080057765e-13 0 0)
(1.963741392e-14 0 0)
(-6.873094871e-14 0 0)
(-7.854965567e-14 0 0)
(3.927482783e-14 0 0)
(5.891224175e-14 0 0)
(0 0 0)
(-9.818706959e-14 0 0)
(-1.374618974e-13 0 0)
(-1.374618974e-13 0 0)
(-8.836836263e-14 0 0)
(-1.963741392e-14 0 0)
(-9.818706959e-15 0 0)
(7.854965567e-14 0 0)
(1.276431905e-13 0 0)
(6.873094871e-14 0 0)
(8.836836263e-14 0 0)
(6.873094871e-14 0 0)
(-9.818706959e-15 0 0)
(1.963741392e-14 0 0)
(2.945612088e-14 0 0)
(4.909353479e-14 0 0)
(9.818706959e-14 0 0)
(1.080057765e-13 0 0)
(-5.891224175e-14 0 0)
(-1.472806044e-13 0 0)
(-1.080057765e-13 0 0)
(-1.178244835e-13 0 0)
(-9.818706959e-15 0 0)
(7.854965567e-14 0 0)
(2.945612088e-14 0 0)
(-9.818706959e-15 0 0)
(-2.945612088e-14 0 0)
(-2.945612088e-14 0 0)
(-7.854965567e-14 0 0)
(-1.374618974e-13 0 0)
(-1.080057765e-13 0 0)
(9.818706959e-15 0 0)
(3.927482783e-14 0 0)
(-3.927482783e-14 0 0)
(2.945612088e-14 0 0)
(7.854965567e-14 0 0)
(6.873094871e-14 0 0)
(1.472806044e-13 0 0)
(9.818706959e-14 0 0)
(-9.818706959e-15 0 0)
(-3.927482783e-14 0 0)
(-1.374618974e-13 0 0)
(-9.818706959e-14 0 0)
(-2.945612088e-14 0 0)
(-3.927482783e-14 0 0)
(4.909353479e-14 0 0)
(9.818706959e-14 0 0)
(6.873094871e-14 0 0)
(8.836836263e-14 0 0)
(4.909353479e-14 0 0)
(2.945612088e-14 0 0)
(5.891224175e-14 0 0)
(1.963741392e-14 0 0)
(-1.080057765e-13 0 0)
(-1.178244835e-13 0 0)
(-1.178244835e-13 0 0)
(-1.963741392e-13 0 0)
(-1.276431905e-13 0 0)
(-3.927482783e-14 0 0)
(9.818706959e-15 0 0)
(8.836836263e-14 0 0)
(5.891224175e-14 0 0)
(-6.873094871e-14 0 0)
(-5.891224175e-14 0 0)
(9.818706959e-15 0 0)
(-1.963741392e-14 0 0)
(-4.909353479e-14 0 0)
(9.818706959e-14 0 0)
(1.865554322e-13 0 0)
(5.891224175e-14 0 0)
(-6.873094871e-14 0 0)
(-9.818706959e-15 0 0)
(1.080057765e-13 0 0)
(1.570993113e-13 0 0)
(1.472806044e-13 0 0)
(9.818706959e-14 0 0)
(3.927482783e-14 0 0)
(1.963741392e-14 0 0)
(1.963741392e-14 0 0)
(2.945612088e-14 0 0)
(9.818706959e-15 0 0)
(0 0 0)
(8.836836263e-14 0 0)
(9.818706959e-14 0 0)
(-5.891224175e-14 0 0)
(-1.669180183e-13 0 0)
(-9.818706959e-14 0 0)
(3.927482783e-14 0 0)
(4.909353479e-14 0 0)
(5.891224175e-14 0 0)
(8.836836263e-14 0 0)
(4.909353479e-14 0 0)
(-2.945612088e-14 0 0)
(-4.909353479e-14 0 0)
(9.818706959e-15 0 0)
(-9.818706959e-15 0 0)
(-4.909353479e-14 0 0)
(-8.836836263e-14 0 0)
(-2.945612088e-14 0 0)
(1.080057765e-13 0 0)
(5.891224175e-14 0 0)
(-1.570993113e-13 0 0)
(-1.570993113e-13 0 0)
(-1.963741392e-14 0 0)
(7.854965567e-14 0 0)
(1.178244835e-13 0 0)
(4.909353479e-14 0 0)
(-2.945612088e-14 0 0)
(1.963741392e-14 0 0)
(3.927482783e-14 0 0)
(-4.909353479e-14 0 0)
(-9.818706959e-15 0 0)
(9.818706959e-15 0 0)
(9.818706959e-15 0 0)
(8.836836263e-14 0 0)
(3.927482783e-14 0 0)
(-2.945612088e-14 0 0)
(1.925929944e-30 0 0)
(9.818706959e-15 0 0)
(-9.818706959e-15 0 0)
(-4.909353479e-14 0 0)
(-7.854965567e-14 0 0)
(-7.854965567e-14 0 0)
(-4.909353479e-14 0 0)
(-1.178244835e-13 0 0)
(-1.276431905e-13 0 0)
(-2.945612088e-14 0 0)
(1.963741392e-14 0 0)
(2.945612088e-14 0 0)
(4.909353479e-14 0 0)
(-1.963741392e-14 0 0)
(-7.854965567e-14 0 0)
(-3.927482783e-14 0 0)
(-9.818706959e-15 0 0)
(1.963741392e-14 0 0)
(7.854965567e-14 0 0)
(9.818706959e-14 0 0)
(5.891224175e-14 0 0)
(-7.854965567e-14 0 0)
(-1.865554322e-13 0 0)
(-1.570993113e-13 0 0)
(-1.767367253e-13 0 0)
(-6.873094871e-14 0 0)
(7.854965567e-14 0 0)
(1.669180183e-13 0 0)
(2.061928461e-13 0 0)
(2.2583026e-13 0 0)
(9.818706959e-14 0 0)
(1.963741392e-14 0 0)
(1.178244835e-13 0 0)
(1.080057765e-13 0 0)
(3.927482783e-14 0 0)
(-1.963741392e-14 0 0)
(-6.873094871e-14 0 0)
(-1.276431905e-13 0 0)
(-9.818706959e-14 0 0)
(-7.854965567e-14 0 0)
(-1.080057765e-13 0 0)
(-2.945612088e-14 0 0)
(1.374618974e-13 0 0)
(2.061928461e-13 0 0)
(1.374618974e-13 0 0)
(1.963741392e-14 0 0)
(-2.945612088e-14 0 0)
(5.891224175e-14 0 0)
(1.570993113e-13 0 0)
(1.178244835e-13 0 0)
(-1.963741392e-14 0 0)
(-1.374618974e-13 0 0)
(-1.374618974e-13 0 0)
(-1.178244835e-13 0 0)
(-1.963741392e-13 0 0)
(-2.2583026e-13 0 0)
(-4.909353479e-14 0 0)
(2.160115531e-13 0 0)
(2.45467674e-13 0 0)
(7.854965567e-14 0 0)
(9.818706959e-15 0 0)
(5.891224175e-14 0 0)
(5.891224175e-14 0 0)
(1.276431905e-13 0 0)
(4.909353479e-14 0 0)
(-6.873094871e-14 0 0)
(1.963741392e-14 0 0)
(9.818706959e-14 0 0)
(6.873094871e-14 0 0)
(-9.818706959e-15 0 0)
(-1.963741392e-14 0 0)
(-9.818706959e-15 0 0)
(-9.818706959e-14 0 0)
(-6.873094871e-14 0 0)
(2.945612088e-14 0 0)
(-4.909353479e-14 0 0)
(-2.945612088e-14 0 0)
(1.570993113e-13 0 0)
(1.767367253e-13 0 0)
(7.854965567e-14 0 0)
(7.854965567e-14 0 0)
(8.836836263e-14 0 0)
(9.818706959e-14 0 0)
(9.818706959e-15 0 0)
(-1.178244835e-13 0 0)
(-1.767367253e-13 0 0)
(-1.570993113e-13 0 0)
(-1.178244835e-13 0 0)
(-9.818706959e-14 0 0)
(-6.873094871e-14 0 0)
(7.854965567e-14 0 0)
(1.669180183e-13 0 0)
(1.178244835e-13 0 0)
(-2.945612088e-14 0 0)
(-1.080057765e-13 0 0)
(-9.818706959e-15 0 0)
(-3.927482783e-14 0 0)
(-1.963741392e-14 0 0)
(5.891224175e-14 0 0)
(6.873094871e-14 0 0)
(2.945612088e-14 0 0)
(-8.836836263e-14 0 0)
(-2.160115531e-13 0 0)
(-2.45467674e-13 0 0)
(-1.080057765e-13 0 0)
(3.927482783e-14 0 0)
(1.374618974e-13 0 0)
(1.570993113e-13 0 0)
(7.854965567e-14 0 0)
(-1.963741392e-14 0 0)
(1.963741392e-14 0 0)
(2.945612088e-14 0 0)
(9.818706959e-15 0 0)
(3.927482783e-14 0 0)
(4.909353479e-14 0 0)
(1.472806044e-13 0 0)
(1.767367253e-13 0 0)
(4.909353479e-14 0 0)
(-9.818706959e-15 0 0)
(-1.472806044e-13 0 0)
(-1.570993113e-13 0 0)
(2.945612088e-14 0 0)
(3.927482783e-14 0 0)
(4.909353479e-14 0 0)
(1.963741392e-14 0 0)
(-9.818706959e-15 0 0)
(-9.818706959e-15 0 0)
(-1.963741392e-14 0 0)
(-2.945612088e-14 0 0)
(-1.963741392e-14 0 0)
(3.927482783e-14 0 0)
(7.854965567e-14 0 0)
(-4.909353479e-14 0 0)
(-1.865554322e-13 0 0)
(-4.909353479e-14 0 0)
(1.865554322e-13 0 0)
(2.45467674e-13 0 0)
(2.749237948e-13 0 0)
(1.865554322e-13 0 0)
(-4.909353479e-14 0 0)
(-7.854965567e-14 0 0)
(0 0 0)
(-1.080057765e-13 0 0)
(-1.178244835e-13 0 0)
(-9.818706959e-15 0 0)
(-2.945612088e-14 0 0)
(-7.854965567e-14 0 0)
(-1.276431905e-13 0 0)
(-1.178244835e-13 0 0)
(-6.873094871e-14 0 0)
(5.891224175e-14 0 0)
(8.836836263e-14 0 0)
(2.945612088e-14 0 0)
(7.854965567e-14 0 0)
(1.767367253e-13 0 0)
(8.836836263e-14 0 0)
(-6.873094871e-14 0 0)
(-9.818706959e-14 0 0)
(3.927482783e-14 0 0)
(1.178244835e-13 0 0)
(-2.945612088e-14 0 0)
(-1.472806044e-13 0 0)
(-1.374618974e-13 0 0)
(-8.836836263e-14 0 0)
(1.540743956e-29 0 0)
(6.873094871e-14 0 0)
(1.963741392e-14 0 0)
(7.854965567e-14 0 0)
(7.854965567e-14 0 0)
(8.836836263e-14 0 0)
(8.836836263e-14 0 0)
(-4.909353479e-14 0 0)
(-8.836836263e-14 0 0)
(-7.854965567e-14 0 0)
(-2.945612088e-14 0 0)
(-5.891224175e-14 0 0)
(1.963741392e-14 0 0)
(1.178244835e-13 0 0)
(8.836836263e-14 0 0)
(-1.963741392e-14 0 0)
(-1.276431905e-13 0 0)
(-1.080057765e-13 0 0)
(-1.080057765e-13 0 0)
(-1.767367253e-13 0 0)
(-1.472806044e-13 0 0)
(1.963741392e-14 0 0)
(3.927482783e-14 0 0)
(9.818706959e-15 0 0)
(2.945612088e-14 0 0)
(-1.963741392e-14 0 0)
(-9.818706959e-15 0 0)
(7.854965567e-14 0 0)
(5.891224175e-14 0 0)
(9.818706959e-15 0 0)
(3.927482783e-14 0 0)
(4.909353479e-14 0 0)
(1.963741392e-14 0 0)
(5.891224175e-14 0 0)
(3.927482783e-14 0 0)
(-5.777789833e-30 0 0)
(9.818706959e-14 0 0)
(1.276431905e-13 0 0)
(4.909353479e-14 0 0)
(-5.891224175e-14 0 0)
(7.703719778e-30 0 0)
(3.927482783e-14 0 0)
(-2.945612088e-14 0 0)
(1.963741392e-14 0 0)
(9.818706959e-14 0 0)
(1.080057765e-13 0 0)
(9.818706959e-15 0 0)
(-4.909353479e-14 0 0)
(-6.873094871e-14 0 0)
(-9.818706959e-14 0 0)
(-1.669180183e-13 0 0)
(-1.080057765e-13 0 0)
(7.854965567e-14 0 0)
(1.963741392e-13 0 0)
(7.854965567e-14 0 0)
(-2.2583026e-13 0 0)
(-1.472806044e-13 0 0)
(-2.945612088e-14 0 0)
(-1.374618974e-13 0 0)
(-6.873094871e-14 0 0)
(2.945612088e-14 0 0)
(4.909353479e-14 0 0)
(7.703719778e-30 0 0)
(-4.909353479e-14 0 0)
(6.873094871e-14 0 0)
(1.669180183e-13 0 0)
(5.891224175e-14 0 0)
(9.818706959e-15 0 0)
(-7.703719778e-30 0 0)
(-9.818706959e-15 0 0)
(2.945612088e-14 0 0)
(1.963741392e-14 0 0)
(-6.873094871e-14 0 0)
(-9.818706959e-14 0 0)
(7.703719778e-30 0 0)
(1.276431905e-13 0 0)
(1.570993113e-13 0 0)
(9.818706959e-14 0 0)
(5.891224175e-14 0 0)
(-2.945612088e-14 0 0)
(-1.080057765e-13 0 0)
(-1.570993113e-13 0 0)
(-2.847425018e-13 0 0)
(-2.945612088e-13 0 0)
(-2.45467674e-13 0 0)
(-1.570993113e-13 0 0)
(2.945612088e-14 0 0)
(1.276431905e-13 0 0)
(1.374618974e-13 0 0)
(7.854965567e-14 0 0)
(1.963741392e-14 0 0)
(1.178244835e-13 0 0)
(2.2583026e-13 0 0)
(1.178244835e-13 0 0)
(1.080057765e-13 0 0)
(1.276431905e-13 0 0)
(7.703719778e-30 0 0)
(-1.155557967e-29 0 0)
(6.873094871e-14 0 0)
(4.909353479e-14 0 0)
(-3.851859889e-30 0 0)
(-6.873094871e-14 0 0)
(-1.080057765e-13 0 0)
(-1.472806044e-13 0 0)
(-9.818706959e-14 0 0)
(3.927482783e-14 0 0)
(9.818706959e-15 0 0)
(-9.818706959e-14 0 0)
(-1.178244835e-13 0 0)
(-1.276431905e-13 0 0)
(-1.669180183e-13 0 0)
(-1.472806044e-13 0 0)
(-7.854965567e-14 0 0)
(-1.963741392e-14 0 0)
(6.873094871e-14 0 0)
(1.276431905e-13 0 0)
(1.080057765e-13 0 0)
(7.854965567e-14 0 0)
(1.276431905e-13 0 0)
(1.570993113e-13 0 0)
(5.891224175e-14 0 0)
(-9.818706959e-15 0 0)
(-7.854965567e-14 0 0)
(-2.945612088e-14 0 0)
(9.818706959e-14 0 0)
(1.080057765e-13 0 0)
(9.818706959e-14 0 0)
(4.909353479e-14 0 0)
(1.963741392e-14 0 0)
(5.891224175e-14 0 0)
(6.873094871e-14 0 0)
(6.873094871e-14 0 0)
(3.927482783e-14 0 0)
(-7.854965567e-14 0 0)
(-6.873094871e-14 0 0)
(-5.891224175e-14 0 0)
(-1.472806044e-13 0 0)
(-7.854965567e-14 0 0)
(8.836836263e-14 0 0)
(1.570993113e-13 0 0)
(1.570993113e-13 0 0)
(1.080057765e-13 0 0)
(-7.703719778e-30 0 0)
(-7.854965567e-14 0 0)
(-9.818706959e-14 0 0)
(5.891224175e-14 0 0)
(5.891224175e-14 0 0)
(-1.080057765e-13 0 0)
(-1.767367253e-13 0 0)
(-3.043799157e-13 0 0)
(-2.2583026e-13 0 0)
(-4.909353479e-14 0 0)
(0 0 0)
(9.818706959e-15 0 0)
(4.909353479e-14 0 0)
(2.2583026e-13 0 0)
(2.35648967e-13 0 0)
(9.818706959e-14 0 0)
(2.945612088e-14 0 0)
(3.927482783e-14 0 0)
(9.818706959e-14 0 0)
(1.570993113e-13 0 0)
(1.570993113e-13 0 0)
(3.927482783e-14 0 0)
(-3.927482783e-14 0 0)
(-5.891224175e-14 0 0)
(-1.374618974e-13 0 0)
(-1.374618974e-13 0 0)
(-9.818706959e-14 0 0)
(-1.963741392e-14 0 0)
(7.854965567e-14 0 0)
(9.818706959e-14 0 0)
(8.836836263e-14 0 0)
(6.873094871e-14 0 0)
(1.963741392e-14 0 0)
(-3.851859889e-30 0 0)
(-9.818706959e-15 0 0)
(-7.854965567e-14 0 0)
(-8.836836263e-14 0 0)
(-9.818706959e-14 0 0)
(-9.818706959e-14 0 0)
(-1.540743956e-29 0 0)
(7.854965567e-14 0 0)
(7.854965567e-14 0 0)
(2.945612088e-14 0 0)
(-9.818706959e-14 0 0)
(-1.472806044e-13 0 0)
(-1.963741392e-14 0 0)
(1.669180183e-13 0 0)
(1.963741392e-13 0 0)
(8.836836263e-14 0 0)
(-3.927482783e-14 0 0)
(-9.818706959e-14 0 0)
(-1.178244835e-13 0 0)
(-6.873094871e-14 0 0)
(5.891224175e-14 0 0)
(6.873094871e-14 0 0)
(4.909353479e-14 0 0)
(2.945612088e-14 0 0)
(-2.945612088e-14 0 0)
(-4.909353479e-14 0 0)
(-4.909353479e-14 0 0)
(-1.080057765e-13 0 0)
(-8.836836263e-14 0 0)
(-5.891224175e-14 0 0)
(9.818706959e-15 0 0)
(1.374618974e-13 0 0)
(-2.945612088e-14 0 0)
(-2.160115531e-13 0 0)
(-1.963741392e-13 0 0)
(-8.836836263e-14 0 0)
(4.909353479e-14 0 0)
(1.080057765e-13 0 0)
(7.854965567e-14 0 0)
(7.854965567e-14 0 0)
(9.818706959e-14 0 0)
(6.873094871e-14 0 0)
(-1.963741392e-14 0 0)
(-8.836836263e-14 0 0)
(-3.927482783e-14 0 0)
(-2.945612088e-14 0 0)
(-1.865554322e-13 0 0)
(-2.749237948e-13 0 0)
(-1.374618974e-13 0 0)
(2.945612088e-14 0 0)
(6.873094871e-14 0 0)
(7.854965567e-14 0 0)
(1.374618974e-13 0 0)
(5.891224175e-14 0 0)
(-7.854965567e-14 0 0)
(-1.374618974e-13 0 0)
(-9.818706959e-14 0 0)
(7.703719778e-30 0 0)
(-3.927482783e-14 0 0)
(-5.891224175e-14 0 0)
(9.818706959e-15 0 0)
(1.276431905e-13 0 0)
(2.061928461e-13 0 0)
(1.669180183e-13 0 0)
(1.963741392e-14 0 0)
(-1.276431905e-13 0 0)
(-1.374618974e-13 0 0)
(-1.178244835e-13 0 0)
(3.851859889e-29 0 0)
(2.945612088e-14 0 0)
(5.891224175e-14 0 0)
(7.854965567e-14 0 0)
(5.891224175e-14 0 0)
(1.276431905e-13 0 0)
(5.891224175e-14 0 0)
(-2.945612088e-14 0 0)
(-4.909353479e-14 0 0)
(-8.836836263e-14 0 0)
(-3.927482783e-14 0 0)
(1.963741392e-14 0 0)
(2.945612088e-14 0 0)
(5.891224175e-14 0 0)
(1.963741392e-14 0 0)
(-1.963741392e-14 0 0)
(9.818706959e-15 0 0)
(4.909353479e-14 0 0)
(7.854965567e-14 0 0)
(9.818706959e-14 0 0)
(-3.927482783e-14 0 0)
(-2.061928461e-13 0 0)
(-1.374618974e-13 0 0)
(1.963741392e-14 0 0)
(1.276431905e-13 0 0)
(1.472806044e-13 0 0)
(-9.818706959e-15 0 0)
(-9.818706959e-14 0 0)
(-5.891224175e-14 0 0)
(-6.873094871e-14 0 0)
(-5.891224175e-14 0 0)
(-9.818706959e-14 0 0)
(-1.178244835e-13 0 0)
(-7.703719778e-30 0 0)
(7.854965567e-14 0 0)
(-6.873094871e-14 0 0)
(-1.374618974e-13 0 0)
(-2.945612088e-14 0 0)
(0 0 0)
(6.873094871e-14 0 0)
(2.061928461e-13 0 0)
(2.45467674e-13 0 0)
(2.061928461e-13 0 0)
(5.891224175e-14 0 0)
(-1.963741392e-14 0 0)
(6.873094871e-14 0 0)
(0 0 0)
(-1.178244835e-13 0 0)
(-1.080057765e-13 0 0)
(-1.276431905e-13 0 0)
(-7.854965567e-14 0 0)
(0 0 0)
(-5.891224175e-14 0 0)
(-8.836836263e-14 0 0)
(-6.873094871e-14 0 0)
(3.927482783e-14 0 0)
(2.160115531e-13 0 0)
(2.552863809e-13 0 0)
(6.873094871e-14 0 0)
(-7.854965567e-14 0 0)
(-1.178244835e-13 0 0)
(-1.767367253e-13 0 0)
(-1.963741392e-13 0 0)
(-1.472806044e-13 0 0)
(7.703719778e-30 0 0)
(1.276431905e-13 0 0)
(1.374618974e-13 0 0)
(7.854965567e-14 0 0)
(1.963741392e-14 0 0)
(-9.818706959e-15 0 0)
(9.818706959e-15 0 0)
(9.818706959e-14 0 0)
(1.570993113e-13 0 0)
(9.818706959e-14 0 0)
(2.945612088e-14 0 0)
(-2.945612088e-14 0 0)
(-9.818706959e-14 0 0)
(-8.836836263e-14 0 0)
(3.927482783e-14 0 0)
(9.818706959e-14 0 0)
(-1.276431905e-13 0 0)
(-2.160115531e-13 0 0)
(-4.909353479e-14 0 0)
(1.925929944e-30 0 0)
(4.909353479e-14 0 0)
(1.963741392e-13 0 0)
(2.847425018e-13 0 0)
(1.865554322e-13 0 0)
(1.963741392e-14 0 0)
(-1.865554322e-13 0 0)
(-2.061928461e-13 0 0)
(-5.891224175e-14 0 0)
(-2.945612088e-14 0 0)
(-3.927482783e-14 0 0)
(-2.945612088e-14 0 0)
(-1.963741392e-14 0 0)
(1.963741392e-14 0 0)
(1.963741392e-14 0 0)
(-6.873094871e-14 0 0)
(-1.669180183e-13 0 0)
(-8.836836263e-14 0 0)
(4.909353479e-14 0 0)
(5.891224175e-14 0 0)
(1.540743956e-29 0 0)
(4.909353479e-14 0 0)
(1.669180183e-13 0 0)
(8.836836263e-14 0 0)
(5.891224175e-14 0 0)
(4.909353479e-14 0 0)
(-6.873094871e-14 0 0)
(-1.080057765e-13 0 0)
(-1.963741392e-14 0 0)
(-2.945612088e-14 0 0)
(-8.836836263e-14 0 0)
(-4.909353479e-14 0 0)
(3.851859889e-30 0 0)
(9.818706959e-15 0 0)
(1.963741392e-14 0 0)
(1.178244835e-13 0 0)
(1.472806044e-13 0 0)
(1.963741392e-14 0 0)
(-1.570993113e-13 0 0)
(-2.45467674e-13 0 0)
(-2.061928461e-13 0 0)
(-1.374618974e-13 0 0)
(-7.854965567e-14 0 0)
(-1.276431905e-13 0 0)
(-1.669180183e-13 0 0)
(-2.945612088e-14 0 0)
(2.945612088e-14 0 0)
(-4.909353479e-14 0 0)
(-9.818706959e-15 0 0)
(5.891224175e-14 0 0)
(5.891224175e-14 0 0)
(6.873094871e-14 0 0)
(4.909353479e-14 0 0)
(6.873094871e-14 0 0)
(9.818706959e-14 0 0)
(6.873094871e-14 0 0)
(5.891224175e-14 0 0)
(1.963741392e-14 0 0)
(-6.873094871e-14 0 0)
(9.818706959e-14 0 0)
(1.374618974e-13 0 0)
(-5.891224175e-14 0 0)
(-4.909353479e-14 0 0)
(4.909353479e-14 0 0)
(3.927482783e-14 0 0)
(0 0 0)
(9.818706959e-15 0 0)
(-6.873094871e-14 0 0)
(-4.909353479e-14 0 0)
(9.818706959e-14 0 0)
(1.767367253e-13 0 0)
(1.767367253e-13 0 0)
(1.276431905e-13 0 0)
(2.945612088e-14 0 0)
(-8.836836263e-14 0 0)
(-1.767367253e-13 0 0)
(-6.873094871e-14 0 0)
(1.963741392e-14 0 0)
(-2.945612088e-14 0 0)
(-7.854965567e-14 0 0)
(-1.178244835e-13 0 0)
(-7.854965567e-14 0 0)
(-6.873094871e-14 0 0)
(-1.080057765e-13 0 0)
(-9.818706959e-15 0 0)
(3.927482783e-14 0 0)
(-6.873094871e-14 0 0)
(9.818706959e-15 0 0)
(5.891224175e-14 0 0)
(-9.818706959e-15 0 0)
(-7.854965567e-14 0 0)
(-8.836836263e-14 0 0)
(-1.963741392e-14 0 0)
(-5.891224175e-14 0 0)
(-1.178244835e-13 0 0)
(-4.909353479e-14 0 0)
(5.891224175e-14 0 0)
(2.945612088e-14 0 0)
(-1.080057765e-13 0 0)
(-9.818706959e-14 0 0)
(9.818706959e-15 0 0)
(2.945612088e-14 0 0)
(-3.927482783e-14 0 0)
(3.927482783e-14 0 0)
(1.178244835e-13 0 0)
(4.909353479e-14 0 0)
(2.945612088e-14 0 0)
(0 0 0)
(1.669180183e-13 0 0)
(2.651050879e-13 0 0)
(1.963741392e-13 0 0)
(5.891224175e-14 0 0)
(-1.080057765e-13 0 0)
(-2.552863809e-13 0 0)
(-2.2583026e-13 0 0)
(-9.818706959e-14 0 0)
(-1.178244835e-13 0 0)
(-1.080057765e-13 0 0)
(-3.927482783e-14 0 0)
(1.963741392e-14 0 0)
(2.945612088e-14 0 0)
(9.818706959e-14 0 0)
(1.374618974e-13 0 0)
(9.818706959e-14 0 0)
(1.178244835e-13 0 0)
(1.374618974e-13 0 0)
(6.873094871e-14 0 0)
(-5.891224175e-14 0 0)
(-9.818706959e-14 0 0)
(9.818706959e-15 0 0)
(7.854965567e-14 0 0)
(-1.963741392e-14 0 0)
(-5.891224175e-14 0 0)
(0 0 0)
(-4.909353479e-14 0 0)
(-1.963741392e-14 0 0)
(9.818706959e-15 0 0)
(9.818706959e-15 0 0)
(3.927482783e-14 0 0)
(-2.945612088e-14 0 0)
(-1.570993113e-13 0 0)
(-1.472806044e-13 0 0)
(6.873094871e-14 0 0)
(1.963741392e-13 0 0)
(1.374618974e-13 0 0)
(4.909353479e-14 0 0)
(1.080057765e-13 0 0)
(2.061928461e-13 0 0)
(9.818706959e-14 0 0)
(-1.472806044e-13 0 0)
(-2.2583026e-13 0 0)
(-1.963741392e-13 0 0)
(-8.836836263e-14 0 0)
(1.963741392e-14 0 0)
(-5.891224175e-14 0 0)
(-2.160115531e-13 0 0)
(-1.767367253e-13 0 0)
(-4.909353479e-14 0 0)
(-8.836836263e-14 0 0)
(-9.818706959e-15 0 0)
(-1.963741392e-14 0 0)
(-2.945612088e-14 0 0)
(-7.703719778e-30 0 0)
(-1.963741392e-14 0 0)
(1.963741392e-14 0 0)
(4.909353479e-14 0 0)
(1.570993113e-13 0 0)
(1.669180183e-13 0 0)
(2.160115531e-13 0 0)
(2.35648967e-13 0 0)
(1.178244835e-13 0 0)
(-3.927482783e-14 0 0)
(-1.374618974e-13 0 0)
(-2.061928461e-13 0 0)
(-2.160115531e-13 0 0)
(-5.891224175e-14 0 0)
(-9.818706959e-15 0 0)
(0 0 0)
(-9.818706959e-15 0 0)
(-2.945612088e-14 0 0)
(-3.927482783e-14 0 0)
(2.945612088e-14 0 0)
(1.865554322e-13 0 0)
(2.35648967e-13 0 0)
(1.865554322e-13 0 0)
(1.276431905e-13 0 0)
(-7.703719778e-30 0 0)
(-1.178244835e-13 0 0)
(-8.836836263e-14 0 0)
(8.836836263e-14 0 0)
(2.945612088e-14 0 0)
(-1.669180183e-13 0 0)
(-8.836836263e-14 0 0)
(-4.909353479e-14 0 0)
(-2.2583026e-13 0 0)
(-3.534734505e-13 0 0)
(-1.963741392e-13 0 0)
(-1.963741392e-14 0 0)
(6.873094871e-14 0 0)
(6.873094871e-14 0 0)
(-4.909353479e-14 0 0)
(-4.909353479e-14 0 0)
(3.927482783e-14 0 0)
(8.836836263e-14 0 0)
(8.836836263e-14 0 0)
(4.909353479e-14 0 0)
(2.945612088e-14 0 0)
(4.909353479e-14 0 0)
(1.669180183e-13 0 0)
(2.2583026e-13 0 0)
(1.767367253e-13 0 0)
(1.374618974e-13 0 0)
(-1.963741392e-14 0 0)
(-2.945612088e-14 0 0)
(2.945612088e-14 0 0)
(-3.927482783e-14 0 0)
(-4.909353479e-14 0 0)
(-3.927482783e-14 0 0)
(-4.909353479e-14 0 0)
(-1.080057765e-13 0 0)
(-1.276431905e-13 0 0)
(-1.276431905e-13 0 0)
(-7.854965567e-14 0 0)
(-5.891224175e-14 0 0)
(-9.818706959e-15 0 0)
(2.35648967e-13 0 0)
(2.847425018e-13 0 0)
(8.836836263e-14 0 0)
(5.891224175e-14 0 0)
(2.945612088e-14 0 0)
(-1.374618974e-13 0 0)
(-2.552863809e-13 0 0)
(-3.338360366e-13 0 0)
(-2.651050879e-13 0 0)
(-1.963741392e-14 0 0)
(1.374618974e-13 0 0)
(1.178244835e-13 0 0)
(5.891224175e-14 0 0)
(-7.703719778e-30 0 0)
(-2.945612088e-14 0 0)
(4.909353479e-14 0 0)
(1.276431905e-13 0 0)
(1.374618974e-13 0 0)
(7.854965567e-14 0 0)
(-3.927482783e-14 0 0)
(-8.836836263e-14 0 0)
(-3.927482783e-14 0 0)
(3.927482783e-14 0 0)
(1.080057765e-13 0 0)
(1.963741392e-13 0 0)
(1.374618974e-13 0 0)
(-1.963741392e-14 0 0)
(-1.963741392e-14 0 0)
(-2.945612088e-14 0 0)
(-9.818706959e-15 0 0)
(7.854965567e-14 0 0)
(4.909353479e-14 0 0)
(9.818706959e-15 0 0)
(9.818706959e-15 0 0)
(-4.909353479e-14 0 0)
(-5.891224175e-14 0 0)
(-8.836836263e-14 0 0)
(-1.276431905e-13 0 0)
(-1.178244835e-13 0 0)
(-1.963741392e-13 0 0)
(-2.847425018e-13 0 0)
(-1.767367253e-13 0 0)
(-9.818706959e-15 0 0)
(-2.945612088e-14 0 0)
(9.818706959e-15 0 0)
(5.891224175e-14 0 0)
(0 0 0)
(9.818706959e-15 0 0)
(4.909353479e-14 0 0)
(2.945612088e-14 0 0)
(-6.873094871e-14 0 0)
(-2.945612088e-14 0 0)
(7.854965567e-14 0 0)
(1.669180183e-13 0 0)
(1.472806044e-13 0 0)
(4.909353479e-14 0 0)
(9.818706959e-15 0 0)
(-4.909353479e-14 0 0)
(6.873094871e-14 0 0)
(1.865554322e-13 0 0)
(1.669180183e-13 0 0)
(1.865554322e-13 0 0)
(1.570993113e-13 0 0)
(3.927482783e-14 0 0)
(-1.963741392e-14 0 0)
(-5.891224175e-14 0 0)
(-7.854965567e-14 0 0)
(-8.836836263e-14 0 0)
(-8.836836263e-14 0 0)
(-9.818706959e-15 0 0)
(9.818706959e-15 0 0)
(-6.873094871e-14 0 0)
(-1.178244835e-13 0 0)
(-8.836836263e-14 0 0)
(-1.472806044e-13 0 0)
(-1.570993113e-13 0 0)
(-4.909353479e-14 0 0)
(2.945612088e-14 0 0)
(6.873094871e-14 0 0)
(1.080057765e-13 0 0)
(1.767367253e-13 0 0)
(1.276431905e-13 0 0)
(7.854965567e-14 0 0)
(3.927482783e-14 0 0)
(-6.873094871e-14 0 0)
(-3.927482783e-14 0 0)
(3.927482783e-14 0 0)
(5.891224175e-14 0 0)
(3.927482783e-14 0 0)
(0 0 0)
(-2.945612088e-14 0 0)
(-1.963741392e-14 0 0)
(-9.818706959e-15 0 0)
(0 0 0)
(9.818706959e-15 0 0)
(-9.818706959e-14 0 0)
(-4.909353479e-14 0 0)
(1.080057765e-13 0 0)
(2.945612088e-14 0 0)
(0 0 0)
(2.945612088e-14 0 0)
(-7.854965567e-14 0 0)
(-1.276431905e-13 0 0)
(-9.818706959e-15 0 0)
(1.178244835e-13 0 0)
(7.854965567e-14 0 0)
(5.891224175e-14 0 0)
(7.854965567e-14 0 0)
(-5.891224175e-14 0 0)
(-1.276431905e-13 0 0)
(-3.927482783e-14 0 0)
(-6.873094871e-14 0 0)
(-1.570993113e-13 0 0)
(-2.061928461e-13 0 0)
(-6.873094871e-14 0 0)
(1.178244835e-13 0 0)
(6.873094871e-14 0 0)
(1.178244835e-13 0 0)
(1.963741392e-13 0 0)
(2.945612088e-14 0 0)
(-6.873094871e-14 0 0)
(3.851859889e-30 0 0)
(1.963741392e-14 0 0)
(-5.891224175e-14 0 0)
(-1.374618974e-13 0 0)
(-9.818706959e-15 0 0)
(1.276431905e-13 0 0)
(7.854965567e-14 0 0)
(1.963741392e-14 0 0)
(2.945612088e-14 0 0)
(-5.891224175e-14 0 0)
(-1.178244835e-13 0 0)
(-9.818706959e-15 0 0)
(-5.891224175e-14 0 0)
(-2.061928461e-13 0 0)
(-1.669180183e-13 0 0)
(-4.909353479e-14 0 0)
(1.925929944e-30 0 0)
(-9.818706959e-15 0 0)
(0 0 0)
(-3.927482783e-14 0 0)
(-1.669180183e-13 0 0)
(-9.818706959e-14 0 0)
(2.945612088e-14 0 0)
(1.963741392e-14 0 0)
(6.873094871e-14 0 0)
(1.276431905e-13 0 0)
(8.836836263e-14 0 0)
(4.909353479e-14 0 0)
(5.891224175e-14 0 0)
(1.080057765e-13 0 0)
(1.374618974e-13 0 0)
(8.836836263e-14 0 0)
(1.963741392e-14 0 0)
(4.909353479e-14 0 0)
(3.927482783e-14 0 0)
(-4.909353479e-14 0 0)
(-4.909353479e-14 0 0)
(4.909353479e-14 0 0)
(9.818706959e-15 0 0)
(-8.836836263e-14 0 0)
(-5.891224175e-14 0 0)
(0 0 0)
(9.818706959e-15 0 0)
(2.945612088e-14 0 0)
(-9.818706959e-15 0 0)
(-5.891224175e-14 0 0)
(-2.945612088e-14 0 0)
(7.703719778e-30 0 0)
(9.818706959e-15 0 0)
(1.963741392e-14 0 0)
(-7.854965567e-14 0 0)
(-1.963741392e-13 0 0)
(-1.080057765e-13 0 0)
(3.927482783e-14 0 0)
(8.836836263e-14 0 0)
(7.854965567e-14 0 0)
(1.080057765e-13 0 0)
(1.080057765e-13 0 0)
(8.836836263e-14 0 0)
(9.818706959e-14 0 0)
(9.818706959e-14 0 0)
(5.891224175e-14 0 0)
(-9.818706959e-15 0 0)
(-1.080057765e-13 0 0)
(-1.178244835e-13 0 0)
(1.963741392e-14 0 0)
(1.276431905e-13 0 0)
(7.854965567e-14 0 0)
(-4.909353479e-14 0 0)
(-1.570993113e-13 0 0)
(-2.35648967e-13 0 0)
(-2.160115531e-13 0 0)
(-1.669180183e-13 0 0)
(-5.891224175e-14 0 0)
(2.945612088e-14 0 0)
(0 0 0)
(1.963741392e-14 0 0)
(2.945612088e-14 0 0)
(9.818706959e-15 0 0)
(3.927482783e-14 0 0)
(6.873094871e-14 0 0)
(4.909353479e-14 0 0)
(3.927482783e-14 0 0)
(-9.818706959e-15 0 0)
(-5.891224175e-14 0 0)
(-1.963741392e-14 0 0)
(-7.854965567e-14 0 0)
(-1.178244835e-13 0 0)
(-9.818706959e-15 0 0)
(-9.818706959e-15 0 0)
(2.945612088e-14 0 0)
(1.276431905e-13 0 0)
(1.276431905e-13 0 0)
(4.909353479e-14 0 0)
(6.873094871e-14 0 0)
(1.767367253e-13 0 0)
(1.178244835e-13 0 0)
(-4.909353479e-14 0 0)
(-1.276431905e-13 0 0)
(-1.374618974e-13 0 0)
(-7.854965567e-14 0 0)
(0 0 0)
(4.909353479e-14 0 0)
(9.818706959e-14 0 0)
(1.178244835e-13 0 0)
(2.945612088e-14 0 0)
(2.945612088e-14 0 0)
(-1.540743956e-29 0 0)
(-7.854965567e-14 0 0)
(1.080057765e-13 0 0)
(2.35648967e-13 0 0)
(1.767367253e-13 0 0)
(9.818706959e-14 0 0)
(4.909353479e-14 0 0)
(-4.909353479e-14 0 0)
(-1.472806044e-13 0 0)
(-1.570993113e-13 0 0)
(-1.865554322e-13 0 0)
(-1.472806044e-13 0 0)
(-5.891224175e-14 0 0)
(-1.472806044e-13 0 0)
(-4.909353479e-14 0 0)
(-9.818706959e-15 0 0)
(-1.080057765e-13 0 0)
(8.836836263e-14 0 0)
(2.45467674e-13 0 0)
(1.472806044e-13 0 0)
(9.818706959e-14 0 0)
(1.080057765e-13 0 0)
(3.927482783e-14 0 0)
(-7.854965567e-14 0 0)
(-2.061928461e-13 0 0)
(-1.767367253e-13 0 0)
(-1.570993113e-13 0 0)
(-2.160115531e-13 0 0)
(-4.909353479e-14 0 0)
(2.749237948e-13 0 0)
(3.829295714e-13 0 0)
(2.749237948e-13 0 0)
(1.374618974e-13 0 0)
(4.909353479e-14 0 0)
(-3.927482783e-14 0 0)
(-2.945612088e-14 0 0)
(-3.927482783e-14 0 0)
(-1.963741392e-14 0 0)
(7.854965567e-14 0 0)
(-5.891224175e-14 0 0)
(-2.061928461e-13 0 0)
(-7.854965567e-14 0 0)
(-3.927482783e-14 0 0)
(-3.927482783e-14 0 0)
(4.909353479e-14 0 0)
(8.836836263e-14 0 0)
(1.276431905e-13 0 0)
(9.818706959e-14 0 0)
(2.311115933e-29 0 0)
(7.703719778e-30 0 0)
(2.945612088e-14 0 0)
(-9.818706959e-15 0 0)
(2.945612088e-14 0 0)
(3.927482783e-14 0 0)
(5.891224175e-14 0 0)
(-4.909353479e-14 0 0)
(-2.847425018e-13 0 0)
(-3.240173296e-13 0 0)
(-2.945612088e-13 0 0)
(-2.061928461e-13 0 0)
(-9.818706959e-14 0 0)
(-4.909353479e-14 0 0)
(0 0 0)
(-1.963741392e-14 0 0)
(4.909353479e-14 0 0)
(1.472806044e-13 0 0)
(1.374618974e-13 0 0)
(1.374618974e-13 0 0)
(1.374618974e-13 0 0)
(6.873094871e-14 0 0)
(-1.963741392e-14 0 0)
(-9.818706959e-15 0 0)
(8.836836263e-14 0 0)
(9.818706959e-14 0 0)
(9.818706959e-15 0 0)
(-6.873094871e-14 0 0)
(-1.472806044e-13 0 0)
(-1.472806044e-13 0 0)
(1.178244835e-13 0 0)
(2.749237948e-13 0 0)
(1.963741392e-13 0 0)
(2.2583026e-13 0 0)
(1.570993113e-13 0 0)
(-2.945612088e-14 0 0)
(-7.854965567e-14 0 0)
(-1.374618974e-13 0 0)
(-2.552863809e-13 0 0)
(-2.160115531e-13 0 0)
(-1.472806044e-13 0 0)
(-1.178244835e-13 0 0)
(-5.891224175e-14 0 0)
(-1.963741392e-14 0 0)
(5.891224175e-14 0 0)
(1.178244835e-13 0 0)
(9.818706959e-14 0 0)
(7.854965567e-14 0 0)
(1.080057765e-13 0 0)
(6.873094871e-14 0 0)
(-1.963741392e-14 0 0)
(-9.818706959e-15 0 0)
(-2.945612088e-14 0 0)
(-2.945612088e-14 0 0)
(-1.963741392e-14 0 0)
(-9.818706959e-15 0 0)
(1.963741392e-14 0 0)
(-1.963741392e-14 0 0)
(1.472806044e-13 0 0)
(1.669180183e-13 0 0)
(1.963741392e-14 0 0)
(-2.945612088e-14 0 0)
(-7.854965567e-14 0 0)
(-1.963741392e-14 0 0)
(-5.891224175e-14 0 0)
(-1.080057765e-13 0 0)
(-1.080057765e-13 0 0)
(-2.945612088e-14 0 0)
(1.472806044e-13 0 0)
(8.836836263e-14 0 0)
(-3.927482783e-14 0 0)
(-6.873094871e-14 0 0)
(-1.276431905e-13 0 0)
(-8.836836263e-14 0 0)
(-3.927482783e-14 0 0)
(-3.927482783e-14 0 0)
(6.873094871e-14 0 0)
(2.061928461e-13 0 0)
(2.160115531e-13 0 0)
(1.767367253e-13 0 0)
(2.945612088e-14 0 0)
(-7.854965567e-14 0 0)
(-4.909353479e-14 0 0)
(-7.854965567e-14 0 0)
(-8.836836263e-14 0 0)
(-1.276431905e-13 0 0)
(-9.818706959e-14 0 0)
(-9.818706959e-15 0 0)
(1.963741392e-14 0 0)
(3.927482783e-14 0 0)
(-1.963741392e-14 0 0)
(-9.818706959e-15 0 0)
(5.891224175e-14 0 0)
(6.873094871e-14 0 0)
(1.963741392e-14 0 0)
(-5.891224175e-14 0 0)
(-1.472806044e-13 0 0)
(-2.160115531e-13 0 0)
(-1.865554322e-13 0 0)
(-1.865554322e-13 0 0)
(-1.178244835e-13 0 0)
(5.891224175e-14 0 0)
(1.178244835e-13 0 0)
(8.836836263e-14 0 0)
(2.945612088e-14 0 0)
(9.818706959e-15 0 0)
(-1.963741392e-14 0 0)
(-2.945612088e-14 0 0)
(8.836836263e-14 0 0)
(1.374618974e-13 0 0)
(1.178244835e-13 0 0)
(1.374618974e-13 0 0)
(1.472806044e-13 0 0)
(1.276431905e-13 0 0)
(5.891224175e-14 0 0)
(-2.945612088e-14 0 0)
(1.155557967e-29 0 0)
(9.818706959e-15 0 0)
(-1.080057765e-13 0 0)
(-1.472806044e-13 0 0)
(-7.854965567e-14 0 0)
(-1.570993113e-13 0 0)
(-2.160115531e-13 0 0)
(-1.374618974e-13 0 0)
(-1.472806044e-13 0 0)
(-1.080057765e-13 0 0)
(-3.851859889e-30 0 0)
(1.570993113e-13 0 0)
(2.45467674e-13 0 0)
(1.767367253e-13 0 0)
(4.909353479e-14 0 0)
(-2.945612088e-14 0 0)
(-9.818706959e-15 0 0)
(0 0 0)
(0 0 0)
(-1.080057765e-13 0 0)
(-2.2583026e-13 0 0)
(-1.767367253e-13 0 0)
(-3.927482783e-14 0 0)
(3.927482783e-14 0 0)
(1.963741392e-14 0 0)
(9.818706959e-15 0 0)
(4.909353479e-14 0 0)
(8.836836263e-14 0 0)
(3.927482783e-14 0 0)
(-1.963741392e-14 0 0)
(-2.945612088e-14 0 0)
(-1.155557967e-29 0 0)
(1.080057765e-13 0 0)
(7.854965567e-14 0 0)
(-6.873094871e-14 0 0)
(-1.963741392e-14 0 0)
(1.080057765e-13 0 0)
(1.178244835e-13 0 0)
(-9.818706959e-15 0 0)
(-1.178244835e-13 0 0)
(-8.836836263e-14 0 0)
(-6.873094871e-14 0 0)
(-7.703719778e-30 0 0)
(3.927482783e-14 0 0)
(8.836836263e-14 0 0)
(2.945612088e-14 0 0)
(-1.472806044e-13 0 0)
(-1.865554322e-13 0 0)
(-1.080057765e-13 0 0)
(-9.818706959e-15 0 0)
(9.818706959e-15 0 0)
(1.963741392e-14 0 0)
(5.891224175e-14 0 0)
(1.374618974e-13 0 0)
(2.061928461e-13 0 0)
(2.45467674e-13 0 0)
(1.669180183e-13 0 0)
(5.891224175e-14 0 0)
(-7.854965567e-14 0 0)
(-1.472806044e-13 0 0)
(-7.854965567e-14 0 0)
(-9.818706959e-15 0 0)
(9.818706959e-15 0 0)
(8.836836263e-14 0 0)
(1.570993113e-13 0 0)
(2.945612088e-14 0 0)
(-1.963741392e-14 0 0)
(-1.963741392e-14 0 0)
(-1.374618974e-13 0 0)
(-1.472806044e-13 0 0)
(9.818706959e-15 0 0)
(8.836836263e-14 0 0)
(6.873094871e-14 0 0)
(-4.909353479e-14 0 0)
(-1.767367253e-13 0 0)
(-1.570993113e-13 0 0)
(3.927482783e-14 0 0)
(1.178244835e-13 0 0)
(-4.909353479e-14 0 0)
(-1.080057765e-13 0 0)
(-3.927482783e-14 0 0)
(0 0 0)
(8.836836263e-14 0 0)
(1.963741392e-13 0 0)
(3.927482783e-14 0 0)
(-5.891224175e-14 0 0)
(-6.873094871e-14 0 0)
(-4.909353479e-14 0 0)
(2.945612088e-14 0 0)
(1.963741392e-13 0 0)
(2.35648967e-13 0 0)
(1.669180183e-13 0 0)
(1.080057765e-13 0 0)
(-6.873094871e-14 0 0)
(-1.080057765e-13 0 0)
(-1.276431905e-13 0 0)
(-1.178244835e-13 0 0)
(-2.945612088e-14 0 0)
(5.891224175e-14 0 0)
(1.276431905e-13 0 0)
(1.669180183e-13 0 0)
(7.854965567e-14 0 0)
(9.818706959e-15 0 0)
(-9.818706959e-14 0 0)
(-1.472806044e-13 0 0)
(-4.909353479e-14 0 0)
(-4.909353479e-14 0 0)
(-9.818706959e-14 0 0)
(-2.945612088e-14 0 0)
(4.909353479e-14 0 0)
(3.851859889e-30 0 0)
(-6.873094871e-14 0 0)
(-7.854965567e-14 0 0)
(9.818706959e-15 0 0)
(1.276431905e-13 0 0)
(2.2583026e-13 0 0)
(1.276431905e-13 0 0)
(-4.909353479e-14 0 0)
(-7.854965567e-14 0 0)
(4.909353479e-14 0 0)
(1.669180183e-13 0 0)
(6.873094871e-14 0 0)
(7.854965567e-14 0 0)
(8.836836263e-14 0 0)
(-2.945612088e-14 0 0)
(-3.927482783e-14 0 0)
(1.963741392e-14 0 0)
(4.909353479e-14 0 0)
(1.963741392e-14 0 0)
)
;

boundaryField
{
    sides
    {
        type            extrapolatedCalculated;
        value           nonuniform List<vector> 2((1.963741392e-14 0 0) (0 0 0));
    }
    empty1
    {
        type            empty;
    }
    empty2
    {
        type            empty;
    }
}


// ************************************************************************* //
