/*--------------------------------*- C++ -*----------------------------------*\
| =========                 |                                                 |
| \\      /  F ield         | OpenFOAM: The Open Source CFD Toolbox           |
|  \\    /   O peration     | Version:  2012                                  |
|   \\  /    A nd           | Website:  www.openfoam.com                      |
|    \\/     M anipulation  |                                                 |
\*---------------------------------------------------------------------------*/
FoamFile
{
    version     2.0;
    format      ascii;
    class       volScalarField;
    location    "0.59";
    object      T;
}
// * * * * * * * * * * * * * * * * * * * * * * * * * * * * * * * * * * * * * //

dimensions      [0 0 0 1 0 0 0];


internalField   nonuniform List<scalar> 
2268
(
273
273
273
273
273
273
273
273
273
273
273
273
273
273
273
273
273
273
273
273
273
273
273
273
273
273
273
273
273
273
273
273
273
273
273
273
273
273
273
273
273
273
273
273
273
273
273
273
273
273
273
273
273
273
273
273
273
273
273
273
273
273
273
273
273
273
273
273
273
273
273
273
273
273
273
273
273
273
273
273
273
273
273
273
273
273
273
273
273
273
273
273
273
273
273
273
273
273
273
273
273
273
273
273
273
273
273
273
273
273
273
273
273
273
273
272.998
272.998
272.998
272.999
272.999
272.999
272.999
272.999
272.999
273
273
273
273
273
273
273
273
273
273
273
273
273
273
272.994
272.994
272.994
272.995
272.996
272.996
272.996
272.997
272.998
272.998
272.999
272.999
273
273
273
273
273
273
273
273
273
273
273
272.988
272.987
272.988
272.989
272.989
272.99
272.99
272.992
272.993
272.995
272.996
272.997
272.998
272.999
272.999
273
273
273
273
273
273
273
273
273.245
273.216
273.168
273.137
273.117
273.1
273.091
273.091
273.099
273.101
273.103
273.106
273.113
273.121
273.125
273.127
273.127
273.128
273.129
273.263
273.29
273.29
273.248
273.184
273.159
273.17
273.144
273.153
273.159
273.153
273.151
273.153
273.155
273.154
273.146
273.143
273.143
273.136
273.317
273.348
273.259
273.185
273.109
273.013
273.087
273.233
273.256
273.096
273.165
273.19
273.192
273.177
273.162
273.161
273.16
273.149
273.139
273.239
273.327
273.349
273.291
273.15
273
272.992
273.074
273.197
273.175
273.128
273.214
273.247
273.244
273.206
273.149
273.157
273.124
273.14
273.295
273.373
273.347
273.318
273.244
273.015
272.979
272.99
273.02
273.101
273.136
273.137
273.219
273.211
273.18
273.129
273.13
273.126
273.141
273.322
273.357
273.255
273.272
273.271
273.03
272.976
272.985
273.016
273.071
273.174
273.164
273.22
273.195
273.187
273.181
273.154
273.274
273.141
273.348
273.278
273.138
273.137
273.152
273.008
272.965
272.975
273.009
273.057
273.175
273.213
273.231
273.195
273.184
273.19
273.198
273.419
273.145
273.349
273.263
273.2
273.05
273.015
272.979
272.958
272.968
273.013
273.038
273.161
273.257
273.244
273.191
273.177
273.189
273.201
273.424
273.156
272.982
272.982
272.982
272.983
272.983
272.983
272.983
272.984
272.985
272.986
272.988
272.99
272.992
272.995
272.996
272.998
272.999
272.999
273
273
273
273
273
272.979
272.979
272.98
272.98
272.98
272.98
272.979
272.979
272.977
272.977
272.978
272.979
272.98
272.983
272.987
272.991
272.993
272.996
272.997
272.999
272.999
273
273
272.992
272.991
272.991
272.991
272.99
272.988
272.986
272.98
272.977
272.977
272.979
272.98
272.976
272.976
272.978
272.98
272.982
272.985
272.989
272.993
272.995
272.997
272.998
273
273
273
273
272.999
272.998
272.997
272.995
272.992
272.99
272.993
272.993
272.981
272.983
272.986
272.981
272.979
272.979
272.98
272.982
272.984
272.987
272.99
273.002
273.002
273.002
273.002
273.002
273.002
273.002
273.002
273.001
273
273.001
273.001
272.993
272.996
273
272.991
272.985
272.985
272.983
272.98
272.979
272.98
272.981
273.003
273.003
273.003
273.003
273.003
273.003
273.003
273.003
273.003
273.003
273.003
273.003
273.001
273.002
273.003
273.002
273
273.001
272.999
272.993
272.989
272.992
272.989
273.003
273.003
273.003
273.003
273.003
273.003
273.003
273.003
273.003
273.003
273.003
273.003
273.003
273.003
273.003
273.003
273.003
273.003
273.003
273.003
273.002
273.002
273.001
273.003
273.003
273.003
273.003
273.003
273.003
273.003
273.003
273.003
273.003
273.003
273.003
273.003
273.003
273.003
273.003
273.003
273.003
273.003
273.003
273.004
273.004
273.004
273.002
273.002
273.002
273.002
273.002
273.002
273.002
273.002
273.002
273.002
273.002
273.002
273.002
273.003
273.003
273.003
273.003
273.003
273.003
273.003
273.003
273.004
273.004
273.002
273.002
273.002
273.002
273.002
273.002
273.002
273.002
273.002
273.002
273.002
273.002
273.002
273.002
273.002
273.003
273.003
273.003
273.003
273.003
273.003
273.003
273.003
273.002
273.002
273.002
273.002
273.002
273.002
273.002
273.002
273.002
273.002
273.002
273.002
273.002
273.002
273.002
273.002
273.002
273.003
273.003
273.003
273.003
273.003
273.003
273.002
273.002
273.002
273.002
273.002
273.002
273.002
273.002
273.002
273.002
273.002
273.002
273.002
273.002
273.002
273.002
273.002
273.002
273.002
273.003
273.003
273.003
273.003
273.002
273.002
273.002
273.002
273.002
273.002
273.002
273.002
273.002
273.002
273.002
273.002
273.002
273.002
273.002
273.002
273.002
273.002
273.002
273.002
273.002
273.002
273.002
273.002
273.002
273.002
273.002
273.002
273.002
273.002
273.002
273.002
273.002
273.002
273.002
273.002
273.002
273.002
273.002
273.002
273.002
273.002
273.002
273.002
273.002
273.002
273.002
273.002
273.002
273.002
273.002
273.002
273.002
273.002
273.002
273.002
273.002
273.002
273.002
273.002
273.002
273.002
273.002
273.002
273.002
273.002
273.002
273.002
273.002
273.002
273.002
273.002
273.002
273.002
273.002
273.002
273.002
273.002
273.002
273.002
273.002
273.002
273.002
273.002
273.002
273.002
273.002
273.002
273.002
273.002
273.002
273.002
273.002
273.002
273.002
273.002
273.002
273.002
273.002
273.002
273.002
273.002
273.002
273.002
273.002
273.002
273.002
273.002
273.002
273.002
273.002
273.002
273.002
273.002
273.002
273.003
273.003
273.003
273.003
273.003
273.003
273.002
273.002
273.002
273.002
273.002
273.002
273.002
273.002
273.002
273.002
273.002
273.002
273.002
273.002
273.002
273.001
273.001
273.004
273.004
273.004
273.004
273.003
273.003
273.003
273.003
273.003
273.003
273.003
273.002
273.002
273.002
273.002
273.002
273.002
273.002
273.002
273.001
273.001
273.001
273.001
273.005
273.005
273.005
273.005
273.005
273.005
273.005
273.004
273.004
273.004
273.004
273.003
273.003
273.003
273.003
273.002
273.002
273.002
273.002
273.002
273.001
273.001
273.001
273.008
273.008
273.008
273.008
273.007
273.007
273.007
273.007
273.006
273.006
273.005
273.005
273.005
273.004
273.004
273.003
273.003
273.003
273.002
273.002
273.002
273.001
273.001
273.011
273.011
273.011
273.011
273.011
273.011
273.01
273.01
273.01
273.009
273.009
273.008
273.007
273.007
273.006
273.005
273.005
273.004
273.003
273.003
273.002
273.002
273.002
273.014
273.014
273.014
273.014
273.014
273.014
273.014
273.013
273.013
273.013
273.012
273.012
273.011
273.011
273.01
273.009
273.008
273.007
273.006
273.005
273.004
273.003
273.002
273.016
273.016
273.016
273.016
273.016
273.016
273.016
273.016
273.016
273.015
273.015
273.015
273.014
273.014
273.013
273.013
273.012
273.011
273.01
273.009
273.007
273.006
273.004
273.018
273.018
273.018
273.018
273.018
273.017
273.017
273.017
273.017
273.017
273.017
273.017
273.017
273.016
273.016
273.016
273.015
273.014
273.014
273.013
273.012
273.01
273.008
273.018
273.018
273.018
273.018
273.018
273.018
273.018
273.018
273.018
273.018
273.018
273.018
273.018
273.018
273.017
273.017
273.017
273.017
273.016
273.015
273.015
273.014
273.013
273.019
273.019
273.019
273.019
273.019
273.019
273.019
273.019
273.019
273.019
273.019
273.019
273.018
273.018
273.018
273.018
273.018
273.017
273.017
273.017
273.016
273.016
273.015
273.019
273.019
273.019
273.019
273.019
273.019
273.019
273.019
273.019
273.019
273.019
273.019
273.019
273.018
273.018
273.018
273.018
273.017
273.017
273.017
273.016
273.016
273.015
273.019
273.019
273.019
273.019
273.019
273.019
273.019
273.019
273.019
273.019
273.019
273.018
273.018
273.018
273.018
273.018
273.017
273.017
273.017
273.016
273.016
273.015
273.015
273.018
273.018
273.018
273.018
273.018
273.018
273.018
273.018
273.018
273.018
273.018
273.018
273.017
273.017
273.017
273.017
273.016
273.016
273.015
273.015
273.014
273.014
273.013
273.017
273.017
273.017
273.017
273.017
273.017
273.017
273.017
273.017
273.017
273.016
273.016
273.016
273.016
273.015
273.015
273.015
273.014
273.013
273.012
273.011
273.01
273.008
273.016
273.016
273.016
273.016
273.015
273.015
273.015
273.015
273.015
273.015
273.015
273.015
273.015
273.014
273.014
273.014
273.013
273.012
273.011
273.01
273.007
273.005
273.005
273.014
273.014
273.014
273.014
273.014
273.014
273.014
273.014
273.014
273.014
273.014
273.014
273.014
273.013
273.013
273.013
273.012
273.011
273.009
273.006
273.004
273.004
273.004
273.013
273.013
273.013
273.013
273.013
273.013
273.013
273.013
273.013
273.013
273.013
273.013
273.013
273.012
273.012
273.011
273.01
273.009
273.005
273.003
273.003
273.005
273.008
273.012
273.012
273.012
273.012
273.012
273.012
273.012
273.012
273.012
273.012
273.012
273.012
273.012
273.012
273.011
273.01
273.009
273.006
273.003
273.003
273.006
273.012
273.016
273.011
273.011
273.011
273.011
273.011
273.011
273.011
273.011
273.011
273.011
273.011
273.011
273.011
273.011
273.01
273.009
273.006
273.003
273.002
273.006
273.015
273.021
273.023
273.01
273.01
273.01
273.01
273.01
273.01
273.01
273.01
273.01
273.01
273.01
273.01
273.01
273.01
273.009
273.007
273.004
273.002
273.004
273.014
273.025
273.031
273.029
273.009
273.009
273.009
273.009
273.009
273.009
273.009
273.009
273.009
273.009
273.009
273.009
273.009
273.008
273.008
273.005
273.002
273.002
273.007
273.024
273.036
273.039
273.03
273.007
273.007
273.007
273.007
273.007
273.007
273.007
273.007
273.007
273.007
273.007
273.007
273.007
273.006
273.005
273.003
273.001
273.003
273.016
273.036
273.045
273.044
273.029
273.005
273.005
273.005
273.005
273.005
273.005
273.005
273.005
273.005
273.005
273.005
273.005
273.004
273.003
273.002
273
272.999
273.003
273.024
273.046
273.053
273.045
273.029
273.003
273.003
273.003
273.003
273.003
273.003
273.002
273.002
273.002
273.002
273.001
273.001
273
272.999
272.997
272.996
272.998
273.011
273.04
273.057
273.059
273.045
273.029
273.001
273.001
273.001
273
273
273
273
273
272.999
272.999
272.998
272.997
272.995
272.993
272.989
272.987
272.994
273.024
273.054
273.064
273.062
273.045
273.029
273
273
273
273.011
273
273
273
273
272.999
272.999
272.999
272.999
272.992
272.993
272.993
272.993
272.982
272.982
272.982
272.982
272.984
272.98
272.978
272.977
272.995
272.989
272.986
272.985
273.003
273.002
273.002
273
273.004
273.004
273.004
273.003
273.004
273.004
273.004
273.003
273.003
273.003
273.003
273.003
273.003
273.003
273.003
273.003
273.003
273.003
273.002
273.003
273.002
273.002
273.002
273.002
273.002
273.002
273.002
273.002
273.002
273.002
273.002
273.002
273.002
273.001
273.001
273.001
273.001
273.001
273.001
273.001
273.001
273.001
273.001
273.001
273.001
273.001
273.001
273.001
273.001
273.001
273.001
273.001
273.001
273.001
273.001
273.001
273.002
273.002
273.002
273.001
273.003
273.003
273.003
273.002
273.007
273.006
273.005
273.004
273.012
273.011
273.01
273.009
273.014
273.014
273.013
273.013
273.015
273.015
273.014
273.014
273.015
273.014
273.014
273.014
273.012
273.012
273.012
273.011
273.007
273.007
273.007
273.006
273.004
273.004
273.004
273.004
273.005
273.005
273.006
273.006
273.01
273.01
273.01
273.009
273.016
273.014
273.012
273.011
273.019
273.016
273.014
273.012
273.02
273.017
273.014
273.012
273.021
273.017
273.014
273.012
273.021
273.017
273.014
273.012
273.021
273.017
273.014
273.012
273.021
273.017
273.014
273.012
273.021
273.017
273.014
273.012
273.239
273.197
273.127
273.019
272.979
272.976
272.954
272.964
273.072
273.103
273.158
273.269
273.239
273.173
273.175
273.193
273.201
273.294
273.17
273.022
273.013
272.988
272.986
272.995
272.989
272.95
272.99
273.034
273.173
273.188
273.261
273.203
273.158
273.173
273.194
273.203
273.384
273.183
273
272.998
272.996
272.996
273.001
272.993
272.944
273.109
273.121
273.198
273.208
273.23
273.163
273.156
273.172
273.193
273.208
273.32
273.191
272.994
272.994
272.994
272.994
273
272.995
272.945
273.121
273.185
273.225
273.209
273.196
273.149
273.159
273.176
273.192
273.227
273.386
273.208
272.983
272.983
272.984
272.984
272.994
272.995
273
273.154
273.208
273.228
273.21
273.18
273.149
273.162
273.179
273.191
273.269
273.421
273.215
272.974
272.977
272.978
272.98
272.988
272.995
273.042
273.169
273.207
273.225
273.213
273.18
273.156
273.166
273.184
273.194
273.331
273.447
273.216
272.985
272.986
272.988
272.987
272.988
273.003
273.096
273.194
273.211
273.21
273.214
273.175
273.166
273.172
273.188
273.207
273.394
273.471
273.206
272.996
272.995
272.997
272.997
272.995
273.007
273.131
273.334
273.23
273.188
273.206
273.173
273.175
273.185
273.203
273.241
273.5
273.5
273.173
273.002
273.001
273.002
273.002
273.004
273.002
273.068
273.209
273.006
273.193
273.193
273.197
273.257
273.277
273.282
273.347
273.549
273.505
273.144
273.003
273.002
273.007
273.013
273.014
273.009
273.019
273.115
273.221
273.301
273.422
273.302
273.459
273.336
273.354
273.322
273.434
273.294
273.101
273.003
273.004
273.017
273.029
273.027
273.023
273.021
273.048
273.164
273.228
273.257
273.32
273.428
273.461
273.445
273.4
273.304
273.16
273.064
273.004
273.011
273.027
273.035
273.028
273.027
273.036
273.063
273.105
273.124
273.116
273.123
273.121
273.17
273.182
273.162
273.125
273.077
273.047
273.003
273.012
273.021
273.023
273.011
273.006
273.006
273.009
273.01
273.011
273.013
273.023
273.039
273.053
273.06
273.056
273.044
273.042
273.039
273.002
273.007
273.018
273.02
273.01
273.002
272.999
273.001
273.002
273.007
273.014
273.024
273.032
273.036
273.039
273.037
273.028
273.032
273.037
273.002
273.004
273.011
273.018
273.017
273.004
273.002
273.006
273.011
273.016
273.024
273.043
273.064
273.08
273.093
273.094
273.05
273.023
273.037
273.001
273.002
273.005
273.014
273.016
273.005
273.005
273.009
273.012
273.016
273.025
273.045
273.07
273.093
273.123
273.138
273.117
273.026
273.038
273.001
273.001
273.002
273.009
273.016
273.008
273.004
273.005
273.007
273.007
273.008
273.015
273.03
273.06
273.095
273.141
273.153
273.066
273.043
273.001
273.001
273.001
273.004
273.012
273.011
273.008
273.007
273.007
273.007
273.005
273.005
273.008
273.018
273.041
273.113
273.166
273.14
273.057
273.001
273.001
273.001
273.002
273.005
273.009
273.009
273.009
273.009
273.008
273.006
273.003
273.003
273.007
273.022
273.077
273.145
273.165
273.11
273.001
273.001
273.001
273.001
273.002
273.004
273.007
273.007
273.007
273.006
273.005
273.003
273.002
273.003
273.011
273.035
273.072
273.118
273.148
273.001
273.001
273.001
273.001
273.001
273.001
273.003
273.004
273.004
273.003
273.003
273.002
273.002
273.002
273.003
273.007
273.01
273.028
273.062
273.001
273.001
273.001
273
273
273.001
273.001
273.001
273.002
273.002
273.001
273.001
273.001
273.001
273.001
273.001
273.002
273.007
273.033
273.001
273.001
273.001
273
273
273
273
273.001
273.001
273.001
273.001
273.001
273.001
273.001
273.001
273.002
273.006
273.007
273.022
273.002
273.001
273.001
273.001
273
273
273
273
273
273.001
273.001
273.001
273.001
273.001
273.001
273.008
273.021
273.027
273.016
273.003
273.002
273.001
273.001
273
273
273
273
273
273
273
273.001
273
273.001
273.003
273.019
273.031
273.048
273.024
273.007
273.005
273.003
273.002
273.001
273
273
273
273
273
273
273
273
273
273.007
273.018
273.024
273.043
273.038
273.011
273.009
273.006
273.003
273.002
273.001
273
273
273
273
273
273
273
273.001
273.006
272.99
272.987
273.009
273.039
273.013
273.012
273.01
273.007
273.004
273.002
273.001
273
273
273
273
273
273
273.001
272.999
272.972
272.97
272.973
273.039
273.013
273.012
273.011
273.009
273.007
273.004
273.001
273
273
273
272.999
273
272.999
273.001
272.99
272.97
272.978
272.945
273.029
273.011
273.011
273.01
273.009
273.008
273.006
273.003
273.001
273
273
272.999
272.999
272.999
273.001
272.988
273.003
273.031
272.933
273.015
273.006
273.006
273.006
273.006
273.006
273.005
273.003
273.001
273
272.999
272.999
272.999
272.999
273.001
272.989
273.021
273.059
272.965
273.004
273.004
273.004
273.004
273.003
273.003
273.003
273.002
273.001
273
272.999
272.999
272.999
272.999
273.001
272.993
273.028
273.073
273.007
273.001
273.006
273.006
273.006
273.005
273.004
273.002
273.001
273.001
273
272.999
272.999
272.999
272.999
273
272.996
273.03
273.079
273.05
273.005
273.008
273.008
273.007
273.007
273.006
273.004
273.002
273.001
272.999
272.999
272.999
272.999
272.999
273
272.998
273.028
273.081
273.092
273.018
273.009
273.007
273.006
273.007
273.008
273.006
273.004
273.001
273
272.999
272.999
272.998
272.999
273
272.999
273.015
273.077
273.113
273.031
273.009
273.007
273.006
273.007
273.008
273.008
273.006
273.002
273
272.999
272.999
272.998
272.999
273
273
273.009
273.068
273.12
273.043
273.009
273.007
273.006
273.007
273.009
273.009
273.007
273.004
273.001
272.999
272.999
272.999
272.999
273
273.001
273.008
273.065
273.121
273.056
273.009
273.007
273.006
273.007
273.008
273.008
273.008
273.005
273.002
273
272.999
272.999
272.999
273
273.002
273.009
273.064
273.12
273.071
273.009
273.007
273.007
273.007
273.008
273.008
273.008
273.006
273.003
273.001
273
272.999
272.999
273
273.002
273.01
273.061
273.114
273.084
273.01
273.008
273.007
273.007
273.008
273.008
273.007
273.006
273.004
273.002
273
272.999
273
273
273.001
273.013
273.061
273.108
273.095
273.01
273.008
273.008
273.008
273.008
273.009
273.008
273.007
273.005
273.002
273.001
273
273
273
273
273.009
273.051
273.099
273.115
273.01
273.008
273.008
273.009
273.009
273.009
273.009
273.007
273.006
273.004
273.002
273.001
273
272.999
272.999
273.016
273.059
273.102
273.116
)
;

boundaryField
{
    leftWall
    {
        type            zeroGradient;
    }
    rightWall
    {
        type            zeroGradient;
    }
    lowerWall
    {
        type            zeroGradient;
    }
    atmosphere
    {
        type            zeroGradient;
    }
    defaultFaces
    {
        type            empty;
    }
}


// ************************************************************************* //
