/*--------------------------------*- C++ -*----------------------------------*\
| =========                 |                                                 |
| \\      /  F ield         | OpenFOAM: The Open Source CFD Toolbox           |
|  \\    /   O peration     | Version:  2012                                  |
|   \\  /    A nd           | Website:  www.openfoam.com                      |
|    \\/     M anipulation  |                                                 |
\*---------------------------------------------------------------------------*/
FoamFile
{
    version     2.0;
    format      ascii;
    class       volScalarField;
    location    "0.53";
    object      p;
}
// * * * * * * * * * * * * * * * * * * * * * * * * * * * * * * * * * * * * * //

dimensions      [1 -1 -2 0 0 0 0];


internalField   nonuniform List<scalar> 
2268
(
101932
101933
101936
101939
101944
101950
101958
101967
101979
101992
102009
102027
102047
102069
102093
102118
102145
102169
102196
102217
102241
102254
102265
101873
101874
101876
101880
101884
101891
101899
101908
101920
101933
101949
101967
101988
102010
102034
102059
102086
102110
102138
102159
102183
102197
102209
101813
101814
101816
101820
101824
101831
101838
101848
101860
101873
101889
101907
101928
101950
101975
101999
102027
102051
102079
102100
102124
102138
102149
101753
101754
101756
101760
101764
101771
101778
101788
101799
101813
101829
101847
101868
101890
101915
101940
101968
101993
102022
102044
102070
102085
102099
101692
101693
101695
101698
101703
101709
101717
101726
101738
101752
101768
101786
101807
101830
101855
101880
101908
101933
101962
101983
102009
102022
102037
101631
101632
101634
101638
101642
101648
101656
101665
101677
101690
101706
101725
101746
101769
101794
101821
101850
101877
101907
101931
101959
101977
101994
101568
101569
101572
101575
101579
101585
101593
101602
101614
101628
101644
101663
101685
101708
101734
101760
101790
101816
101846
101867
101896
101906
101927
101507
101508
101510
101513
101518
101523
101531
101540
101551
101565
101581
101600
101621
101646
101672
101701
101732
101760
101792
101817
101850
101869
101894
101860
101859
101851
101861
101863
101861
101858
101860
101857
101853
101859
101865
101874
101878
101886
101919
102036
102450
103078
101858
101855
101851
101851
101850
101850
101848
101850
101847
101837
101835
101841
101844
101843
101843
101847
101917
102302
102933
101857
101856
101852
101854
101852
101851
101849
101851
101844
101833
101831
101829
101830
101830
101830
101832
101858
102153
102736
101856
101855
101852
101852
101850
101849
101846
101849
101839
101833
101830
101829
101829
101829
101829
101830
101842
101988
102568
101856
101856
101853
101854
101852
101850
101847
101847
101837
101832
101829
101828
101829
101829
101829
101829
101834
101881
102336
101855
101855
101853
101852
101850
101848
101845
101844
101835
101832
101829
101828
101828
101828
101829
101829
101831
101837
102148
101855
101855
101854
101855
101843
101843
101844
101842
101832
101831
101828
101827
101828
101829
101829
101829
101830
101833
101988
101855
101855
101853
101848
101839
101838
101834
101835
101830
101830
101827
101827
101828
101828
101829
101829
101830
101829
101878
101414
101414
101416
101419
101422
101427
101434
101442
101453
101467
101484
101503
101525
101550
101576
101604
101638
101664
101697
101715
101750
101741
101767
101340
101340
101341
101342
101343
101344
101347
101349
101354
101359
101367
101379
101395
101416
101444
101477
101513
101547
101581
101614
101648
101665
101707
101327
101327
101327
101327
101327
101327
101327
101327
101327
101327
101327
101330
101333
101339
101349
101367
101395
101423
101457
101489
101519
101540
101582
101327
101327
101327
101327
101327
101327
101327
101327
101327
101327
101327
101327
101327
101327
101327
101329
101334
101345
101366
101393
101415
101437
101472
101327
101327
101327
101327
101327
101327
101327
101327
101327
101327
101327
101327
101327
101327
101327
101327
101327
101327
101330
101334
101343
101355
101374
101326
101326
101326
101326
101326
101326
101326
101326
101326
101327
101327
101327
101327
101327
101327
101327
101327
101327
101327
101327
101327
101328
101329
101326
101326
101326
101326
101326
101326
101326
101326
101326
101326
101326
101326
101326
101326
101326
101327
101327
101327
101327
101327
101327
101327
101327
101326
101326
101326
101326
101326
101326
101326
101326
101326
101326
101326
101326
101326
101326
101326
101326
101326
101326
101327
101327
101327
101327
101327
101326
101326
101326
101326
101326
101326
101326
101326
101326
101326
101326
101326
101326
101326
101326
101326
101326
101326
101326
101326
101326
101327
101327
101326
101326
101326
101326
101326
101326
101326
101326
101326
101326
101326
101326
101326
101326
101326
101326
101326
101326
101326
101326
101326
101326
101326
101325
101325
101325
101325
101325
101325
101325
101325
101325
101326
101326
101326
101326
101326
101326
101326
101326
101326
101326
101326
101326
101326
101326
101325
101325
101325
101325
101325
101325
101325
101325
101325
101325
101325
101325
101325
101325
101325
101326
101326
101326
101326
101326
101326
101326
101326
101325
101325
101325
101325
101325
101325
101325
101325
101325
101325
101325
101325
101325
101325
101325
101325
101325
101325
101325
101326
101326
101326
101326
101325
101325
101325
101325
101325
101325
101325
101325
101325
101325
101325
101325
101325
101325
101325
101325
101325
101325
101325
101325
101325
101325
101326
101325
101325
101325
101325
101325
101325
101325
101325
101325
101325
101325
101325
101325
101325
101325
101325
101325
101325
101325
101325
101325
101325
101325
101324
101324
101324
101324
101324
101324
101324
101324
101324
101324
101324
101324
101324
101325
101325
101325
101325
101325
101325
101325
101325
101325
101325
101324
101324
101324
101324
101324
101324
101324
101324
101324
101324
101324
101324
101324
101324
101324
101324
101324
101324
101324
101325
101325
101325
101325
101324
101324
101324
101324
101324
101324
101324
101324
101324
101324
101324
101324
101324
101324
101324
101324
101324
101324
101324
101324
101324
101324
101324
101324
101324
101324
101324
101324
101324
101324
101324
101324
101324
101324
101324
101324
101324
101324
101324
101324
101324
101324
101324
101324
101324
101324
101323
101323
101323
101323
101323
101323
101323
101323
101323
101323
101323
101324
101324
101324
101324
101324
101324
101324
101324
101324
101324
101324
101324
101323
101323
101323
101323
101323
101323
101323
101323
101323
101323
101323
101323
101323
101323
101323
101323
101323
101323
101323
101323
101323
101324
101324
101323
101323
101323
101323
101323
101323
101323
101323
101323
101323
101323
101323
101323
101323
101323
101323
101323
101323
101323
101323
101323
101323
101323
101323
101323
101323
101323
101323
101323
101323
101323
101323
101323
101323
101323
101323
101323
101323
101323
101323
101323
101323
101323
101323
101323
101323
101322
101322
101322
101322
101322
101322
101322
101322
101322
101322
101323
101323
101323
101323
101323
101323
101323
101323
101323
101323
101323
101323
101323
101322
101322
101322
101322
101322
101322
101322
101322
101322
101322
101322
101322
101322
101322
101322
101322
101322
101322
101322
101322
101322
101322
101322
101322
101322
101322
101322
101322
101322
101322
101322
101322
101322
101322
101322
101322
101322
101322
101322
101322
101322
101322
101322
101322
101322
101322
101322
101322
101322
101322
101322
101322
101322
101322
101322
101322
101322
101322
101322
101322
101322
101322
101322
101322
101322
101322
101322
101322
101322
101321
101321
101321
101321
101321
101321
101321
101321
101321
101321
101321
101322
101322
101322
101322
101322
101322
101322
101322
101321
101321
101321
101321
101321
101321
101321
101321
101321
101321
101321
101321
101321
101321
101321
101321
101321
101321
101321
101321
101321
101321
101321
101321
101321
101321
101321
101321
101321
101321
101321
101321
101321
101321
101321
101321
101321
101321
101321
101321
101321
101321
101321
101321
101321
101321
101321
101321
101321
101321
101321
101321
101321
101321
101321
101321
101321
101321
101321
101321
101321
101321
101321
101321
101321
101321
101321
101321
101321
101321
101321
101320
101320
101320
101320
101320
101320
101320
101320
101320
101320
101320
101320
101320
101320
101320
101320
101320
101320
101320
101320
101320
101320
101320
101320
101320
101320
101320
101320
101320
101320
101320
101320
101320
101320
101320
101320
101320
101320
101320
101320
101320
101320
101320
101320
101320
101320
101320
101320
101320
101320
101320
101320
101320
101320
101320
101320
101320
101320
101320
101320
101320
101320
101320
101320
101320
101320
101320
101320
101320
101320
101320
101320
101320
101320
101320
101320
101320
101320
101320
101320
101320
101320
101320
101320
101320
101320
101320
101320
101320
101320
101320
101320
101319
101319
101319
101319
101319
101319
101319
101319
101319
101319
101319
101319
101319
101319
101319
101319
101319
101319
101319
101320
101320
101320
101320
101319
101319
101319
101319
101319
101319
101319
101319
101319
101319
101319
101319
101319
101319
101319
101319
101319
101319
101319
101319
101319
101319
101319
101319
101319
101319
101319
101319
101319
101319
101319
101319
101319
101319
101319
101319
101319
101319
101319
101319
101319
101319
101319
101319
101319
101319
101319
101319
101319
101319
101319
101319
101319
101319
101319
101319
101319
101319
101319
101319
101319
101319
101319
101319
101319
101319
101319
101319
101319
101319
101319
101318
101318
101318
101318
101318
101318
101318
101318
101318
101318
101318
101318
101318
101318
101318
101318
101319
101319
101319
101319
101319
101319
101319
101318
101318
101318
101318
101318
101318
101318
101318
101318
101318
101318
101318
101318
101318
101318
101318
101318
101318
101318
101318
101318
101318
101318
101318
101318
101318
101318
101318
101318
101318
101318
101318
101318
101318
101318
101318
101318
101318
101318
101318
101318
101318
101318
101318
101318
101318
101673
101784
101769
101822
101690
101707
101709
101726
101575
101599
101604
101625
101479
101490
101500
101510
101387
101393
101400
101408
101331
101333
101335
101338
101327
101327
101327
101328
101327
101327
101327
101327
101327
101327
101327
101327
101327
101327
101327
101327
101326
101326
101326
101327
101326
101326
101326
101326
101326
101326
101326
101326
101326
101326
101326
101326
101325
101325
101325
101325
101325
101325
101325
101325
101325
101325
101325
101325
101324
101324
101325
101325
101324
101324
101324
101324
101324
101324
101324
101324
101324
101324
101324
101324
101323
101323
101323
101323
101323
101323
101323
101323
101323
101323
101323
101323
101322
101322
101322
101322
101322
101322
101322
101322
101322
101322
101322
101322
101321
101321
101321
101321
101321
101321
101321
101321
101321
101321
101321
101320
101320
101320
101320
101320
101320
101320
101320
101320
101320
101319
101319
101319
101319
101319
101319
101319
101319
101319
101319
101318
101319
101319
101319
101318
101319
101319
101318
101318
101319
101319
101319
101318
101319
101318
101318
101318
101319
101319
101319
101318
101318
101318
101318
101318
101318
101318
101318
101318
101834
101849
101830
101816
101831
101827
101829
101830
101828
101829
101827
101827
101828
101828
101829
101828
101830
101828
101831
101752
101786
101777
101782
101801
101820
101827
101824
101828
101827
101827
101827
101828
101828
101829
101829
101829
101829
101830
101646
101677
101700
101734
101772
101814
101827
101823
101827
101827
101829
101827
101829
101828
101829
101829
101830
101829
101830
101532
101564
101602
101646
101723
101804
101828
101824
101828
101826
101829
101828
101829
101828
101829
101829
101829
101829
101831
101423
101450
101489
101556
101631
101757
101828
101824
101828
101827
101830
101828
101829
101829
101829
101829
101829
101829
101842
101343
101355
101372
101417
101525
101662
101824
101825
101829
101827
101829
101828
101829
101828
101829
101828
101829
101829
101869
101328
101328
101328
101333
101378
101496
101711
101816
101828
101827
101830
101828
101829
101828
101829
101828
101829
101829
101927
101327
101328
101328
101328
101330
101359
101499
101709
101825
101827
101827
101828
101828
101828
101829
101828
101829
101844
101991
101327
101327
101328
101327
101329
101328
101350
101468
101667
101799
101825
101828
101828
101828
101829
101828
101825
101904
102082
101327
101327
101327
101328
101328
101329
101328
101332
101430
101605
101738
101793
101804
101805
101798
101785
101862
101962
102115
101327
101327
101327
101327
101327
101327
101327
101329
101343
101477
101632
101715
101726
101706
101707
101748
101778
101888
102012
101326
101327
101327
101327
101327
101327
101328
101327
101335
101383
101572
101630
101642
101631
101650
101658
101723
101754
101860
101326
101326
101326
101327
101327
101326
101326
101328
101340
101434
101579
101644
101633
101590
101590
101634
101633
101667
101718
101326
101326
101326
101326
101326
101325
101324
101324
101325
101342
101375
101427
101474
101518
101589
101606
101642
101623
101656
101326
101326
101326
101326
101325
101325
101324
101324
101324
101323
101324
101340
101362
101412
101471
101526
101541
101533
101551
101325
101325
101325
101325
101325
101325
101324
101323
101323
101323
101324
101323
101325
101337
101369
101427
101485
101471
101505
101325
101325
101325
101325
101325
101324
101324
101323
101323
101322
101323
101323
101325
101324
101325
101336
101377
101374
101417
101325
101325
101325
101324
101324
101324
101323
101323
101322
101322
101323
101323
101324
101324
101325
101327
101337
101347
101386
101324
101324
101324
101324
101324
101324
101323
101323
101323
101323
101323
101323
101324
101324
101325
101325
101329
101327
101362
101324
101324
101324
101324
101324
101323
101323
101323
101323
101323
101323
101323
101324
101324
101325
101325
101326
101331
101372
101324
101324
101324
101323
101323
101323
101323
101323
101323
101323
101323
101323
101324
101324
101325
101324
101325
101328
101341
101323
101323
101323
101323
101323
101323
101323
101323
101323
101323
101323
101323
101324
101324
101325
101324
101325
101325
101337
101323
101323
101323
101323
101323
101323
101323
101323
101323
101323
101323
101323
101324
101324
101325
101324
101325
101324
101326
101323
101323
101323
101322
101322
101322
101322
101322
101323
101323
101323
101323
101324
101324
101325
101324
101325
101324
101325
101322
101322
101322
101322
101322
101322
101322
101322
101323
101323
101323
101323
101324
101324
101325
101324
101325
101324
101325
101322
101322
101322
101322
101322
101322
101322
101322
101322
101322
101323
101323
101324
101323
101325
101324
101325
101324
101325
101322
101321
101321
101321
101321
101321
101322
101322
101322
101322
101323
101323
101324
101323
101325
101324
101326
101324
101326
101321
101321
101321
101321
101321
101321
101321
101321
101321
101322
101322
101322
101323
101323
101324
101325
101325
101324
101324
101321
101321
101321
101320
101320
101320
101321
101321
101321
101321
101322
101322
101323
101323
101324
101324
101325
101323
101324
101320
101320
101320
101320
101320
101320
101320
101320
101320
101321
101321
101321
101322
101320
101323
101322
101322
101311
101329
101320
101320
101319
101319
101319
101319
101319
101319
101320
101320
101320
101320
101320
101320
101319
101320
101319
101312
101327
101319
101319
101318
101318
101318
101318
101318
101318
101319
101319
101319
101319
101319
101318
101316
101318
101319
101321
101343
101319
101318
101318
101317
101317
101317
101317
101317
101318
101318
101318
101319
101318
101318
101316
101317
101316
101318
101323
101318
101318
101317
101316
101315
101315
101315
101316
101316
101317
101317
101318
101317
101317
101315
101317
101316
101317
101327
101318
101317
101316
101315
101314
101314
101314
101315
101316
101317
101316
101317
101316
101316
101314
101316
101315
101316
101324
101318
101317
101315
101313
101312
101313
101313
101314
101315
101316
101316
101317
101316
101316
101314
101316
101316
101315
101319
101318
101316
101315
101313
101312
101312
101313
101314
101315
101316
101316
101317
101316
101316
101315
101317
101316
101318
101317
101318
101317
101315
101314
101313
101313
101313
101314
101315
101316
101316
101317
101317
101317
101316
101317
101317
101318
101317
101318
101317
101316
101315
101315
101315
101315
101315
101316
101317
101317
101317
101317
101318
101318
101318
101317
101318
101318
101318
101317
101317
101316
101316
101316
101316
101316
101316
101317
101317
101317
101317
101318
101317
101318
101318
101318
101320
101317
101317
101317
101317
101317
101317
101317
101317
101317
101318
101318
101318
101318
101319
101318
101318
101318
101319
101314
101318
101318
101317
101317
101317
101317
101317
101317
101317
101317
101317
101317
101317
101317
101317
101317
101316
101318
101311
)
;

boundaryField
{
    leftWall
    {
        type            zeroGradient;
    }
    rightWall
    {
        type            zeroGradient;
    }
    lowerWall
    {
        type            zeroGradient;
    }
    atmosphere
    {
        type            fixedValue;
        value           uniform 101325;
    }
    defaultFaces
    {
        type            empty;
    }
}


// ************************************************************************* //
