/*--------------------------------*- C++ -*----------------------------------*\
| =========                 |                                                 |
| \\      /  F ield         | OpenFOAM: The Open Source CFD Toolbox           |
|  \\    /   O peration     | Version:  2012                                  |
|   \\  /    A nd           | Website:  www.openfoam.com                      |
|    \\/     M anipulation  |                                                 |
\*---------------------------------------------------------------------------*/
FoamFile
{
    version     2.0;
    format      ascii;
    class       surfaceScalarField;
    location    "0.53";
    object      phi;
}
// * * * * * * * * * * * * * * * * * * * * * * * * * * * * * * * * * * * * * //

dimensions      [0 3 -1 0 0 0 0];
oriented        oriented;


internalField   nonuniform List<scalar> 
4432
(
2.03478e-06
-2.03477e-06
4.16586e-06
-2.13108e-06
6.10129e-06
-1.93543e-06
7.86843e-06
-1.76714e-06
9.5854e-06
-1.71697e-06
1.14547e-05
-1.86926e-06
1.30172e-05
-1.56252e-06
1.42759e-05
-1.2587e-06
1.54608e-05
-1.18489e-06
1.63237e-05
-8.6294e-07
1.69108e-05
-5.8714e-07
1.72751e-05
-3.6426e-07
1.75182e-05
-2.43089e-07
1.7513e-05
5.179e-09
1.7141e-05
3.71968e-07
1.64986e-05
6.42486e-07
1.55731e-05
9.25444e-07
1.43924e-05
1.18072e-06
1.28783e-05
1.51411e-06
1.0779e-05
2.09921e-06
8.19957e-06
2.57945e-06
4.89888e-06
3.30068e-06
4.8988e-06
2.0216e-06
-4.05637e-06
4.15902e-06
-4.2685e-06
6.12102e-06
-3.89743e-06
7.91251e-06
-3.55864e-06
9.63854e-06
-3.44299e-06
1.14907e-05
-3.72139e-06
1.3039e-05
-3.11082e-06
1.43135e-05
-2.53326e-06
1.55369e-05
-2.40825e-06
1.63541e-05
-1.68018e-06
1.69527e-05
-1.18576e-06
1.73818e-05
-7.93302e-07
1.75643e-05
-4.25625e-07
1.75169e-05
5.25558e-08
1.71428e-05
7.46055e-07
1.65193e-05
1.26598e-06
1.56244e-05
1.8204e-06
1.44039e-05
2.40122e-06
1.27639e-05
3.15409e-06
1.04377e-05
4.42539e-06
7.46404e-06
5.5531e-06
3.52307e-06
7.24164e-06
8.42179e-06
2.01124e-06
-6.06762e-06
4.16547e-06
-6.42273e-06
6.15967e-06
-5.89164e-06
7.98821e-06
-5.38717e-06
9.72999e-06
-5.18477e-06
1.15429e-05
-5.53427e-06
1.30582e-05
-4.62613e-06
1.43805e-05
-3.8556e-06
1.56055e-05
-3.63328e-06
1.64453e-05
-2.51995e-06
1.7101e-05
-1.84144e-06
1.75773e-05
-1.2696e-06
1.77405e-05
-5.88845e-07
1.76529e-05
1.40145e-07
1.73282e-05
1.07072e-06
1.67915e-05
1.80276e-06
1.60049e-05
2.60691e-06
1.49443e-05
3.46183e-06
1.34975e-05
4.6009e-06
1.13921e-05
6.53081e-06
8.64209e-06
8.30309e-06
4.56138e-06
1.13223e-05
1.29831e-05
2.00891e-06
-8.07652e-06
4.19223e-06
-8.60605e-06
6.21433e-06
-7.91375e-06
8.08795e-06
-7.26079e-06
9.8648e-06
-6.96162e-06
1.16476e-05
-7.31709e-06
1.31413e-05
-6.11986e-06
1.4528e-05
-5.24231e-06
1.57573e-05
-4.86249e-06
1.66078e-05
-3.37053e-06
1.72896e-05
-2.52317e-06
1.77071e-05
-1.68711e-06
1.7805e-05
-6.86782e-07
1.7669e-05
2.7613e-07
1.73367e-05
1.40307e-06
1.68152e-05
2.32419e-06
1.60283e-05
3.39388e-06
1.48872e-05
4.60288e-06
1.33834e-05
6.10471e-06
1.1246e-05
8.6682e-06
8.52465e-06
1.10244e-05
4.31291e-06
1.55341e-05
1.72959e-05
2.03669e-06
-1.01132e-05
4.22011e-06
-1.07895e-05
6.26787e-06
-9.96151e-06
8.19625e-06
-9.18916e-06
1.00161e-05
-8.78151e-06
1.17599e-05
-9.06082e-06
1.32342e-05
-7.59416e-06
1.46932e-05
-6.70135e-06
1.59245e-05
-6.0938e-06
1.68043e-05
-4.25031e-06
1.7549e-05
-3.26791e-06
1.80023e-05
-2.1404e-06
1.81414e-05
-8.2587e-07
1.80593e-05
3.58246e-07
1.77468e-05
1.71557e-06
1.72687e-05
2.80233e-06
1.6615e-05
4.04755e-06
1.56969e-05
5.52096e-06
1.44317e-05
7.36987e-06
1.25631e-05
1.05368e-05
1.01193e-05
1.34683e-05
5.83316e-06
1.98201e-05
2.31291e-05
2.09413e-06
-1.22073e-05
4.23757e-06
-1.29329e-05
6.32307e-06
-1.2047e-05
8.31776e-06
-1.11839e-05
1.02053e-05
-1.06691e-05
1.19443e-05
-1.07998e-05
1.34479e-05
-9.0977e-06
1.49864e-05
-8.23987e-06
1.6201e-05
-7.30837e-06
1.70599e-05
-5.1092e-06
1.78278e-05
-4.03583e-06
1.82151e-05
-2.52777e-06
1.82594e-05
-8.7018e-07
1.81021e-05
5.15595e-07
1.77443e-05
2.07334e-06
1.72696e-05
3.27703e-06
1.66437e-05
4.67343e-06
1.57149e-05
6.44976e-06
1.44727e-05
8.61209e-06
1.25802e-05
1.24292e-05
1.01847e-05
1.58639e-05
5.80092e-06
2.42039e-05
2.893e-05
2.18486e-06
-1.43922e-05
4.27243e-06
-1.50205e-05
6.38404e-06
-1.41586e-05
8.45365e-06
-1.32535e-05
1.04019e-05
-1.26174e-05
1.2125e-05
-1.25229e-05
1.36619e-05
-1.06346e-05
1.52436e-05
-9.82163e-06
1.64329e-05
-8.49759e-06
1.73757e-05
-6.052e-06
1.8214e-05
-4.87421e-06
1.86779e-05
-2.99163e-06
1.8818e-05
-1.01024e-06
1.87306e-05
6.02987e-07
1.83504e-05
2.45346e-06
1.78488e-05
3.77868e-06
1.7342e-05
5.1802e-06
1.66932e-05
7.09853e-06
1.58294e-05
9.47594e-06
1.44456e-05
1.3813e-05
1.26259e-05
1.76836e-05
8.14193e-06
2.86878e-05
3.70719e-05
2.26444e-06
-1.66566e-05
4.33586e-06
-1.70919e-05
6.46202e-06
-1.62848e-05
8.61118e-06
-1.54026e-05
1.06344e-05
-1.46406e-05
1.23914e-05
-1.428e-05
1.4024e-05
-1.22671e-05
1.56239e-05
-1.14216e-05
1.67844e-05
-9.65807e-06
1.78224e-05
-7.09006e-06
1.86344e-05
-5.68616e-06
1.9001e-05
-3.35821e-06
1.90642e-05
-1.07343e-06
1.8831e-05
8.36118e-07
1.83736e-05
2.91086e-06
1.78669e-05
4.28541e-06
1.74405e-05
5.6066e-06
1.68614e-05
7.67761e-06
1.60874e-05
1.02499e-05
1.4714e-05
1.51864e-05
1.30349e-05
1.93627e-05
8.70283e-06
3.30198e-05
4.57747e-05
-0.000104691
0.000103515
-0.000200623
9.47047e-05
-0.000222917
2.07896e-05
-0.000221554
-2.61727e-06
-0.000217035
-5.58456e-06
-0.000206904
-1.11938e-05
-0.000192793
-1.51967e-05
-0.000181114
-1.27798e-05
-0.000175041
-6.99769e-06
-0.000172876
-2.8921e-06
-0.000173602
3.11636e-08
-0.000176018
1.73475e-06
-0.000177382
7.22244e-07
-0.000174976
-2.88725e-06
-0.000165616
-9.80203e-06
-0.000149417
-1.66288e-05
-0.00012687
-2.29233e-05
-8.3382e-05
-4.37683e-05
-8.39341e-05
-1.28079e-06
0.000103627
-4.23917e-05
0.00013464
-7.8191e-05
5.52589e-05
-5.6755e-05
-2.53353e-05
-4.46028e-05
-1.89327e-05
-5.43572e-05
-2.62428e-06
-5.62268e-05
-1.45016e-05
-9.11668e-05
2.09921e-05
-0.000148873
4.94039e-05
-0.000167995
1.4741e-05
-0.000169934
6.03454e-07
-0.000166703
-2.5638e-06
-0.000160139
-6.72916e-06
-0.000149419
-1.44709e-05
-0.000135729
-2.43688e-05
-0.00012402
-2.9178e-05
-0.00010703
-4.05087e-05
-7.27748e-05
-7.83915e-05
-0.000157352
1.11416e-05
9.13161e-05
2.89507e-05
0.000115662
4.2942e-05
4.01002e-05
8.69008e-05
-7.04787e-05
0.000126549
-5.97532e-05
0.000109703
1.30373e-05
5.40052e-05
4.00104e-05
-6.37107e-05
0.000137494
-0.000173423
0.000157718
-0.000194396
3.41784e-05
-0.000188125
-7.23077e-06
-0.000172281
-1.99482e-05
-0.000160817
-1.97399e-05
-0.000164097
-1.27111e-05
-0.000182135
-7.51702e-06
-0.000181696
-3.08078e-05
-0.000131076
-9.24368e-05
-6.5747e-05
-0.000144637
-0.000224201
1.73421e-05
7.28057e-05
4.30198e-05
8.88204e-05
6.7962e-05
1.39809e-05
0.000107612
-0.000111295
0.000164874
-0.000118168
0.00018479
-8.05916e-06
0.000120771
0.000102848
2.84223e-06
0.000254191
-0.000119407
0.000278656
-0.000187478
0.000100901
-0.000228652
3.27065e-05
-0.00025174
1.99286e-06
-0.000257685
-1.49385e-05
-0.000259986
-1.1535e-05
-0.000256529
-1.21643e-05
-0.000212951
-7.57099e-05
-0.000129953
-0.000176835
-4.83603e-05
-0.000227473
-0.000273276
1.24544e-05
5.91828e-05
2.54726e-05
7.4633e-05
4.79623e-05
-9.69535e-06
6.1085e-05
-0.000125594
8.20319e-05
-0.000140326
0.000153705
-8.09171e-05
0.000178342
7.70669e-05
0.000106241
0.000325077
-2.06008e-05
0.000404288
-0.000114949
0.000194077
-0.000156192
7.2784e-05
-0.000172804
1.74509e-05
-0.000171655
-1.72419e-05
-0.000169991
-1.43447e-05
-0.000167405
-1.59193e-05
-0.000135343
-0.000108968
-8.51318e-05
-0.000228452
-2.96404e-05
-0.000284368
-0.000303447
1.39526e-05
4.40625e-05
3.82382e-05
4.91799e-05
5.20407e-05
-2.47092e-05
4.44567e-05
-0.000119445
3.90855e-05
-0.000136347
8.33946e-05
-0.000126716
0.000167567
-8.34235e-06
0.000168645
0.000322806
5.22156e-05
0.000519573
-4.98759e-05
0.000295004
-9.64189e-05
0.000118166
-0.00010406
2.3936e-05
-8.33763e-05
-3.90803e-05
-5.61364e-05
-4.2739e-05
-3.90904e-05
-3.4119e-05
-4.96997e-05
-9.94979e-05
-5.58141e-05
-0.000223583
-2.17095e-05
-0.000319901
-0.000325658
1.3764e-05
2.91303e-05
4.26905e-05
1.90789e-05
5.84674e-05
-4.16772e-05
4.30402e-05
-0.000105155
3.7486e-05
-0.000131447
3.85544e-05
-0.00012896
0.000101307
-7.26188e-05
0.000165226
0.000257735
9.917e-05
0.000584491
-2.06761e-06
0.000395088
-6.06404e-05
0.000175575
-6.50597e-05
2.71979e-05
-4.98722e-05
-5.54237e-05
-2.52932e-05
-6.84752e-05
8.61985e-06
-6.91879e-05
4.33577e-06
-9.63693e-05
-2.31428e-05
-0.000197265
-1.39488e-05
-0.000330617
-0.000340147
1.99336e-05
8.02062e-06
4.34637e-05
-5.61041e-06
4.98528e-05
-4.92509e-05
4.20078e-05
-9.79249e-05
3.70287e-05
-0.000126576
3.47281e-05
-0.000127464
6.40136e-05
-0.00010342
0.000131345
0.000189284
0.000111092
0.000603628
2.69841e-05
0.000478045
-2.74574e-05
0.00022886
-2.55824e-05
2.41714e-05
-7.92199e-06
-7.42408e-05
2.6542e-06
-8.02078e-05
1.64315e-05
-8.41214e-05
2.87193e-05
-0.000109813
1.09456e-05
-0.000180656
-5.77398e-06
-0.000315289
-0.000346513
5.05843e-06
-2.1723e-05
9.51231e-06
-2.15536e-05
1.41684e-05
-2.0948e-05
1.89811e-05
-2.02214e-05
2.34416e-05
-1.91061e-05
2.72071e-05
-1.80494e-05
3.08654e-05
-1.5928e-05
3.42265e-05
-1.47843e-05
3.67739e-05
-1.22063e-05
3.95042e-05
-9.82067e-06
4.14147e-05
-7.59701e-06
4.25214e-05
-4.46497e-06
4.29868e-05
-1.53887e-06
4.27537e-05
1.06915e-06
4.16775e-05
3.98704e-06
4.04811e-05
5.48181e-06
3.96824e-05
6.40527e-06
4.00742e-05
7.28583e-06
4.08309e-05
9.49322e-06
4.38273e-05
1.219e-05
4.7829e-05
1.5361e-05
5.74707e-05
2.33781e-05
3.44656e-05
6.87797e-05
5.37265e-06
-2.71488e-05
9.71708e-06
-2.59505e-05
1.45624e-05
-2.58471e-05
1.9667e-05
-2.53806e-05
2.43099e-05
-2.38044e-05
2.83485e-05
-2.21435e-05
3.25239e-05
-2.01605e-05
3.6144e-05
-1.846e-05
3.90779e-05
-1.51955e-05
4.19854e-05
-1.27769e-05
4.36195e-05
-9.26819e-06
4.47517e-05
-5.61991e-06
4.48525e-05
-1.65379e-06
4.3522e-05
2.39409e-06
4.1491e-05
6.01732e-06
3.99119e-05
7.06095e-06
3.95671e-05
6.75006e-06
3.98575e-05
6.9954e-06
3.98478e-05
9.5029e-06
4.26211e-05
9.41673e-06
4.70103e-05
1.09718e-05
5.79222e-05
1.24662e-05
1.90663e-05
7.33214e-05
2.61779e-06
-2.97824e-05
4.67318e-06
-2.80217e-05
6.72689e-06
-2.79167e-05
8.66226e-06
-2.7332e-05
9.2358e-06
-2.4394e-05
9.49074e-06
-2.24147e-05
7.49963e-06
-1.81857e-05
5.44332e-06
-1.64204e-05
1.65525e-06
-1.14239e-05
5.8299e-06
-1.69684e-05
2.1773e-05
-2.52352e-05
3.3072e-05
-1.69541e-05
3.88714e-05
-7.48323e-06
4.10307e-05
2.05427e-07
4.25275e-05
4.48671e-06
4.4065e-05
5.47888e-06
4.55833e-05
5.21414e-06
4.56549e-05
9.60092e-06
4.4364e-05
1.07937e-05
4.64483e-05
7.33251e-06
5.05245e-05
6.89553e-06
5.86404e-05
4.35021e-06
6.59814e-06
7.11093e-05
7.91569e-07
-3.05889e-05
2.17862e-06
-2.94237e-05
3.14228e-06
-2.88954e-05
4.12881e-06
-2.83336e-05
5.21641e-06
-2.54967e-05
6.65762e-06
-2.38712e-05
7.62415e-06
-1.91676e-05
8.85524e-06
-1.7667e-05
9.3864e-06
-1.19707e-05
1.07163e-05
-1.83141e-05
8.37087e-06
-2.29057e-05
6.6484e-06
-1.52479e-05
-9.66198e-06
8.81313e-06
-1.58828e-05
6.41569e-06
4.77472e-06
-1.61814e-05
1.78379e-05
-7.58484e-06
2.73789e-05
-4.32757e-06
3.25259e-05
4.42832e-06
3.78442e-05
5.42981e-06
4.56688e-05
-5.12516e-07
5.19844e-05
5.79179e-07
5.80093e-05
-1.67488e-06
-1.71592e-06
6.63233e-05
-1.02451e-07
-3.05015e-05
4.26306e-07
-2.99675e-05
5.83892e-07
-2.9068e-05
8.94831e-07
-2.86597e-05
1.95242e-06
-2.65695e-05
3.55847e-06
-2.54925e-05
6.72045e-06
-2.23449e-05
1.05777e-05
-2.15397e-05
1.64508e-05
-1.78594e-05
1.66538e-05
-1.8533e-05
9.00063e-06
-1.52687e-05
6.10389e-06
-1.23675e-05
6.86727e-06
8.03307e-06
1.06876e-05
2.57841e-06
1.58415e-05
-2.13527e-05
9.69626e-06
-1.45737e-06
5.10409e-07
4.84039e-06
5.63967e-06
-7.15698e-07
1.7115e-05
-6.05086e-06
2.76538e-05
-1.10875e-05
3.69673e-05
-8.79897e-06
4.66213e-05
-1.14183e-05
-1.42703e-05
5.90791e-05
2.72234e-07
-3.07885e-05
7.33099e-07
-3.04432e-05
1.02449e-06
-2.93742e-05
1.2615e-06
-2.89116e-05
1.44103e-06
-2.6764e-05
1.70872e-06
-2.57753e-05
1.92395e-06
-2.25753e-05
2.44194e-06
-2.20731e-05
3.37695e-06
-1.881e-05
4.62699e-06
-1.97988e-05
8.30263e-06
-1.89604e-05
1.36481e-05
-1.77292e-05
3.16121e-05
-9.9475e-06
4.39854e-05
-9.81168e-06
3.69409e-05
-1.43256e-05
3.40836e-05
1.38219e-06
3.30541e-05
5.85161e-06
3.4055e-05
-1.7353e-06
2.76447e-05
3.4017e-07
1.40569e-05
2.48028e-06
4.36743e-06
8.63343e-07
9.27739e-06
-1.63597e-05
-3.50813e-05
3.00349e-05
5.82357e-07
-3.13856e-05
1.23192e-06
-3.11075e-05
2.04027e-06
-3.01973e-05
2.96189e-06
-2.98481e-05
4.33326e-06
-2.81503e-05
5.96173e-06
-2.74188e-05
8.19334e-06
-2.48221e-05
1.03065e-05
-2.42016e-05
1.27222e-05
-2.12411e-05
1.36282e-05
-2.07204e-05
1.26752e-05
-1.80234e-05
1.2761e-05
-1.78311e-05
1.54245e-05
-1.26275e-05
1.86369e-05
-1.3041e-05
2.24642e-05
-1.81701e-05
3.52186e-05
-1.13898e-05
5.07515e-05
-9.69948e-06
5.76912e-05
-8.69358e-06
6.13098e-05
-3.29804e-06
6.39002e-05
-1.30541e-07
6.3993e-05
7.4935e-07
5.73166e-05
-9.7061e-06
-2.15914e-05
4.38024e-05
8.26351e-07
-3.22265e-05
1.65302e-06
-3.19488e-05
2.63562e-06
-3.11946e-05
3.60735e-06
-3.08345e-05
4.65799e-06
-2.92157e-05
5.86868e-06
-2.86444e-05
7.34847e-06
-2.63169e-05
8.88148e-06
-2.57498e-05
1.10196e-05
-2.33947e-05
1.29659e-05
-2.26822e-05
1.58186e-05
-2.08919e-05
1.83368e-05
-2.03654e-05
2.34412e-05
-1.77483e-05
2.69542e-05
-1.65707e-05
2.58022e-05
-1.70352e-05
2.70597e-05
-1.26648e-05
2.95463e-05
-1.22042e-05
3.39413e-05
-1.31071e-05
4.46502e-05
-1.40262e-05
5.9078e-05
-1.45782e-05
7.38006e-05
-1.39939e-05
7.92345e-05
-1.51617e-05
-1.44081e-05
7.20283e-05
1.27458e-06
-3.35156e-05
2.6397e-06
-3.33284e-05
4.09158e-06
-3.2661e-05
5.57633e-06
-3.23339e-05
7.23412e-06
-3.08882e-05
8.96067e-06
-3.03857e-05
1.09786e-05
-2.83498e-05
1.28264e-05
-2.76127e-05
1.47871e-05
-2.53706e-05
1.63089e-05
-2.42194e-05
1.71524e-05
-2.17511e-05
1.79134e-05
-2.11423e-05
1.91031e-05
-1.89544e-05
2.0854e-05
-1.83381e-05
2.27197e-05
-1.8918e-05
2.66593e-05
-1.66218e-05
3.04736e-05
-1.60364e-05
3.25158e-05
-1.51678e-05
3.27628e-05
-1.42924e-05
3.31837e-05
-1.50189e-05
3.58022e-05
-1.66332e-05
4.20735e-05
-2.14546e-05
-2.36125e-05
5.12553e-05
1.41819e-06
-3.4948e-05
2.8905e-06
-3.4815e-05
4.36675e-06
-3.41516e-05
5.87227e-06
-3.38538e-05
7.47525e-06
-3.25057e-05
9.10938e-06
-3.20345e-05
1.10287e-05
-3.02838e-05
1.29057e-05
-2.95046e-05
1.52467e-05
-2.77267e-05
1.75927e-05
-2.65807e-05
2.03554e-05
-2.45293e-05
2.26726e-05
-2.34753e-05
2.52385e-05
-2.15364e-05
2.73292e-05
-2.04452e-05
2.7957e-05
-1.95626e-05
2.91958e-05
-1.78778e-05
3.03943e-05
-1.72526e-05
3.19646e-05
-1.67563e-05
3.42095e-05
-1.65561e-05
3.63232e-05
-1.7152e-05
3.67053e-05
-1.70353e-05
3.40691e-05
-1.88394e-05
-2.01064e-05
3.05411e-05
1.80427e-06
-3.67664e-05
3.61654e-06
-3.66414e-05
5.48137e-06
-3.60306e-05
7.35266e-06
-3.57394e-05
9.32528e-06
-3.44926e-05
1.12727e-05
-3.39963e-05
1.33845e-05
-3.24102e-05
1.53524e-05
-3.14872e-05
1.74022e-05
-2.97915e-05
1.94154e-05
-2.8609e-05
2.14108e-05
-2.654e-05
2.33737e-05
-2.54538e-05
2.52678e-05
-2.34464e-05
2.71873e-05
-2.2381e-05
2.87717e-05
-2.11637e-05
3.07096e-05
-1.98326e-05
3.19436e-05
-1.8504e-05
3.23944e-05
-1.72251e-05
3.16274e-05
-1.58077e-05
3.01033e-05
-1.5647e-05
2.8124e-05
-1.50759e-05
2.58677e-05
-1.66036e-05
-1.72102e-05
2.29502e-05
1.90362e-06
-3.8684e-05
3.81288e-06
-3.85646e-05
5.75641e-06
-3.79881e-05
7.71802e-06
-3.7715e-05
9.78951e-06
-3.65782e-05
1.18413e-05
-3.60623e-05
1.40839e-05
-3.46672e-05
1.62654e-05
-3.36832e-05
1.86617e-05
-3.22025e-05
2.10467e-05
-3.10089e-05
2.37051e-05
-2.92135e-05
2.61967e-05
-2.79607e-05
2.86892e-05
-2.59546e-05
3.08708e-05
-2.45785e-05
3.24166e-05
-2.27259e-05
3.38192e-05
-2.12519e-05
3.47279e-05
-1.94299e-05
3.55406e-05
-1.80554e-05
3.60222e-05
-1.63073e-05
3.57062e-05
-1.53496e-05
3.40016e-05
-1.33906e-05
3.03439e-05
-1.29658e-05
-1.16832e-05
2.47965e-05
2.23417e-06
-4.09318e-05
4.48333e-06
-4.08275e-05
6.75545e-06
-4.0274e-05
9.0226e-06
-3.9996e-05
1.13363e-05
-3.89059e-05
1.35812e-05
-3.83212e-05
1.58952e-05
-3.69953e-05
1.80956e-05
-3.58978e-05
2.02898e-05
-3.44112e-05
2.23752e-05
-3.31088e-05
2.44218e-05
-3.1275e-05
2.63748e-05
-2.99288e-05
2.82876e-05
-2.78828e-05
3.00878e-05
-2.63944e-05
3.15836e-05
-2.42377e-05
3.29226e-05
-2.26073e-05
3.367e-05
-2.01941e-05
3.40029e-05
-1.84056e-05
3.34313e-05
-1.57535e-05
3.20988e-05
-1.40354e-05
2.96731e-05
-1.09836e-05
2.59806e-05
-9.29272e-06
-6.06166e-06
2.03391e-05
2.35579e-06
-4.3301e-05
4.72632e-06
-4.32115e-05
7.12534e-06
-4.26865e-05
9.52285e-06
-4.2407e-05
1.19969e-05
-4.13935e-05
1.44192e-05
-4.07572e-05
1.69608e-05
-3.95508e-05
1.94447e-05
-3.83958e-05
2.20296e-05
-3.70103e-05
2.4509e-05
-3.56026e-05
2.70441e-05
-3.38247e-05
2.93793e-05
-3.22788e-05
3.16366e-05
-3.01552e-05
3.36608e-05
-2.84339e-05
3.53914e-05
-2.59839e-05
3.68122e-05
-2.40441e-05
3.77887e-05
-2.11869e-05
3.84128e-05
-1.90464e-05
3.84234e-05
-1.57813e-05
3.77234e-05
-1.33531e-05
3.60584e-05
-9.33679e-06
3.32139e-05
-6.46683e-06
-1.80502e-06
2.89381e-05
2.60229e-06
-4.59165e-05
5.2111e-06
-4.58335e-05
7.79979e-06
-4.52884e-05
1.03669e-05
-4.49874e-05
1.29582e-05
-4.39982e-05
1.54817e-05
-4.32941e-05
1.80415e-05
-4.21242e-05
2.05283e-05
-4.08963e-05
2.30237e-05
-3.95195e-05
2.54233e-05
-3.80162e-05
2.78154e-05
-3.62311e-05
3.00663e-05
-3.45441e-05
3.22389e-05
-3.23425e-05
3.41847e-05
-3.03947e-05
3.59284e-05
-2.7743e-05
3.73886e-05
-2.55199e-05
3.84342e-05
-2.22485e-05
3.90369e-05
-1.96656e-05
3.8917e-05
-1.56781e-05
3.81102e-05
-1.25635e-05
3.63883e-05
-7.63252e-06
3.3592e-05
-3.68852e-06
2.33003e-06
2.94384e-05
2.7977e-06
-4.87271e-05
5.60109e-06
-4.86498e-05
8.40262e-06
-4.81029e-05
1.11813e-05
-4.77791e-05
1.40105e-05
-4.68405e-05
1.67869e-05
-4.60837e-05
1.96275e-05
-4.4978e-05
2.2407e-05
-4.36892e-05
2.52285e-05
-4.23546e-05
2.79366e-05
-4.07381e-05
3.0651e-05
-3.89594e-05
3.32143e-05
-3.71216e-05
3.57263e-05
-3.48689e-05
3.80029e-05
-3.2686e-05
4.01302e-05
-2.98852e-05
4.19029e-05
-2.73078e-05
4.34055e-05
-2.37666e-05
4.44758e-05
-2.07518e-05
4.50224e-05
-1.62409e-05
4.49484e-05
-1.25061e-05
4.40124e-05
-6.71352e-06
4.21621e-05
-1.85564e-06
5.49641e-06
3.8978e-05
2.96538e-06
-5.1705e-05
5.93129e-06
-5.16283e-05
8.88465e-06
-5.10688e-05
1.1799e-05
-5.0706e-05
1.47342e-05
-4.97885e-05
1.76113e-05
-4.89737e-05
2.05081e-05
-4.78878e-05
2.33469e-05
-4.6541e-05
2.61985e-05
-4.52194e-05
2.89729e-05
-4.35258e-05
3.17487e-05
-4.17487e-05
3.43952e-05
-3.97818e-05
3.69913e-05
-3.7479e-05
3.93834e-05
-3.50923e-05
4.16806e-05
-3.21968e-05
4.36614e-05
-2.93035e-05
4.54504e-05
-2.55705e-05
4.67762e-05
-2.20929e-05
4.77441e-05
-1.72245e-05
4.81387e-05
-1.29167e-05
4.79803e-05
-6.57143e-06
4.70922e-05
-9.84313e-07
7.15793e-06
4.54136e-05
3.2188e-06
-5.49361e-05
6.44157e-06
-5.48633e-05
9.64696e-06
-5.42865e-05
1.28116e-05
-5.3883e-05
1.60033e-05
-5.29926e-05
1.91474e-05
-5.21303e-05
2.23162e-05
-5.10691e-05
2.54264e-05
-4.9664e-05
2.85595e-05
-4.83654e-05
3.16189e-05
-4.65982e-05
3.47018e-05
-4.48448e-05
3.7681e-05
-4.27745e-05
4.06276e-05
-4.04392e-05
4.33995e-05
-3.7878e-05
4.61127e-05
-3.49241e-05
4.85264e-05
-3.17315e-05
5.08323e-05
-2.7891e-05
5.27215e-05
-2.3997e-05
5.43868e-05
-1.8905e-05
5.5558e-05
-1.41034e-05
5.62922e-05
-7.32139e-06
5.64766e-05
-1.18481e-06
7.59537e-06
5.60228e-05
3.31248e-06
-5.82604e-05
6.62903e-06
-5.81918e-05
9.94514e-06
-5.76146e-05
1.32299e-05
-5.71798e-05
1.6547e-05
-5.63217e-05
1.98373e-05
-5.54327e-05
2.31442e-05
-5.43882e-05
2.64245e-05
-5.29566e-05
2.97212e-05
-5.16746e-05
3.29567e-05
-4.98463e-05
3.62089e-05
-4.81098e-05
3.93705e-05
-4.59491e-05
4.25096e-05
-4.35914e-05
4.55258e-05
-4.09075e-05
4.85056e-05
-3.79175e-05
5.12589e-05
-3.44986e-05
5.396e-05
-3.06061e-05
5.62955e-05
-2.63468e-05
5.85573e-05
-2.11813e-05
6.03623e-05
-1.59234e-05
6.2004e-05
-8.97822e-06
6.32394e-05
-2.4356e-06
6.67754e-06
6.41416e-05
3.48785e-06
-6.17598e-05
6.97121e-06
-6.16866e-05
1.04841e-05
-6.1139e-05
1.39727e-05
-6.068e-05
1.75148e-05
-5.98754e-05
2.10497e-05
-5.89794e-05
2.4617e-05
-5.79674e-05
2.8185e-05
-5.65366e-05
3.17944e-05
-5.52961e-05
3.53737e-05
-5.34378e-05
3.90067e-05
-5.17551e-05
4.25809e-05
-4.95358e-05
4.61617e-05
-4.71849e-05
4.96561e-05
-4.44149e-05
5.31274e-05
-4.1402e-05
5.64218e-05
-3.78063e-05
5.96804e-05
-3.38783e-05
6.26621e-05
-2.93423e-05
6.56301e-05
-2.41634e-05
6.8249e-05
-1.85566e-05
7.08205e-05
-1.15642e-05
7.31527e-05
-4.78264e-06
4.5167e-06
7.52986e-05
3.49247e-06
-6.52634e-05
6.96219e-06
-6.51675e-05
1.0498e-05
-6.4686e-05
1.40344e-05
-6.42276e-05
1.76395e-05
-6.34918e-05
2.12827e-05
-6.26339e-05
2.49894e-05
-6.16855e-05
2.87488e-05
-6.03075e-05
3.25644e-05
-5.91234e-05
3.639e-05
-5.72751e-05
4.02958e-05
-5.56728e-05
4.41767e-05
-5.34289e-05
4.81094e-05
-5.11298e-05
5.20111e-05
-4.8329e-05
5.59188e-05
-4.53223e-05
5.97169e-05
-4.16172e-05
6.3492e-05
-3.76664e-05
6.70447e-05
-3.29083e-05
7.06193e-05
-2.77515e-05
7.38717e-05
-2.18226e-05
7.72045e-05
-1.49109e-05
8.03044e-05
-7.89667e-06
1.44345e-06
8.33634e-05
3.47502e-06
-6.87491e-05
6.90452e-06
-6.86077e-05
1.04565e-05
-6.82487e-05
1.40273e-05
-6.78092e-05
1.77084e-05
-6.71837e-05
2.14786e-05
-6.64151e-05
2.53736e-05
-6.55914e-05
2.93937e-05
-6.43388e-05
3.35299e-05
-6.32708e-05
3.77437e-05
-6.15003e-05
4.20823e-05
-6.00228e-05
4.64483e-05
-5.78065e-05
5.09234e-05
-5.56167e-05
5.5415e-05
-5.28326e-05
5.99662e-05
-4.98856e-05
6.44855e-05
-4.61489e-05
6.90297e-05
-4.22231e-05
7.34765e-05
-3.73677e-05
7.7953e-05
-3.2241e-05
8.21932e-05
-2.60759e-05
8.65482e-05
-1.92792e-05
9.06838e-05
-1.20457e-05
-2.667e-06
9.47806e-05
3.31895e-06
-7.20785e-05
6.59403e-06
-7.18932e-05
1.00019e-05
-7.16671e-05
1.34375e-05
-7.12552e-05
1.7007e-05
-7.07637e-05
2.07005e-05
-7.01192e-05
2.45526e-05
-6.94541e-05
2.85919e-05
-6.83888e-05
3.27992e-05
-6.74889e-05
3.71669e-05
-6.58789e-05
4.17284e-05
-6.45953e-05
4.64129e-05
-6.25022e-05
5.13105e-05
-6.05255e-05
5.63297e-05
-5.78632e-05
6.15104e-05
-5.50778e-05
6.67699e-05
-5.14202e-05
7.21512e-05
-4.76162e-05
7.75076e-05
-4.27363e-05
8.29108e-05
-3.76565e-05
8.8098e-05
-3.12756e-05
9.33955e-05
-2.45894e-05
9.83804e-05
-1.70435e-05
-7.58773e-06
0.000103288
3.09112e-06
-7.51795e-05
6.16927e-06
-7.49812e-05
9.36592e-06
-7.48736e-05
1.26162e-05
-7.45155e-05
1.60284e-05
-7.41859e-05
1.95945e-05
-7.36954e-05
2.33645e-05
-7.32343e-05
2.73814e-05
-7.2416e-05
3.16573e-05
-7.17751e-05
3.62225e-05
-7.04546e-05
4.10934e-05
-6.94768e-05
4.62238e-05
-6.76432e-05
5.16949e-05
-6.60075e-05
5.74074e-05
-6.35868e-05
6.33952e-05
-6.10767e-05
6.95751e-05
-5.76114e-05
7.59575e-05
-5.401e-05
8.24193e-05
-4.92097e-05
8.89749e-05
-4.42238e-05
9.5436e-05
-3.77486e-05
0.000102032
-3.11978e-05
0.000108327
-2.33499e-05
-1.3864e-05
0.000114591
2.83919e-06
-7.80281e-05
5.69512e-06
-7.78466e-05
8.62613e-06
-7.78141e-05
1.16255e-05
-7.75244e-05
1.47742e-05
-7.73441e-05
1.80724e-05
-7.70032e-05
2.15729e-05
-7.67445e-05
2.533e-05
-7.61829e-05
2.93832e-05
-7.58382e-05
3.38095e-05
-7.48909e-05
3.86267e-05
-7.4304e-05
4.38328e-05
-7.28595e-05
4.94936e-05
-7.16785e-05
5.5518e-05
-6.96217e-05
6.19536e-05
-6.75228e-05
6.87294e-05
-6.43979e-05
7.58829e-05
-6.11743e-05
8.32989e-05
-5.66368e-05
9.09747e-05
-5.19107e-05
9.87362e-05
-4.55214e-05
0.000106722
-3.91954e-05
0.000114384
-3.10233e-05
-2.15483e-05
0.000122057
2.51924e-06
-8.05564e-05
5.0727e-06
-8.04091e-05
7.67804e-06
-8.04285e-05
1.03757e-05
-8.02312e-05
1.3222e-05
-8.01996e-05
1.62341e-05
-8.00245e-05
1.94742e-05
-7.99939e-05
2.29938e-05
-7.97118e-05
2.68393e-05
-7.9693e-05
3.10941e-05
-7.91552e-05
3.58018e-05
-7.90213e-05
4.10273e-05
-7.80947e-05
4.68413e-05
-7.75023e-05
5.32045e-05
-7.59948e-05
6.01881e-05
-7.45165e-05
6.77476e-05
-7.19676e-05
7.59079e-05
-6.93449e-05
8.4543e-05
-6.52824e-05
9.36177e-05
-6.0996e-05
0.000102987
-5.49018e-05
0.00011265
-4.88686e-05
0.000121999
-4.03837e-05
-3.10241e-05
0.000131464
2.26793e-06
-8.28328e-05
4.56889e-06
-8.27186e-05
6.90809e-06
-8.27763e-05
9.34095e-06
-8.26726e-05
1.19051e-05
-8.27724e-05
1.46277e-05
-8.27557e-05
1.75712e-05
-8.29461e-05
2.0785e-05
-8.29344e-05
2.43228e-05
-8.32397e-05
2.8267e-05
-8.31084e-05
3.26549e-05
-8.34183e-05
3.75824e-05
-8.30313e-05
4.3119e-05
-8.30482e-05
4.92877e-05
-8.21729e-05
5.62001e-05
-8.14384e-05
6.38568e-05
-7.9634e-05
7.23006e-05
-7.77985e-05
8.14592e-05
-7.44509e-05
9.13651e-05
-7.09119e-05
0.000101888
-6.54351e-05
0.000112949
-5.994e-05
0.000123965
-5.14098e-05
-4.25125e-05
0.000135443
1.9415e-06
-8.47824e-05
3.9106e-06
-8.46958e-05
5.91453e-06
-8.47883e-05
8.00572e-06
-8.47719e-05
1.02225e-05
-8.49973e-05
1.25931e-05
-8.51345e-05
1.51855e-05
-8.55468e-05
1.80464e-05
-8.58037e-05
2.12393e-05
-8.6441e-05
2.48513e-05
-8.6729e-05
2.89259e-05
-8.75015e-05
3.35669e-05
-8.7681e-05
3.88376e-05
-8.83277e-05
4.48106e-05
-8.81549e-05
5.16164e-05
-8.82532e-05
5.92943e-05
-8.7321e-05
6.79304e-05
-8.64439e-05
7.75733e-05
-8.41032e-05
8.82957e-05
-8.16438e-05
0.000100016
-7.71651e-05
0.000112599
-7.25322e-05
0.000125651
-6.4472e-05
-5.65469e-05
0.000139676
1.74147e-06
-8.65314e-05
3.50286e-06
-8.64647e-05
5.29462e-06
-8.65877e-05
7.16175e-06
-8.66467e-05
9.1491e-06
-8.69923e-05
1.12832e-05
-8.72763e-05
1.3635e-05
-8.79063e-05
1.6243e-05
-8.84195e-05
1.91686e-05
-8.93744e-05
2.24856e-05
-9.0054e-05
2.62422e-05
-9.12661e-05
3.05486e-05
-9.19955e-05
3.54534e-05
-9.32408e-05
4.10561e-05
-9.37659e-05
4.74767e-05
-9.46822e-05
5.47653e-05
-9.46181e-05
6.30469e-05
-9.47342e-05
7.24546e-05
-9.35197e-05
8.30861e-05
-9.22841e-05
9.49548e-05
-8.90428e-05
0.000108028
-8.56143e-05
0.000122233
-7.86862e-05
-7.24113e-05
0.000138088
1.43913e-06
-8.79776e-05
2.89439e-06
-8.79271e-05
4.38254e-06
-8.8083e-05
5.93558e-06
-8.82069e-05
7.60251e-06
-8.86664e-05
9.39725e-06
-8.90783e-05
1.13916e-05
-8.99079e-05
1.36116e-05
-9.06469e-05
1.61241e-05
-9.18942e-05
1.89941e-05
-9.29314e-05
2.22713e-05
-9.45508e-05
2.60612e-05
-9.5793e-05
3.04217e-05
-9.76089e-05
3.54751e-05
-9.88271e-05
4.13455e-05
-0.00010056
4.81619e-05
-0.000101443
5.61018e-05
-0.000102682
6.53233e-05
-0.000102749
7.59346e-05
-0.000102904
8.8074e-05
-0.000101191
0.000101828
-9.93772e-05
0.000117408
-9.42747e-05
-9.00759e-05
0.000135064
1.29622e-06
-8.92804e-05
2.60404e-06
-8.92414e-05
3.94539e-06
-8.94309e-05
5.34022e-06
-8.96082e-05
6.84366e-06
-9.01764e-05
8.4604e-06
-9.07016e-05
1.02686e-05
-9.17228e-05
1.22797e-05
-9.26646e-05
1.45711e-05
-9.41924e-05
1.71869e-05
-9.55541e-05
2.01895e-05
-9.75603e-05
2.36639e-05
-9.92744e-05
2.7666e-05
-0.000101618
3.23143e-05
-0.000103482
3.76937e-05
-0.000105947
4.3944e-05
-0.0001077
5.12254e-05
-0.000109971
5.96711e-05
-0.000111203
6.94402e-05
-0.00011268
8.0792e-05
-0.00011255
9.38684e-05
-0.000112462
0.000109201
-0.000109616
-0.000107954
0.000127072
1.02063e-06
-9.03071e-05
2.05384e-06
-9.02807e-05
3.12208e-06
-9.05052e-05
4.23489e-06
-9.07272e-05
5.44057e-06
-9.13882e-05
6.73564e-06
-9.20029e-05
8.18916e-06
-9.31826e-05
9.798e-06
-9.42797e-05
1.16383e-05
-9.60391e-05
1.3726e-05
-9.76481e-05
1.6136e-05
-9.99768e-05
1.89129e-05
-0.000102058
2.2133e-05
-0.000104845
2.58822e-05
-0.000107238
3.02579e-05
-0.00011033
3.54007e-05
-0.00011285
4.14778e-05
-0.000116055
4.86939e-05
-0.000118426
5.73465e-05
-0.00012134
6.78471e-05
-0.000123058
8.04946e-05
-0.000125116
9.60695e-05
-0.000125198
-0.000126953
0.000115061
9.08233e-07
-9.12208e-05
1.82774e-06
-9.12057e-05
2.77723e-06
-9.14601e-05
3.7627e-06
-9.17181e-05
4.82626e-06
-9.24573e-05
5.96305e-06
-9.31452e-05
7.23434e-06
-9.44594e-05
8.62664e-06
-9.56776e-05
1.02179e-05
-9.76359e-05
1.1994e-05
-9.94299e-05
1.4054e-05
-0.000102043
1.63859e-05
-0.000104396
1.91054e-05
-0.00010757
2.22234e-05
-0.000110362
2.5875e-05
-0.000113987
3.01436e-05
-0.000117125
3.52114e-05
-0.000121129
4.12062e-05
-0.000124427
4.83973e-05
-0.000128538
5.69727e-05
-0.00013164
6.73324e-05
-0.000135483
8.02175e-05
-0.00013809
-0.000143896
9.71534e-05
6.39628e-07
-9.18653e-05
1.29149e-06
-9.18625e-05
1.96634e-06
-9.21399e-05
2.66843e-06
-9.24252e-05
3.42154e-06
-9.32154e-05
4.221e-06
-9.39497e-05
5.10612e-06
-9.53496e-05
6.06209e-06
-9.66387e-05
7.14485e-06
-9.87238e-05
8.33314e-06
-0.000100623
9.7032e-06
-0.000103418
1.12175e-05
-0.000105915
1.29741e-05
-0.000109332
1.49262e-05
-0.00011232
1.72121e-05
-0.000116279
1.98097e-05
-0.000119728
2.29243e-05
-0.000124249
2.65646e-05
-0.000128073
3.10907e-05
-0.00013307
3.66237e-05
-0.000137179
4.3911e-05
-0.000142776
5.41708e-05
-0.000148356
-0.000160446
7.0714e-05
5.30573e-07
-9.24003e-05
1.06523e-06
-9.24015e-05
1.60997e-06
-9.26891e-05
2.17259e-06
-9.29922e-05
2.7622e-06
-9.38095e-05
3.37745e-06
-9.45694e-05
4.03851e-06
-9.60152e-05
4.73623e-06
-9.7341e-05
5.5029e-06
-9.94951e-05
6.31975e-06
-0.000101445
7.22664e-06
-0.00010433
8.18139e-06
-0.000106875
9.23551e-06
-0.000110391
1.03189e-05
-0.000113408
1.15191e-05
-0.000117484
1.27469e-05
-0.000120961
1.41407e-05
-0.000125648
1.55901e-05
-0.000129528
1.72942e-05
-0.000134779
1.91909e-05
-0.000139081
2.1834e-05
-0.000145425
2.68393e-05
-0.000153367
-0.000172522
3.89102e-05
2.75378e-07
-9.26795e-05
5.55087e-07
-9.26851e-05
8.38233e-07
-9.29761e-05
1.12509e-06
-9.3283e-05
1.41382e-06
-9.41021e-05
1.69756e-06
-9.48571e-05
1.98692e-06
-9.63085e-05
2.26529e-06
-9.76233e-05
2.54736e-06
-9.97812e-05
2.80204e-06
-0.000101704
3.03701e-06
-0.000104569
3.19765e-06
-0.000107039
3.27494e-06
-0.000110473
3.17633e-06
-0.000113314
2.87594e-06
-0.000117188
2.21148e-06
-0.000120301
1.12384e-06
-0.000124565
-7.02347e-07
-0.000127706
-3.41523e-06
-0.000132071
-7.3641e-06
-0.000135137
-1.22387e-05
-0.000140555
-1.55482e-05
-0.000150062
-0.000174792
-1.32824e-05
1.76975e-07
-9.28598e-05
3.50814e-07
-9.28622e-05
5.13134e-07
-9.31417e-05
6.61576e-07
-9.34347e-05
7.92138e-07
-9.4236e-05
8.97373e-07
-9.49657e-05
9.76738e-07
-9.63912e-05
1.01142e-06
-9.76614e-05
9.935e-07
-9.97667e-05
8.87681e-07
-0.000101601
6.63333e-07
-0.000104348
2.59872e-07
-0.00010664
-3.97147e-07
-0.000109819
-1.43005e-06
-0.000112285
-2.97233e-06
-0.000115649
-5.29854e-06
-0.000117978
-8.67611e-06
-0.000121191
-1.37033e-05
-0.000122683
-2.11147e-05
-0.000124663
-3.18238e-05
-0.000124432
-4.67189e-05
-0.000125664
-6.34002e-05
-0.000133385
-0.00015302
-8.51752e-05
-3.62951e-09
-9.28589e-05
-2.93234e-08
-9.28393e-05
-8.62012e-08
-9.30876e-05
-1.77815e-07
-9.33459e-05
-3.06844e-07
-9.41098e-05
-4.83155e-07
-9.47922e-05
-7.1839e-07
-9.61588e-05
-1.0363e-06
-9.73464e-05
-1.46164e-06
-9.93442e-05
-2.03012e-06
-0.000101036
-2.80009e-06
-0.000103581
-3.83012e-06
-0.000105612
-5.24659e-06
-0.000108406
-7.18383e-06
-0.00011035
-9.86762e-06
-0.000112969
-1.36968e-05
-0.000114152
-1.92024e-05
-0.000115689
-2.73654e-05
-0.000114523
-3.99332e-05
-0.000112099
-5.94182e-05
-0.00010495
-8.80813e-05
-9.70043e-05
-0.000124344
-9.71251e-05
-0.000108024
-0.000169344
-7.40296e-08
-9.27872e-05
-1.65005e-07
-9.27507e-05
-2.8598e-07
-9.29689e-05
-4.48673e-07
-9.31855e-05
-6.67287e-07
-9.38935e-05
-9.5204e-07
-9.45097e-05
-1.32668e-06
-9.57865e-05
-1.81266e-06
-9.68627e-05
-2.454e-06
-9.87053e-05
-3.28478e-06
-0.000100207
-4.38827e-06
-0.00010248
-5.82833e-06
-0.000104175
-7.75708e-06
-0.00010648
-1.03389e-05
-0.000107771
-1.38245e-05
-0.000109486
-1.87421e-05
-0.000109238
-2.57089e-05
-0.000108725
-3.61018e-05
-0.000104133
-5.19994e-05
-9.62044e-05
-7.67499e-05
-8.02026e-05
-0.00011349
-6.02669e-05
-0.000164393
-4.62235e-05
-4.1254e-05
-0.000231166
-2.44975e-07
-9.2544e-05
-5.06143e-07
-9.24913e-05
-8.03424e-07
-9.26734e-05
-1.15206e-06
-9.28387e-05
-1.57432e-06
-9.3473e-05
-2.08659e-06
-9.39993e-05
-2.71901e-06
-9.51559e-05
-3.49208e-06
-9.60915e-05
-4.45822e-06
-9.7741e-05
-5.64905e-06
-9.90184e-05
-7.1559e-06
-0.000100975
-9.03757e-06
-0.000102295
-1.14417e-05
-0.000104078
-1.45252e-05
-0.00010469
-1.85047e-05
-0.000105508
-2.38378e-05
-0.000103907
-3.10391e-05
-0.000101526
-4.11859e-05
-9.39889e-05
-5.62334e-05
-8.11597e-05
-7.74725e-05
-5.89661e-05
-0.000106951
-3.079e-05
-0.000155061
1.88543e-06
3.05055e-05
-0.000226822
-2.45139e-07
-9.23004e-05
-5.04877e-07
-9.22331e-05
-7.95722e-07
-9.23841e-05
-1.13198e-06
-9.25039e-05
-1.53803e-06
-9.30685e-05
-2.02946e-06
-9.35094e-05
-2.64195e-06
-9.4545e-05
-3.39056e-06
-9.53445e-05
-4.33009e-06
-9.68031e-05
-5.48237e-06
-9.78677e-05
-6.92958e-06
-9.95292e-05
-8.71721e-06
-0.000100509
-1.09533e-05
-0.000101843
-1.37719e-05
-0.000101873
-1.73098e-05
-0.000101972
-2.19645e-05
-9.92541e-05
-2.81672e-05
-9.53254e-05
-3.72674e-05
-8.48913e-05
-5.19342e-05
-6.6496e-05
-8.1793e-05
-2.91101e-05
-0.000141835
2.92499e-05
-0.000225033
8.50838e-05
0.000112538
-0.000307067
-4.38555e-07
-8.9961e-07
-1.40906e-06
-1.98858e-06
-2.67102e-06
-3.47829e-06
-4.45616e-06
-5.63134e-06
-7.06917e-06
-8.80981e-06
-1.09423e-05
-1.35371e-05
-1.67025e-05
-2.05777e-05
-2.52923e-05
-3.11687e-05
-3.85136e-05
-4.84942e-05
-6.28382e-05
-9.14666e-05
-0.00014915
-0.000221283
-0.000284947
5.87916e-05
9.98794e-06
5.0041e-05
8.7503e-06
4.44629e-05
5.57791e-06
4.4951e-07
4.40132e-05
7.77795e-05
5.52966e-06
8.27808e-05
3.74877e-06
8.71337e-05
1.22476e-06
-2.43572e-06
9.00188e-05
7.58416e-05
7.97287e-07
8.02027e-05
-6.1241e-07
8.40516e-05
-2.62424e-06
-4.55764e-06
8.61734e-05
7.06042e-05
-3.48364e-06
7.48997e-05
-4.90796e-06
7.88911e-05
-6.61565e-06
-7.79377e-06
8.21272e-05
6.55815e-05
-1.00101e-05
7.16694e-05
-1.10105e-05
7.65563e-05
-1.15145e-05
-1.10964e-05
7.98488e-05
3.70116e-05
-1.70197e-05
4.28427e-05
-1.68845e-05
4.79575e-05
-1.66839e-05
-1.51229e-05
5.19196e-05
3.4631e-05
-7.86014e-06
2.44148e-05
-6.68052e-06
1.45567e-05
-6.83847e-06
-5.55687e-06
4.97739e-06
6.88864e-05
-4.7295e-06
6.51892e-05
-2.99472e-06
5.97944e-05
-1.45547e-06
1.47172e-06
5.27537e-05
5.70567e-05
-1.05419e-05
6.37392e-05
-9.68861e-06
7.04691e-05
-8.19693e-06
-5.31168e-06
7.72407e-05
3.01379e-05
-1.01494e-05
3.08006e-05
-1.03621e-05
3.3226e-05
-1.06334e-05
-9.9781e-06
3.78812e-05
2.13473e-05
-8.55681e-06
1.96544e-05
-8.67962e-06
1.851e-05
-9.49972e-06
-9.70366e-06
1.82247e-05
2.17626e-05
-5.53293e-06
1.84934e-05
-5.42047e-06
1.50013e-05
-6.01797e-06
-6.26857e-06
1.15558e-05
1.6707e-05
-1.91044e-06
1.23366e-05
-1.05986e-06
7.09451e-06
-7.85731e-07
3.74148e-08
7.78531e-07
2.63491e-05
6.69232e-07
2.33347e-05
1.94515e-06
1.97088e-05
2.83072e-06
4.29156e-06
1.5445e-05
2.68404e-05
3.25834e-06
2.38972e-05
4.87939e-06
2.039e-05
6.32888e-06
8.19794e-06
1.64744e-05
3.69951e-05
5.23263e-06
3.46793e-05
7.18657e-06
3.19507e-05
9.04885e-06
1.13002e-05
2.88396e-05
4.43203e-05
6.31777e-06
4.30628e-05
8.43581e-06
4.15504e-05
1.05529e-05
1.2967e-05
3.98752e-05
5.56924e-05
6.64034e-06
5.52658e-05
8.85451e-06
5.48036e-05
1.1007e-05
1.34598e-05
5.43028e-05
6.45174e-05
6.25705e-06
6.48318e-05
8.53252e-06
6.51444e-05
1.06869e-05
1.31422e-05
6.54543e-05
7.63672e-05
5.18125e-06
7.74213e-05
7.47123e-06
7.85445e-05
9.55641e-06
1.19934e-05
7.9686e-05
8.48859e-05
3.65187e-06
8.64242e-05
5.92606e-06
8.80224e-05
7.95132e-06
1.03759e-05
8.96329e-05
9.67987e-05
1.62721e-06
9.88488e-05
3.86935e-06
0.000100965
5.82903e-06
8.24078e-06
0.000103093
0.000105658
-7.49081e-07
0.000108036
1.48517e-06
0.000110432
3.4274e-06
5.8655e-06
0.000112801
0.000117575
-3.73947e-06
0.000120511
-1.4563e-06
0.000123391
5.40595e-07
3.07412e-06
0.000126177
0.000125662
-7.35049e-06
0.000129168
-4.96798e-06
0.000132574
-2.87049e-06
-2.09439e-07
0.000135852
0.000135911
-1.18025e-05
0.000140229
-9.29152e-06
0.000144432
-7.07907e-06
-4.28918e-06
0.000148506
0.00014088
-1.7244e-05
0.000146161
-1.45776e-05
0.000151367
-1.22909e-05
-9.38115e-06
0.000156454
0.000146301
-2.38736e-05
0.000152787
-2.10689e-05
0.000159315
-1.88232e-05
-1.57313e-05
0.00016566
0.00014567
-3.14599e-05
0.00015337
-2.87739e-05
0.000161275
-2.67324e-05
-2.34418e-05
0.000168981
0.000143703
-4.01031e-05
0.000152864
-3.79382e-05
0.000162321
-3.61936e-05
-3.30284e-05
0.000171903
0.000136253
-4.92885e-05
0.000146397
-4.80857e-05
0.000157108
-4.69084e-05
-4.47155e-05
0.000168791
0.000125455
-5.96859e-05
0.000137338
-5.99727e-05
0.000150629
-6.02028e-05
-6.04819e-05
0.000166391
0.000107462
-6.99978e-05
0.000120252
-7.27659e-05
0.000135612
-7.55662e-05
-7.92807e-05
0.000154408
8.22833e-05
-8.157e-05
9.66935e-05
-8.71788e-05
0.000113053
-9.19287e-05
-9.64082e-05
0.000130178
4.83892e-05
-9.10514e-05
5.77671e-05
-9.65589e-05
6.46212e-05
-9.87853e-05
-0.000100078
6.82886e-05
-1.36721e-05
-9.06636e-05
-1.84292e-05
-9.18044e-05
-2.40168e-05
-9.32004e-05
-9.59906e-05
-2.8107e-05
-0.000101985
-7.38566e-05
-0.000121479
-7.23117e-05
-0.000137242
-7.74395e-05
-8.4725e-05
-0.00014851
-0.000191382
-5.18212e-05
-0.000210595
-5.31005e-05
-0.000227695
-6.03405e-05
-6.84794e-05
-0.000243943
-0.000261266
-2.17231e-05
-0.000284421
-2.99472e-05
-0.000304752
-4.00109e-05
-4.98036e-05
-0.000323429
-0.000262893
1.4347e-05
-0.000293832
9.9092e-07
-0.000320647
-1.3196e-05
-2.72141e-05
-0.000343238
-0.000338255
4.55356e-05
-0.00036044
2.31778e-05
-0.000374827
1.1911e-06
-1.93489e-05
-0.000382691
-0.000306581
-0.000319711
-0.000326845
-0.00032959
6.63365e-05
-1.64725e-05
9.19497e-05
-3.41647e-05
9.8099e-05
-5.76569e-05
8.71419e-05
-8.73697e-05
7.84325e-05
-0.000112662
7.02699e-05
-0.000120548
8.40917e-05
-0.000120373
0.000206521
6.43359e-05
0.00026636
0.000541342
0.000202823
0.000539134
0.000114383
0.000314836
6.08494e-05
7.52535e-05
5.0027e-05
-6.58745e-05
4.74549e-05
-8.00947e-05
5.45219e-05
-9.36454e-05
6.86227e-05
-0.000126372
4.42199e-05
-0.000158719
1.0088e-05
-0.000283697
-0.000337635
9.21622e-05
-1.87501e-05
9.11789e-05
-3.33212e-05
9.15847e-05
-5.43087e-05
8.54785e-05
-8.12637e-05
7.37764e-05
-0.00010096
6.08879e-05
-0.0001087
5.52539e-05
-0.00011779
0.000134131
-1.7017e-05
0.000236771
0.000436239
0.000268712
0.000504733
0.000261295
0.000319786
0.000210124
0.000123976
0.000151338
-9.5455e-06
0.000112225
-4.34436e-05
9.18526e-05
-7.57322e-05
7.12838e-05
-0.000108263
4.51255e-05
-0.000135026
2.19779e-05
-0.000262991
-0.000316607
8.85357e-05
-2.11125e-05
9.0901e-05
-3.56866e-05
8.96103e-05
-5.30181e-05
7.86603e-05
-7.03138e-05
6.06416e-05
-8.29414e-05
3.91887e-05
-8.83509e-05
2.56755e-05
-0.000107353
7.49225e-05
-6.87132e-05
0.000183446
0.00032526
0.00024859
0.00043713
0.000266368
0.000299556
0.000237155
0.000150739
0.000188359
3.67943e-05
0.000147182
-4.72793e-06
0.000112454
-4.34623e-05
7.82178e-05
-7.64853e-05
4.79292e-05
-0.000107197
2.19975e-05
-0.000239514
-0.000295172
8.63068e-05
-2.52922e-05
8.74599e-05
-3.68398e-05
8.26505e-05
-4.82087e-05
6.96392e-05
-5.73027e-05
4.99278e-05
-6.323e-05
2.29831e-05
-6.22907e-05
-6.73001e-06
-8.06901e-05
2.31685e-08
-7.79257e-05
0.000119541
0.000203296
0.000216819
0.000337403
0.000245913
0.00026801
0.000233495
0.000160709
0.000190159
7.76711e-05
0.000149882
3.30909e-05
0.000104236
-2.72978e-07
6.15743e-05
-3.62822e-05
4.33948e-05
-9.14693e-05
2.45288e-05
-0.000223168
-0.000271011
8.39437e-05
-2.94106e-05
8.39699e-05
-3.68797e-05
7.71851e-05
-4.14297e-05
6.42221e-05
-4.43413e-05
4.71271e-05
-4.5866e-05
2.34556e-05
-3.88289e-05
-2.23687e-05
-3.75341e-05
-3.72988e-05
-6.54719e-05
5.51347e-05
0.000108403
0.000140527
0.000249558
0.000190668
0.000215415
0.000192826
0.000156095
0.000160396
0.000107645
0.000124144
6.68862e-05
8.49384e-05
3.64762e-05
6.17291e-05
-1.55302e-05
5.16554e-05
-8.38623e-05
2.80123e-05
-0.000202351
-0.000243377
6.66785e-05
-4.4371e-05
7.9749e-05
-5.02509e-05
8.12855e-05
-4.31712e-05
6.98353e-05
-3.29795e-05
5.16495e-05
-2.76963e-05
3.32174e-05
-2.03999e-05
-2.63665e-06
-3.19805e-06
-5.29946e-05
-1.7991e-05
4.7165e-05
5.76154e-06
0.000136643
0.000157631
0.000141444
0.000208163
0.000148591
0.000146497
0.000123642
0.000130142
0.000100794
8.72821e-05
6.21104e-05
7.27025e-05
3.98494e-05
4.28265e-06
5.40177e-05
-0.00010048
3.18733e-05
-0.000182527
-0.000211693
-1.82068e-05
-2.12196e-05
-2.46473e-05
-4.38518e-05
1.27615e-05
-8.0636e-05
5.65677e-05
-7.69417e-05
5.76893e-05
-2.90907e-05
4.28793e-05
-5.601e-06
2.6604e-05
1.30326e-05
-2.85323e-05
3.4588e-05
-5.83414e-06
-1.93623e-05
6.0889e-05
8.85021e-05
0.000110338
0.000156292
0.00013352
0.000120876
0.000118604
0.000142616
9.0782e-05
0.000112658
6.10367e-05
9.99996e-05
5.99127e-05
2.984e-06
6.28408e-05
-0.000105903
3.37375e-05
-0.000155146
-0.000178022
2.02362e-05
1.12686e-05
-2.4014e-05
3.67502e-07
-5.14778e-05
-5.32025e-05
-2.82951e-05
-0.000100146
2.48228e-05
-8.22754e-05
5.1591e-05
-3.26403e-05
4.49175e-05
1.96695e-05
3.6588e-05
4.25689e-05
-5.17693e-05
6.6508e-05
-4.9492e-05
8.36373e-05
2.32597e-05
8.10721e-05
4.8773e-05
9.2989e-05
7.91486e-05
0.000109854
7.79475e-05
0.000111457
0.000102486
7.30561e-05
0.000119982
-1.69475e-05
8.90412e-05
-7.73981e-05
4.59312e-05
-0.000113056
-0.000132119
9.11322e-05
-2.65179e-06
7.77314e-05
1.37389e-05
3.83453e-05
-1.38489e-05
-1.21984e-05
-4.96265e-05
-2.66536e-05
-6.78563e-05
1.1212e-05
-7.05219e-05
5.23891e-05
-2.15583e-05
5.59158e-05
3.89234e-05
5.4281e-05
6.78458e-05
5.15425e-05
8.43227e-05
4.34638e-05
8.61401e-05
5.94148e-05
7.45082e-05
9.86113e-05
6.81066e-05
0.000139551
6.80127e-05
0.000174646
3.53969e-05
0.000161487
-6.0108e-06
0.000116687
-3.51801e-05
6.47963e-05
-6.14533e-05
-6.73379e-05
5.39006e-05
-1.86985e-05
7.09798e-05
-3.36869e-06
8.45073e-05
-2.7406e-05
6.89495e-05
-3.40998e-05
3.62712e-05
-3.52102e-05
1.33397e-05
-4.76286e-05
2.68307e-05
-3.50871e-05
5.72336e-05
8.70748e-06
6.37377e-05
6.11426e-05
7.38519e-05
7.37017e-05
8.70756e-05
7.19773e-05
0.000100857
5.91435e-05
0.000121231
4.54672e-05
0.000145552
4.13037e-05
0.000153867
2.50582e-05
0.000138987
7.87463e-06
0.000109702
-5.95524e-06
6.22346e-05
-1.40008e-05
-5.11768e-06
2.4578e-05
-2.50781e-05
3.71105e-05
-1.59282e-05
3.65018e-05
-2.68262e-05
5.65361e-05
-5.41616e-05
8.98949e-05
-6.85995e-05
7.2537e-05
-3.03018e-05
2.42452e-05
1.31726e-05
2.03335e-05
1.26299e-05
4.04108e-05
4.15346e-05
5.33248e-05
6.04826e-05
7.10367e-05
5.38017e-05
9.41041e-05
3.56478e-05
0.000116647
2.24077e-05
0.000130854
2.65558e-05
0.00013425
2.11455e-05
0.000127173
1.45043e-05
0.00010158
1.93827e-05
5.50815e-05
3.24267e-05
4.99495e-05
4.95048e-06
-1.8498e-05
4.28776e-06
-1.52916e-05
-2.64852e-07
-2.23005e-05
-2.42855e-05
-3.0169e-05
-8.35418e-05
-9.37228e-06
-0.000139698
2.58251e-05
-0.000158128
3.15717e-05
-0.000146153
6.46566e-07
-9.22164e-05
-1.20456e-05
-3.72665e-05
6.39834e-06
1.61428e-05
3.67875e-07
6.56677e-05
-1.42797e-05
0.000107132
-1.98378e-05
0.000131383
1.48192e-06
0.000124191
2.73197e-05
9.85333e-05
3.90396e-05
6.98425e-05
4.6772e-05
3.78693e-05
6.38231e-05
8.7807e-05
-1.82899e-05
5.46259e-07
-4.11809e-05
7.57509e-06
-7.02691e-05
6.76211e-06
-0.000124608
2.41455e-05
-0.000219112
8.51059e-05
-0.00030655
0.000113234
-0.000324165
4.91772e-05
-0.000299347
-2.35038e-05
-0.000269723
-4.01209e-05
-0.000218138
-4.5174e-05
-0.000162348
-5.592e-05
-0.000115477
-6.18091e-05
-7.79213e-05
-5.84066e-05
-4.14481e-05
-3.62843e-05
-1.62855e-05
5.71166e-07
-2.52895e-06
2.37027e-05
8.207e-06
3.47698e-05
8.9599e-06
6.28007e-05
9.67566e-05
1.42658e-06
1.45416e-05
-1.93701e-05
2.83482e-05
-5.44129e-05
4.17807e-05
-0.000105367
7.5075e-05
-0.000147403
0.000127117
-0.000184784
0.000150589
-0.00021297
7.73387e-05
-0.000209784
-2.66692e-05
-0.000190045
-5.92493e-05
-0.00017042
-6.38546e-05
-0.000151296
-7.5113e-05
-0.000134341
-7.88901e-05
-0.000121834
-7.10399e-05
-0.000104321
-5.41054e-05
-7.34313e-05
-3.0957e-05
-3.85079e-05
-1.19915e-05
-1.17199e-05
7.68202e-06
-5.87906e-07
5.16377e-05
9.61382e-05
4.31281e-06
2.66812e-05
-1.15965e-05
4.42353e-05
-3.61538e-05
6.63152e-05
-6.70474e-05
0.000105946
-9.58446e-05
0.000155892
-0.000126032
0.000180753
-0.000159108
0.00011039
-0.000178949
-6.85157e-06
-0.000177009
-6.12145e-05
-0.000164604
-7.62571e-05
-0.000147086
-9.22693e-05
-0.000127857
-9.78514e-05
-0.000111343
-8.77219e-05
-9.51763e-05
-7.03707e-05
-7.14989e-05
-5.46444e-05
-3.91127e-05
-4.43883e-05
-1.32937e-05
-1.8148e-05
-2.29365e-06
4.06265e-05
9.37966e-05
1.9664e-05
3.58358e-05
8.54763e-06
5.53304e-05
-3.97051e-06
7.88117e-05
-1.56545e-05
0.000117609
-2.6242e-05
0.000166459
-4.934e-05
0.000203828
-0.000115085
0.000176113
-0.00019703
7.50705e-05
-0.000239174
-1.90921e-05
-0.000243294
-7.21576e-05
-0.000229404
-0.000106182
-0.000183944
-0.000143338
-0.000134532
-0.000136868
-0.000105707
-9.87373e-05
-7.87871e-05
-8.1771e-05
-4.40345e-05
-7.92274e-05
-1.3916e-05
-4.82797e-05
-2.83542e-06
2.95387e-05
9.09228e-05
3.4689e-05
4.10021e-05
2.90125e-05
6.09866e-05
2.2669e-05
8.51347e-05
2.22334e-05
0.000118024
2.94063e-05
0.000159266
3.16625e-05
0.000201553
-3.17543e-06
0.000210928
-7.89415e-05
0.000150815
-0.000166052
6.79977e-05
-0.000236232
-1.99821e-06
-0.000254505
-8.79311e-05
-0.000219607
-0.000178256
-0.000159702
-0.000196795
-0.000107973
-0.000150494
-7.7663e-05
-0.000111724
-5.30247e-05
-0.000103913
-2.55134e-05
-7.58883e-05
-6.70199e-06
1.06882e-05
8.42059e-05
5.32503e-05
4.20355e-05
5.27444e-05
6.14733e-05
5.42421e-05
8.36175e-05
6.07285e-05
0.000111518
7.77443e-05
0.000142231
0.000106658
0.00017262
0.000124531
0.000193037
0.000107672
0.000167652
5.75045e-05
0.000118146
-5.67982e-06
6.11661e-05
-5.30045e-05
-4.06272e-05
-0.00010426
-0.000127021
-0.000126548
-0.000174524
-0.000104384
-0.000172677
-8.0015e-05
-0.000136038
-6.3844e-05
-0.000119615
-4.15973e-05
-9.81658e-05
-1.44797e-05
-1.64552e-05
6.97174e-05
6.63222e-05
4.11495e-05
6.80854e-05
5.96917e-05
7.17247e-05
7.99597e-05
7.93225e-05
0.000103902
9.45143e-05
0.000127021
0.000119322
0.000147794
0.00014871
0.000163632
0.000166355
0.000149988
0.0001685
0.000115981
0.0001596
7.00465e-05
0.000114987
3.96559e-06
3.33957e-05
-4.54495e-05
-4.90475e-05
-9.21005e-05
-9.65235e-05
-0.000125218
-9.06008e-05
-0.000141941
-7.64927e-05
-0.000133469
-5.76432e-05
-0.00011722
-2.38796e-05
-5.02925e-05
4.58337e-05
8.28126e-05
3.80056e-05
8.68159e-05
5.56709e-05
9.28156e-05
7.39423e-05
0.000101822
9.48782e-05
0.00011529
0.000113535
0.000134337
0.000128729
0.00015857
0.000139382
0.000176872
0.000131669
0.000180425
0.00011241
0.00016785
8.26033e-05
0.000134969
3.68269e-05
8.52396e-05
4.26122e-06
2.13178e-05
-2.81975e-05
-6.11196e-05
-4.27976e-05
-9.44064e-05
-0.000108661
-7.98155e-05
-0.000148049
-6.5832e-05
-0.000131299
-4.13964e-05
-7.487e-05
4.84715e-06
9.37149e-05
3.39071e-05
9.84359e-05
5.09333e-05
0.000104521
6.78401e-05
0.000112425
8.69574e-05
0.000123267
0.000102677
0.000137027
0.000114952
0.000154007
0.000122384
0.00017015
0.000115509
0.000177753
0.00010479
0.000174036
8.63021e-05
0.000155771
5.5074e-05
0.0001207
3.93145e-05
8.19736e-05
1.05111e-05
2.57486e-05
1.34102e-05
-3.28184e-05
-5.01103e-05
-6.9318e-05
-0.000111562
-6.87378e-05
-0.000131825
-5.84918e-05
-8.50726e-05
-5.36835e-05
0.000108395
2.85897e-05
0.000114107
4.52051e-05
0.000120584
6.13473e-05
0.000127729
7.97966e-05
0.000135922
9.4468e-05
0.000145169
0.000105688
0.000154984
0.000112553
0.000163511
0.000106966
0.000166869
0.000101415
0.000162894
9.02594e-05
0.000148287
6.96644e-05
0.000125564
6.20209e-05
9.36315e-05
4.24265e-05
6.5022e-05
4.20032e-05
8.17507e-06
6.72014e-06
-6.06979e-05
-4.27037e-05
-6.09353e-05
-0.00013159
-3.47956e-05
-0.000111161
-8.84016e-05
0.000118501
2.28747e-05
0.000124319
3.93716e-05
0.000130587
5.50644e-05
0.000137135
7.32332e-05
0.000144107
8.74806e-05
0.000151293
9.84868e-05
0.000157714
0.000106118
0.000161986
0.000102678
0.000162953
0.000100432
0.000159184
9.40125e-05
0.000147836
8.09964e-05
0.000129169
8.06717e-05
0.000104495
6.7085e-05
7.56453e-05
7.08369e-05
3.39122e-05
4.84376e-05
-1.88065e-05
9.9988e-06
-2.97449e-05
-0.000120666
-5.33461e-06
-0.000135421
-9.38268e-05
0.000132599
1.64381e-05
0.000138682
3.32742e-05
0.000144722
4.90105e-05
0.000150594
6.73465e-05
0.000156082
8.19787e-05
0.000160869
9.36852e-05
0.000163447
0.000103525
0.000163436
0.000102674
0.000159869
0.000103985
0.000152769
0.000101096
0.00014041
9.33412e-05
0.000124459
9.66071e-05
0.000105113
8.64153e-05
8.50643e-05
9.08709e-05
6.66695e-05
6.68174e-05
3.72402e-05
3.94126e-05
4.53317e-06
-8.7975e-05
-7.584e-07
-0.000129969
-9.47111e-05
0.000143198
9.07841e-06
0.000149799
2.66594e-05
0.00015607
4.27259e-05
0.000161977
6.14266e-05
0.000166815
7.71266e-05
0.000169837
9.06498e-05
0.000169676
0.000103671
0.000166406
0.00010593
0.000159209
0.000111168
0.000148967
0.000111324
0.000132861
0.000109433
0.000114128
0.000115326
9.12692e-05
0.00010926
7.0228e-05
0.000111898
5.70516e-05
7.99795e-05
4.5077e-05
5.1373e-05
2.37082e-05
-6.6621e-05
7.65882e-06
-0.000113933
-8.7105e-05
0.00015742
1.5192e-07
0.000165136
1.89305e-05
0.000172086
3.57639e-05
0.000177898
5.56013e-05
0.000181397
7.36148e-05
0.000181839
9.01949e-05
0.000178014
0.000107483
0.00017058
0.000113351
0.000158211
0.000123524
0.000143405
0.000126117
0.000122816
0.000130009
0.000100071
0.000138056
7.27745e-05
0.000136544
4.67161e-05
0.000137943
2.66681e-05
0.000100014
2.20513e-05
5.59754e-05
1.85796e-05
-6.31629e-05
9.24679e-06
-0.000104613
-7.8071e-05
0.000167556
-1.09617e-05
0.000177645
8.82909e-06
0.000186558
2.68394e-05
0.000193372
4.87751e-05
0.000196789
7.01855e-05
0.000196047
9.09254e-05
0.000189689
0.000113828
0.000177656
0.000125371
0.000159135
0.000142033
0.000137436
0.000147804
0.000107977
0.000159456
7.7097e-05
0.000168924
3.69373e-05
0.000176691
3.6775e-06
0.00017119
-1.37445e-05
0.000117423
4.40971e-06
3.7808e-05
2.02499e-05
-7.90164e-05
8.1509e-06
-9.25269e-05
-6.99742e-05
0.000180002
-2.53145e-05
0.000193747
-4.92765e-06
0.000205357
1.52181e-05
0.000213777
4.03437e-05
0.000217393
6.65584e-05
0.000215172
9.31354e-05
0.000205651
0.000123337
0.000188738
0.000142273
0.000163581
0.000167178
0.000134985
0.000176388
9.62334e-05
0.000198196
5.63385e-05
0.000208807
6.80245e-07
0.000232338
-5.96828e-05
0.000231542
-8.59283e-05
0.000143658
-4.08055e-05
-7.32865e-06
9.58057e-06
-0.000129408
1.58094e-05
-9.82785e-05
-5.40365e-05
0.000187579
-4.39232e-05
0.000206258
-2.36178e-05
0.000223041
-1.57493e-06
0.000236354
2.70203e-05
0.000242179
6.07228e-05
0.000238806
9.6498e-05
0.000225592
0.000136541
0.000202434
0.00016542
0.000168697
0.000200904
0.000129936
0.000215138
7.90416e-05
0.00024908
2.47791e-05
0.000263059
-5.3249e-05
0.000310357
-0.000139665
0.000317951
-0.000125606
0.000129592
-5.90653e-05
-7.38541e-05
-3.13735e-05
-0.000156895
7.26983e-07
-0.000129969
-5.33771e-05
0.000196928
-6.89577e-05
0.000223792
-5.04925e-05
0.00024959
-2.73818e-05
0.000268388
8.21233e-06
0.000275021
5.40801e-05
0.000268883
0.000102626
0.000249545
0.000155869
0.000218359
0.000196597
0.000174734
0.00024452
0.000125275
0.000264587
6.11535e-05
0.000313194
-4.2475e-06
0.000328453
-0.00010076
0.000406864
-0.000154718
0.000371907
-8.70574e-05
6.19502e-05
-3.91422e-05
-0.000121625
-3.73521e-05
-0.000158056
-9.38543e-06
-0.000156822
-6.28365e-05
0.000202118
-0.000102294
0.000240302
-8.86851e-05
0.000274277
-6.13655e-05
0.000296024
-1.35438e-05
0.000302419
4.7676e-05
0.000294106
0.00011093
0.000270651
0.000179315
0.000233928
0.000233311
0.00018493
0.000293509
0.000130268
0.000319242
6.48544e-05
0.000378601
-6.41627e-06
0.000399716
-9.30856e-05
0.00049353
-0.00010806
0.000386875
-6.10206e-05
1.4937e-05
-4.37364e-05
-0.000138869
-3.5475e-05
-0.000166457
-2.72125e-05
-0.000165092
-9.03321e-05
0.00021097
-0.000146881
0.000256939
-0.000134662
0.00029287
-9.73041e-05
0.000313819
-3.45013e-05
0.000316387
4.50997e-05
0.000302477
0.000124832
0.000275294
0.000206492
0.000235555
0.000273042
0.000183293
0.000345765
0.000126494
0.000376034
6.52406e-05
0.000439849
-3.48665e-06
0.000468438
-6.9785e-05
0.000559825
-8.06154e-05
0.000397701
-6.98506e-05
4.17562e-06
-5.4061e-05
-0.00015469
-1.8168e-05
-0.000202571
-2.82335e-05
-0.000155273
-0.000118387
0.000202493
-0.000194973
0.000244029
-0.000176205
0.000278307
-0.000131589
0.000300572
-5.67735e-05
0.000302165
4.34985e-05
0.000287027
0.000139963
0.000259158
0.000234353
0.000223344
0.000308849
0.000175694
0.000393409
0.000122553
0.00042917
6.76361e-05
0.000494763
1.24276e-05
0.000523642
-4.06788e-05
0.00061293
-5.99448e-05
0.000416961
-8.27024e-05
2.69235e-05
-5.31113e-05
-0.000184283
1.08392e-05
-0.000266527
4.98111e-06
-0.000150011
-0.000111956
0.000163687
-0.000228488
0.000196457
-0.000208983
0.000233941
-0.00016908
0.000262738
-8.55766e-05
0.000267394
3.88365e-05
0.000249431
0.000157919
0.000220455
0.000263324
0.000187233
0.000342065
0.000148227
0.000432409
0.000102841
0.000474552
6.19181e-05
0.000535681
1.84607e-05
0.000567096
-1.95935e-05
0.000650981
-4.73489e-05
0.000444713
-7.4857e-05
5.44249e-05
-2.31016e-05
-0.000236048
3.07823e-05
-0.000320428
1.81946e-05
-0.000137508
-9.40244e-05
7.68968e-05
-0.000237103
0.000101563
-0.000233656
0.000139043
-0.000206565
0.000175973
-0.000122513
0.000188886
2.59178e-05
0.000177207
0.000169593
0.000156487
0.000284037
0.000131147
0.0003674
0.000104614
0.000458938
7.49672e-05
0.000504196
4.82647e-05
0.000562381
2.59554e-05
0.000589401
1.35902e-05
0.000663343
-1.40962e-05
0.000472394
-2.79423e-05
6.82657e-05
2.25407e-05
-0.000286538
4.59652e-05
-0.000343863
2.07735e-05
-0.000112327
-7.35785e-05
-2.79456e-05
-0.00023727
-1.57892e-05
-0.000245818
6.18446e-06
-0.000228544
3.28848e-05
-0.000149217
5.14772e-05
7.31951e-06
6.2686e-05
0.000158376
6.27369e-05
0.000283978
5.15078e-05
0.00037862
4.21455e-05
0.000468295
2.94247e-05
0.000516912
2.30583e-05
0.000568743
2.53349e-05
0.000587121
4.51717e-05
0.000643502
4.30302e-05
0.000474531
3.59142e-05
7.53765e-05
3.26686e-05
-0.000283295
2.48265e-05
-0.000336029
2.0349e-05
-0.000107897
-5.36118e-05
-0.000166278
-0.000219507
-0.000173312
-0.000238789
-0.000168093
-0.000233769
-0.000148727
-0.00016859
-0.000119996
-2.14165e-05
-8.66001e-05
0.000124975
-6.07778e-05
0.000258151
-4.859e-05
0.000366426
-3.55774e-05
0.000455278
-2.61246e-05
0.000507455
-7.35189e-06
0.000549966
1.65843e-05
0.000563181
5.92159e-05
0.000600865
9.0367e-05
0.000443375
0.000103913
6.18271e-05
4.54179e-05
-0.0002248
3.09005e-07
-0.000290921
2.39412e-05
-0.000131338
-3.01287e-05
-0.000277078
-0.000186378
-0.000298341
-0.00021753
-0.000307433
-0.00022468
-0.00029252
-0.000183507
-0.000259115
-5.48249e-05
-0.000220676
8.65316e-05
-0.000178546
0.000216017
-0.00014204
0.000329918
-0.000104386
0.000417622
-7.06141e-05
0.000473679
-3.24046e-05
0.000511753
7.02361e-06
0.000523749
6.38318e-05
0.000544051
0.000109304
0.000397898
0.000126192
4.49403e-05
6.90518e-05
-0.000167657
6.8715e-06
-0.000228745
2.36424e-05
-0.000148103
-6.66702e-06
-0.000359772
-0.000150039
-0.000384515
-0.00019279
-0.000400356
-0.000208843
-0.000395205
-0.00018866
-0.000362386
-8.76456e-05
-0.000320343
4.44861e-05
-0.000272713
0.000168385
-0.000221185
0.000278388
-0.000168284
0.000364718
-0.000118098
0.00042349
-6.53891e-05
0.000459041
-1.26327e-05
0.000470989
4.79312e-05
0.000483484
0.000104446
0.00034138
0.000133854
1.55408e-05
0.000110426
-0.000144239
5.50495e-05
-0.000173377
3.1651e-05
-0.000124712
2.47206e-05
-0.000380903
-0.000112375
-0.000404189
-0.000169505
-0.000420182
-0.000192849
-0.000423665
-0.000185178
-0.000400335
-0.000110975
-0.000359685
3.83465e-06
-0.000308836
0.000117533
-0.000251471
0.00022102
-0.00019356
0.000306804
-0.000138947
0.000368874
-8.59287e-05
0.00040602
-3.77253e-05
0.000422783
1.80417e-05
0.000427713
8.46309e-05
0.000274795
0.000105546
-5.3729e-06
8.13955e-05
-0.000120099
5.19458e-05
-0.000143931
2.85884e-05
-0.000101353
5.30465e-05
-0.000386964
-0.0001081
-0.000384301
-0.000172168
-0.000381855
-0.000195294
-0.00037818
-0.00018885
-0.000371046
-0.000118107
-0.00035333
-1.38824e-05
-0.000320074
8.42758e-05
-0.000276205
0.00017715
-0.000226702
0.0002573
-0.000177558
0.000319728
-0.000128389
0.000356849
-8.39865e-05
0.00037838
3.77909e-06
0.000339952
7.66933e-05
0.000201902
0.000108902
-3.75887e-05
8.70435e-05
-9.82442e-05
0.000180941
-0.000237836
0.000179413
-9.98339e-05
0.00023098
-0.000326785
-0.000317491
-0.000305394
-0.000291489
-0.000281256
-0.000272644
-0.000256284
-0.000229928
-0.00019786
-0.000162579
-0.00012566
-8.84846e-05
-1.74057e-05
3.07802e-05
8.22772e-05
8.98158e-05
0.000193954
0.00019071
)
;

boundaryField
{
    leftWall
    {
        type            calculated;
        value           uniform 0;
    }
    rightWall
    {
        type            calculated;
        value           uniform 0;
    }
    lowerWall
    {
        type            calculated;
        value           uniform 0;
    }
    atmosphere
    {
        type            calculated;
        value           nonuniform List<scalar> 
46
(
-9.18566e-05
-9.17668e-05
-9.18695e-05
-9.19192e-05
-9.23808e-05
-9.26969e-05
-9.35619e-05
-9.41641e-05
-9.53599e-05
-9.61218e-05
-9.73914e-05
-9.79092e-05
-9.86724e-05
-9.79927e-05
-9.72527e-05
-9.33733e-05
-8.79767e-05
-7.49083e-05
-5.2152e-05
-4.85782e-07
8.69246e-05
0.000157207
0.000176189
6.71657e-05
3.63081e-05
8.32749e-06
-1.66002e-05
-0.00011089
-0.000181446
-0.000207371
-0.000202741
-0.000128332
-2.24941e-05
6.79091e-05
0.000150779
0.000225213
0.000284421
0.000319903
0.000341175
0.000268843
0.000153684
-8.90838e-05
-0.000105776
-0.000341946
-9.6586e-05
0.000424552
)
;
    }
    defaultFaces
    {
        type            empty;
        value           nonuniform List<scalar> 0();
    }
}


// ************************************************************************* //
