/*--------------------------------*- C++ -*----------------------------------*\
| =========                 |                                                 |
| \\      /  F ield         | OpenFOAM: The Open Source CFD Toolbox           |
|  \\    /   O peration     | Version:  2012                                  |
|   \\  /    A nd           | Website:  www.openfoam.com                      |
|    \\/     M anipulation  |                                                 |
\*---------------------------------------------------------------------------*/
FoamFile
{
    version     2.0;
    format      ascii;
    class       volScalarField;
    location    "0.56";
    object      T;
}
// * * * * * * * * * * * * * * * * * * * * * * * * * * * * * * * * * * * * * //

dimensions      [0 0 0 1 0 0 0];


internalField   nonuniform List<scalar> 
2268
(
273
273
273
273
273
273
273
273
273
273
273
273
273
273
273
273
273
273
273
273
273
273
273
273
273
273
273
273
273
273
273
273
273
273
273
273
273
273
273
273
273
273
273
273
273
273
273
273
273
273
273
273
273
273
273
273
273
273
273
273
273
273
273
273
273
273
273
273
273
273
273
273
273
273
273
273
273
273
273
273
273
273
273
273
273
273
273
273
273
273
273
273
273
273
273
273
273
273
273
273
273
273
273
273
273
273
273
273
273
273
273
273
273
273
273
272.999
272.999
272.999
272.999
272.999
272.999
272.999
273
273
273
273
273
273
273
273
273
273
273
273
273
273
273
273
272.996
272.996
272.996
272.997
272.997
272.997
272.997
272.998
272.998
272.999
272.999
272.999
273
273
273
273
273
273
273
273
273
273
273
272.99
272.99
272.99
272.991
272.991
272.991
272.992
272.993
272.994
272.996
272.997
272.997
272.998
272.999
272.999
273
273
273
273
273
273
273
273
273.232
273.237
273.252
273.263
273.237
273.182
273.113
273.082
273.072
273.073
273.088
273.098
273.101
273.101
273.101
273.106
273.112
273.116
273.118
273.315
273.838
273.972
273.926
273.821
274.07
273.318
273.259
273.2
273.177
273.168
273.16
273.164
273.161
273.144
273.139
273.143
273.144
273.125
273.264
274.024
274.029
273.872
273.218
273.384
273.596
273.443
273.238
273.353
273.523
273.426
273.246
273.144
273.178
273.216
273.254
273.173
273.125
273.348
274.048
274.038
273.948
273.054
272.907
273.152
273.333
273.282
273.338
273.503
273.487
273.514
273.595
273.656
273.652
273.484
273.164
273.13
273.653
274.07
274.026
273.917
273.068
272.941
272.964
273.109
273.294
273.386
273.515
273.547
273.544
273.54
273.553
273.54
273.304
273.067
273.136
273.994
274.086
274.025
273.581
272.955
272.934
273.037
273.049
273.304
273.446
273.523
273.551
273.527
273.514
273.522
273.527
273.415
273.024
273.138
274.124
274.085
273.995
273.145
272.914
272.938
273.037
273.074
273.387
273.516
273.541
273.547
273.504
273.501
273.513
273.524
273.503
273.109
273.134
273.972
273.888
273.857
273.065
272.922
272.949
273.02
273.088
273.506
273.606
273.584
273.543
273.483
273.494
273.511
273.524
273.538
273.358
273.131
272.983
272.983
272.983
272.984
272.984
272.984
272.984
272.985
272.986
272.987
272.989
272.991
272.993
272.995
272.997
272.998
272.999
272.999
273
273
273
273
273
272.979
272.979
272.979
272.979
272.979
272.979
272.979
272.979
272.977
272.978
272.978
272.979
272.981
272.983
272.987
272.99
272.993
272.996
272.998
272.999
272.999
273
273
272.991
272.99
272.99
272.99
272.99
272.989
272.987
272.984
272.979
272.98
272.978
272.977
272.976
272.976
272.977
272.979
272.982
272.985
272.99
272.993
272.996
272.997
272.999
273.001
273.001
273.001
273.001
273
273
272.999
272.998
272.996
272.995
272.995
272.994
272.984
272.982
272.986
272.982
272.978
272.978
272.98
272.982
272.985
272.988
272.992
273.004
273.004
273.004
273.004
273.004
273.004
273.004
273.004
273.003
273.003
273.003
273.003
272.996
272.997
273.003
272.999
272.99
272.982
272.98
272.979
272.979
272.98
272.981
273.005
273.005
273.005
273.005
273.005
273.005
273.005
273.005
273.005
273.005
273.005
273.005
273.004
273.005
273.005
273.005
273.004
273.003
273
272.997
272.989
272.993
272.99
273.005
273.005
273.005
273.005
273.005
273.005
273.005
273.005
273.005
273.005
273.005
273.005
273.005
273.005
273.005
273.006
273.006
273.006
273.006
273.006
273.005
273.005
273.004
273.005
273.005
273.005
273.005
273.005
273.005
273.005
273.005
273.005
273.005
273.005
273.005
273.005
273.005
273.005
273.005
273.006
273.006
273.006
273.006
273.006
273.007
273.007
273.004
273.004
273.004
273.004
273.004
273.005
273.005
273.005
273.005
273.005
273.005
273.005
273.005
273.005
273.005
273.005
273.005
273.005
273.006
273.006
273.006
273.007
273.007
273.004
273.004
273.004
273.004
273.004
273.004
273.004
273.004
273.004
273.004
273.005
273.005
273.005
273.005
273.005
273.005
273.005
273.005
273.006
273.006
273.006
273.006
273.007
273.004
273.004
273.004
273.004
273.004
273.004
273.004
273.004
273.004
273.004
273.004
273.004
273.005
273.005
273.005
273.005
273.005
273.005
273.005
273.005
273.006
273.006
273.006
273.004
273.004
273.004
273.004
273.004
273.004
273.004
273.004
273.004
273.004
273.004
273.004
273.004
273.004
273.005
273.005
273.005
273.005
273.005
273.005
273.005
273.006
273.006
273.004
273.004
273.004
273.004
273.004
273.004
273.004
273.004
273.004
273.004
273.004
273.004
273.004
273.004
273.004
273.004
273.005
273.005
273.005
273.005
273.005
273.005
273.005
273.004
273.004
273.004
273.004
273.004
273.004
273.004
273.004
273.004
273.004
273.004
273.004
273.004
273.004
273.004
273.004
273.004
273.005
273.005
273.005
273.005
273.005
273.005
273.004
273.004
273.004
273.004
273.004
273.004
273.004
273.004
273.004
273.004
273.004
273.004
273.004
273.004
273.004
273.004
273.004
273.004
273.004
273.004
273.005
273.005
273.005
273.004
273.004
273.004
273.004
273.004
273.004
273.004
273.004
273.004
273.004
273.004
273.004
273.004
273.004
273.004
273.004
273.004
273.004
273.004
273.004
273.004
273.005
273.005
273.004
273.004
273.004
273.004
273.004
273.004
273.004
273.004
273.004
273.004
273.004
273.004
273.004
273.004
273.004
273.004
273.004
273.004
273.004
273.004
273.004
273.004
273.004
273.004
273.004
273.004
273.004
273.004
273.004
273.004
273.004
273.004
273.004
273.004
273.004
273.004
273.004
273.004
273.004
273.004
273.004
273.004
273.004
273.004
273.004
273.004
273.005
273.005
273.005
273.005
273.005
273.005
273.005
273.004
273.004
273.004
273.004
273.004
273.004
273.004
273.004
273.004
273.004
273.004
273.004
273.004
273.004
273.004
273.004
273.006
273.006
273.006
273.006
273.006
273.006
273.006
273.005
273.005
273.005
273.005
273.005
273.005
273.004
273.004
273.004
273.004
273.004
273.004
273.004
273.004
273.004
273.004
273.008
273.008
273.008
273.008
273.008
273.008
273.007
273.007
273.007
273.007
273.006
273.006
273.006
273.005
273.005
273.005
273.004
273.004
273.004
273.004
273.004
273.004
273.003
273.012
273.011
273.011
273.011
273.011
273.011
273.01
273.01
273.01
273.009
273.009
273.008
273.008
273.007
273.007
273.006
273.006
273.005
273.005
273.004
273.004
273.004
273.004
273.015
273.014
273.014
273.014
273.014
273.014
273.014
273.013
273.013
273.013
273.012
273.012
273.011
273.011
273.01
273.009
273.008
273.007
273.007
273.006
273.005
273.004
273.004
273.017
273.017
273.017
273.017
273.017
273.016
273.016
273.016
273.016
273.016
273.015
273.015
273.015
273.014
273.014
273.013
273.012
273.011
273.01
273.009
273.007
273.006
273.005
273.018
273.018
273.018
273.018
273.018
273.018
273.018
273.018
273.018
273.018
273.018
273.017
273.017
273.017
273.016
273.016
273.015
273.014
273.014
273.012
273.011
273.01
273.008
273.019
273.019
273.019
273.019
273.019
273.019
273.019
273.019
273.019
273.019
273.019
273.019
273.019
273.018
273.018
273.018
273.017
273.017
273.016
273.015
273.014
273.013
273.012
273.02
273.02
273.02
273.02
273.02
273.02
273.02
273.02
273.02
273.02
273.02
273.019
273.019
273.019
273.019
273.019
273.018
273.018
273.018
273.017
273.016
273.015
273.014
273.02
273.02
273.02
273.02
273.02
273.02
273.02
273.02
273.02
273.02
273.02
273.02
273.02
273.019
273.019
273.019
273.019
273.018
273.018
273.018
273.017
273.016
273.016
273.02
273.02
273.02
273.02
273.02
273.02
273.02
273.02
273.02
273.02
273.02
273.02
273.019
273.019
273.019
273.019
273.019
273.018
273.018
273.017
273.017
273.016
273.016
273.019
273.019
273.019
273.019
273.019
273.019
273.019
273.019
273.019
273.019
273.019
273.019
273.019
273.019
273.019
273.018
273.018
273.018
273.017
273.017
273.016
273.016
273.015
273.019
273.019
273.019
273.019
273.019
273.019
273.018
273.018
273.018
273.018
273.018
273.018
273.018
273.018
273.017
273.017
273.017
273.016
273.016
273.015
273.015
273.014
273.013
273.017
273.017
273.017
273.017
273.017
273.017
273.017
273.017
273.017
273.017
273.017
273.016
273.016
273.016
273.016
273.015
273.015
273.014
273.014
273.013
273.012
273.011
273.009
273.015
273.015
273.015
273.015
273.015
273.015
273.015
273.015
273.015
273.015
273.015
273.015
273.015
273.015
273.014
273.014
273.014
273.013
273.012
273.011
273.009
273.007
273.005
273.014
273.014
273.014
273.014
273.014
273.014
273.014
273.014
273.014
273.014
273.014
273.014
273.014
273.014
273.013
273.013
273.012
273.011
273.01
273.008
273.006
273.003
273.002
273.013
273.013
273.013
273.013
273.013
273.013
273.013
273.013
273.013
273.013
273.013
273.013
273.013
273.013
273.012
273.012
273.011
273.01
273.008
273.005
273.002
273.002
273.003
273.012
273.012
273.012
273.012
273.012
273.012
273.012
273.012
273.012
273.012
273.012
273.012
273.012
273.012
273.011
273.011
273.01
273.008
273.006
273.002
273.001
273.003
273.007
273.011
273.011
273.011
273.011
273.011
273.011
273.011
273.011
273.011
273.011
273.011
273.011
273.011
273.011
273.01
273.01
273.009
273.007
273.003
273.001
273.001
273.006
273.009
273.01
273.01
273.01
273.01
273.01
273.01
273.01
273.01
273.01
273.01
273.01
273.01
273.01
273.01
273.009
273.009
273.007
273.004
273.001
273
273.003
273.009
273.013
273.009
273.009
273.009
273.009
273.009
273.009
273.009
273.009
273.009
273.009
273.009
273.009
273.009
273.009
273.008
273.007
273.005
273.002
272.999
272.999
273.005
273.014
273.023
273.007
273.007
273.007
273.007
273.008
273.008
273.008
273.008
273.008
273.008
273.008
273.007
273.007
273.007
273.006
273.005
273.003
272.999
272.996
272.997
273.007
273.026
273.039
273.006
273.006
273.006
273.006
273.006
273.006
273.006
273.006
273.006
273.006
273.006
273.006
273.005
273.005
273.003
273.002
272.998
272.994
272.994
273.002
273.024
273.043
273.051
273.005
273.005
273.005
273.005
273.005
273.005
273.005
273.005
273.005
273.005
273.005
273.004
273.004
273.003
273.001
272.998
272.993
272.987
272.987
273.008
273.04
273.055
273.057
273
273
273
272.987
273
273
273
273
272.999
272.999
272.999
273
272.993
272.994
272.994
272.994
272.982
272.983
272.983
272.984
272.989
272.986
272.981
272.979
273.002
272.999
272.993
272.989
273.007
273.006
273.006
273.005
273.007
273.007
273.007
273.007
273.007
273.007
273.007
273.007
273.006
273.007
273.007
273.007
273.006
273.006
273.006
273.006
273.006
273.006
273.006
273.006
273.005
273.005
273.005
273.005
273.005
273.005
273.005
273.005
273.005
273.005
273.005
273.005
273.004
273.004
273.004
273.004
273.004
273.004
273.004
273.004
273.004
273.004
273.004
273.004
273.004
273.004
273.004
273.004
273.003
273.003
273.003
273.003
273.003
273.003
273.003
273.003
273.004
273.004
273.003
273.003
273.005
273.004
273.004
273.004
273.007
273.006
273.006
273.005
273.011
273.01
273.009
273.008
273.014
273.013
273.012
273.011
273.015
273.014
273.014
273.013
273.015
273.015
273.014
273.014
273.014
273.014
273.013
273.013
273.012
273.011
273.011
273.01
273.008
273.007
273.006
273.005
273.004
273.003
273.003
273.003
273.003
273.003
273.004
273.005
273.005
273.006
273.007
273.007
273.008
273.008
273.008
273.008
273.01
273.01
273.01
273.009
273.015
273.015
273.015
273.012
273.028
273.028
273.025
273.021
273.041
273.037
273.032
273.027
273.048
273.042
273.036
273.03
273.051
273.044
273.038
273.032
273.079
273.065
272.968
272.92
272.953
272.959
272.974
273.085
273.52
273.645
273.608
273.52
273.469
273.489
273.51
273.529
273.538
273.55
273.132
272.998
272.982
272.972
272.98
272.996
272.962
272.933
273.177
273.468
273.611
273.587
273.5
273.474
273.485
273.508
273.532
273.536
273.581
273.136
272.999
272.997
272.995
272.998
273.006
272.961
272.92
273.375
273.489
273.532
273.534
273.49
273.483
273.49
273.508
273.533
273.535
273.537
273.134
272.995
272.995
272.995
272.998
273.007
272.977
272.919
273.405
273.513
273.482
273.497
273.489
273.49
273.498
273.516
273.535
273.537
273.257
273.129
272.985
272.985
272.986
272.988
273.004
272.999
272.903
273.411
273.511
273.479
273.493
273.493
273.498
273.506
273.524
273.534
273.557
273.339
273.144
272.979
272.978
272.978
272.981
272.992
273.002
272.897
273.416
273.512
273.494
273.501
273.502
273.506
273.517
273.534
273.524
273.647
273.405
273.156
272.987
272.985
272.985
272.981
272.986
272.999
273.011
273.216
273.574
273.511
273.51
273.51
273.515
273.53
273.543
273.54
273.791
273.446
273.16
273.001
272.994
272.997
272.997
272.987
272.992
272.997
273.237
273.853
273.55
273.525
273.529
273.542
273.558
273.57
273.622
273.85
273.454
273.147
273.007
273.005
273.004
273.003
273.001
272.993
272.993
273.058
273.312
273.531
273.559
273.673
273.706
273.69
273.713
273.834
273.551
273.334
273.099
273.007
273.006
273.006
273.006
273.006
273.006
273.001
273.006
273.141
273.305
273.213
273.483
273.608
273.598
273.602
273.58
273.459
273.202
273.067
273.007
273.007
273.007
273.006
273.008
273.01
273.008
273.006
273.044
273.149
273.196
273.415
273.468
273.464
273.425
273.327
273.181
273.078
273.047
273.007
273.007
273.007
273.01
273.023
273.033
273.037
273.041
273.054
273.096
273.131
273.157
273.142
273.158
273.15
273.128
273.094
273.054
273.041
273.006
273.007
273.011
273.024
273.035
273.035
273.021
273.014
273.014
273.014
273.012
273.014
273.028
273.051
273.066
273.064
273.045
273.039
273.038
273.006
273.006
273.01
273.021
273.029
273.024
273.009
273
272.997
272.997
272.999
273.005
273.013
273.02
273.024
273.026
273.026
273.031
273.037
273.005
273.005
273.008
273.018
273.026
273.022
273.006
273
273
273.004
273.005
273.011
273.022
273.032
273.037
273.037
273.022
273.022
273.037
273.005
273.005
273.005
273.012
273.022
273.02
273.006
273.003
273.005
273.01
273.014
273.023
273.042
273.072
273.103
273.117
273.088
273.023
273.039
273.004
273.004
273.004
273.006
273.016
273.019
273.01
273.006
273.006
273.008
273.01
273.016
273.035
273.077
273.127
273.152
273.157
273.052
273.046
273.004
273.004
273.004
273.004
273.008
273.015
273.014
273.012
273.01
273.008
273.007
273.007
273.013
273.035
273.083
273.146
273.184
273.141
273.059
273.004
273.004
273.004
273.004
273.004
273.007
273.011
273.011
273.01
273.01
273.008
273.006
273.006
273.014
273.029
273.074
273.172
273.203
273.092
273.003
273.003
273.003
273.003
273.003
273.004
273.006
273.008
273.008
273.007
273.007
273.006
273.005
273.006
273.01
273.03
273.111
273.2
273.197
273.003
273.003
273.003
273.003
273.003
273.003
273.004
273.004
273.004
273.005
273.005
273.004
273.004
273.004
273.005
273.012
273.038
273.109
273.172
273.003
273.003
273.003
273.003
273.003
273.003
273.003
273.003
273.003
273.004
273.004
273.004
273.004
273.004
273.004
273.003
273.004
273.015
273.06
273.003
273.003
273.003
273.003
273.003
273.003
273.003
273.003
273.003
273.003
273.003
273.003
273.004
273.004
273.004
273.003
273.003
273.002
273.042
273.003
273.003
273.003
273.003
273.002
273.002
273.002
273.003
273.003
273.003
273.003
273.003
273.003
273.004
273.004
273.004
273.004
273.002
273.034
273.004
273.003
273.003
273.003
273.002
273.002
273.002
273.002
273.002
273.003
273.003
273.003
273.003
273.004
273.004
273.004
273.005
273.005
273.025
273.006
273.005
273.003
273.003
273.002
273.002
273.002
273.002
273.002
273.002
273.003
273.003
273.003
273.004
273.004
273.005
273.013
273.014
273.02
273.01
273.007
273.005
273.004
273.003
273.002
273.002
273.002
273.002
273.002
273.002
273.003
273.003
273.003
273.004
273.014
273.029
273.037
273.025
273.012
273.01
273.007
273.005
273.003
273.002
273.002
273.002
273.002
273.002
273.002
273.002
273.003
273.003
273.008
273.021
273.031
273.047
273.036
273.013
273.011
273.009
273.006
273.004
273.002
273.002
273.001
273.001
273.002
273.002
273.002
273.002
273.004
273.01
272.998
272.991
273.026
273.043
273.012
273.01
273.008
273.006
273.004
273.002
273.001
273.001
273.001
273.001
273.001
273.002
273.002
273.004
273.002
272.969
272.963
272.989
273.044
273.008
273.006
273.004
273.004
273.003
273.002
273.001
273.001
273.001
273.001
273.001
273.001
273.001
273.004
272.99
272.964
272.961
272.964
273.032
273.004
273.003
273.002
273.002
273.001
273.001
273.001
273.001
273
273
273
273.001
273.001
273.003
272.987
272.994
273.011
272.952
273.012
273.003
273.003
273.004
273.003
273.002
273.001
273.001
273.001
273
273
273
273.001
273.001
273.003
272.993
273.008
273.034
272.957
273.003
273.006
273.007
273.007
273.007
273.005
273.004
273.002
273.001
273
273
273
273
273.001
273.003
272.998
273.014
273.049
272.969
273.002
273.007
273.008
273.008
273.008
273.008
273.006
273.004
273.002
273.001
273
273
273
273
273.002
273.001
273.018
273.062
272.978
273.01
273.008
273.007
273.007
273.009
273.009
273.008
273.006
273.004
273.001
273.001
273
273
273
273.002
273.003
273.017
273.078
273.037
273.018
273.008
273.006
273.006
273.007
273.009
273.008
273.006
273.004
273.002
273.001
273
273
273
273.002
273.004
273.016
273.09
273.085
273.028
273.009
273.006
273.005
273.006
273.008
273.008
273.006
273.005
273.003
273.002
273.001
273
273.001
273.002
273.004
273.025
273.101
273.11
273.043
273.014
273.007
273.005
273.005
273.007
273.008
273.007
273.005
273.004
273.002
273.001
273
273.001
273.002
273.003
273.04
273.112
273.123
273.06
273.019
273.01
273.005
273.003
273.005
273.007
273.007
273.005
273.004
273.003
273.001
273.001
273.001
273.002
273.005
273.058
273.12
273.13
273.07
273.022
273.012
273.006
273.003
273.003
273.005
273.005
273.005
273.003
273.002
273.001
273.001
273.001
273.002
273.013
273.072
273.122
273.131
273.115
273.023
273.013
273.006
273.004
273.003
273.002
273.003
273.003
273.002
273.001
273
273
273
273.001
273.059
273.108
273.124
273.133
273.121
)
;

boundaryField
{
    leftWall
    {
        type            zeroGradient;
    }
    rightWall
    {
        type            zeroGradient;
    }
    lowerWall
    {
        type            zeroGradient;
    }
    atmosphere
    {
        type            zeroGradient;
    }
    defaultFaces
    {
        type            empty;
    }
}


// ************************************************************************* //
