0.00029985 0.000443849
0.000634356 0.000426872
0.0010077 0.000417568
0.00133074 0.00041764
0.0016229 0.000421518
0.0019063 0.000427096
0.00218066 0.000426057
0.00243658 0.000427651
0.00269117 0.000429554
0.00294675 0.000431265
0.00320266 0.000432592
0.00345924 0.000434483
0.00371616 0.000436802
0.00397409 0.000439143
0.0042327 0.000442749
0.00449199 0.000446575
0.00475198 0.000450357
0.00501265 0.000454044
0.00527403 0.000457511
0.00553576 0.000461004
0.00579819 0.000464332
0.00606098 0.000467176
0.00632413 0.000470148
0.00658764 0.000473185
0.0068515 0.000476166
0.00711572 0.000479227
0.00738031 0.000482175
0.0076449 0.000485152
0.00790985 0.000488115
0.0081748 0.000491027
0.00843976 0.000493862
0.00870507 0.000496666
0.00897039 0.000499345
0.00923571 0.000501993
0.00950103 0.000504597
0.00976635 0.000507132
0.010032 0.000509686
0.0102977 0.000512161
0.0105634 0.000514657
0.0108291 0.000517049
0.0110948 0.000519459
0.0113605 0.000521747
0.0116266 0.000524094
0.0118926 0.00052632
0.0121587 0.000528577
0.0124247 0.00053073
0.0126908 0.00053289
0.0129572 0.000535006
0.0132237 0.000537106
0.0134901 0.000539179
0.0137566 0.000541213
0.014023 0.00054325
0.0142895 0.000545226
0.0145563 0.000547238
0.0148231 0.000549154
0.0150899 0.000551103
0.0153568 0.000552961
0.0156236 0.000554865
0.0158904 0.000556679
0.0161572 0.000558554
0.0164241 0.000560348
0.0166909 0.000562177
0.0169577 0.000563955
0.0172249 0.000565755
0.0174921 0.000567516
0.0177594 0.000569265
0.0180266 0.000571019
0.0182938 0.000572727
0.018561 0.000574459
0.0188282 0.000576132
0.0190954 0.000577848
0.0193627 0.000579486
0.0196299 0.000581183
0.0198975 0.000582815
0.0201651 0.0005845
0.0204327 0.00058611
0.0207003 0.00058777
0.0209679 0.000589384
0.0212355 0.000591017
0.0215031 0.000592632
0.0217708 0.000594242
0.0220384 0.00059585
0.022306 0.000597423
0.0225736 0.000599029
0.0228416 0.000600596
0.0231096 0.000602207
0.0233776 0.000603751
0.0236457 0.000605354
0.0239137 0.000606884
0.0241817 0.000608478
0.0244497 0.000609998
0.0247177 0.000611575
0.0249857 0.000613094
0.0252538 0.000614649
0.0255218 0.000616176
0.0257898 0.00061772
0.0260578 0.000619263
0.0263258 0.000620789
0.0265938 0.000622341
0.0268618 0.00062385
0.0271299 0.000625407
0.0273979 0.000626904
0.0276659 0.000628457
0.0279343 0.000629953
0.0282028 0.000631505
0.0284712 0.000632983
0.0287396 0.000634524
0.0290081 0.000635996
0.0292765 0.000637519
0.0295449 0.000639001
0.0298134 0.000640505
0.0300818 0.000641997
0.0303502 0.000643479
0.0306187 0.000644978
0.0308871 0.000646446
0.0311555 0.000647948
0.031424 0.0006494
0.0316924 0.000650905
0.0319608 0.000652346
0.0322293 0.000653851
0.0324977 0.000655286
0.0327661 0.000656789
0.0330346 0.000658218
0.033303 0.000659706
0.0335714 0.00066114
0.0338399 0.000662612
0.0341083 0.000664058
0.0343767 0.000665512
0.0346452 0.000666969
0.0349136 0.000668407
0.035182 0.000669873
0.0354505 0.000671299
0.0357189 0.000672771
0.0359873 0.000674187
0.0362558 0.000675663
0.0365242 0.000677072
0.0367926 0.000678548
0.0370611 0.000679953
0.0373295 0.000681424
0.0375979 0.000682827
0.0378664 0.000684282
0.0381348 0.000685697
0.0384032 0.000687135
0.0386717 0.000688564
0.0389401 0.000689988
0.0392085 0.000691427
0.039477 0.000692839
0.0397454 0.000694288
0.0400143 0.000695703
0.0402832 0.000697165
0.040552 0.000698568
0.0408209 0.000700035
0.0410898 0.000701433
0.0413587 0.000702898
0.0416276 0.000704291
0.0418965 0.000705746
0.0421653 0.000707144
0.0424342 0.000708583
0.0427031 0.000709995
0.042972 0.00071142
0.0432409 0.000712843
0.0435098 0.000714255
0.0437786 0.000715691
0.0440475 0.000717092
0.0443164 0.000718536
0.0445853 0.000719929
0.0448542 0.00072138
0.0451231 0.000722768
0.0453919 0.00072422
0.0456608 0.000725603
0.0459297 0.000727055
0.0461986 0.000728439
0.0464675 0.000729882
0.0467364 0.000731278
0.0470052 0.000732709
0.0472741 0.000734119
0.047543 0.000735537
0.0478119 0.00073696
0.0480808 0.000738366
0.0483497 0.0007398
0.0486185 0.000741195
0.0488874 0.000742639
0.0491563 0.000744026
0.0494252 0.000745473
0.0496941 0.000746854
0.049963 0.000748305
0.0502318 0.000749685
0.0505007 0.000751134
0.0507696 0.000752512
0.0510385 0.000753946
0.0513074 0.000755339
0.0515763 0.00075676
0.0518451 0.000758165
0.052114 0.000759573
0.0523829 0.000760993
0.0526518 0.000762389
0.0529207 0.00076382
0.0531896 0.000765208
0.0534584 0.000766647
0.0537273 0.000768028
0.0539962 0.000769472
0.0542651 0.000770849
0.054534 0.000772294
0.0548029 0.000773668
0.0550718 0.000775109
0.0553406 0.000776487
0.0556095 0.000777914
0.0558784 0.000779308
0.0561473 0.000780723
0.0564162 0.000782131
0.0566851 0.000783534
0.0569539 0.000784956
0.0572228 0.000786349
0.0574917 0.00078778
0.0577606 0.000789166
0.0580295 0.000790605
0.0582984 0.000791985
0.0585672 0.000793428
0.0588361 0.000794804
0.059105 0.000796248
0.0593739 0.000797621
0.0596428 0.000799057
0.0599117 0.000800437
0.0601805 0.000801859
0.0604494 0.000803254
0.0607183 0.000804662
0.0609872 0.000806071
0.0612561 0.000807469
0.061525 0.000808891
0.0617938 0.00081028
0.0620627 0.000811713
0.0623316 0.000813095
0.0626005 0.000814535
0.0628694 0.000815908
0.0631383 0.000817347
0.0634071 0.000818719
0.0636766 0.000820176
0.063946 0.000821556
0.0642154 0.000822994
0.0644848 0.000824384
0.0647542 0.000825812
0.0650236 0.000827218
0.065293 0.000828633
0.0655625 0.000830052
0.0658319 0.000831455
0.0661013 0.000832885
0.0663707 0.000834281
0.0666401 0.000835721
0.0669095 0.000837108
0.0671789 0.000838552
0.0674484 0.000839935
0.0677178 0.000841383
0.0679872 0.000842762
0.0682566 0.00084421
0.068526 0.000845588
0.0687954 0.000847026
0.0690648 0.000848414
0.0693342 0.000849838
0.0696037 0.000851241
0.0698731 0.000852654
0.0701425 0.00085407
0.0704119 0.000855471
0.0706813 0.000856899
0.0709507 0.000858291
0.0712201 0.000859728
0.0714896 0.000861113
0.071759 0.000862556
0.0720284 0.000863937
0.0722978 0.000865384
0.0725672 0.000866761
0.0728366 0.000868207
0.073106 0.000869583
0.0733755 0.000871019
0.0736449 0.000872404
0.0739143 0.000873828
0.0741837 0.000875228
0.0744531 0.000876639
0.0747225 0.000878055
0.0749919 0.000879456
0.0752614 0.000880883
0.0755308 0.000882276
0.0758002 0.000883714
0.0760696 0.0008851
0.076339 0.000886544
0.0766084 0.000887924
0.0768778 0.000889374
0.0771473 0.000890756
0.0774167 0.000892208
0.0776861 0.000893589
0.0779555 0.00089503
0.0782249 0.000896421
0.0784943 0.000897851
0.0787637 0.000899257
0.0790331 0.000900675
0.0793026 0.000902096
0.079572 0.000903504
0.0798414 0.000904939
0.0801108 0.000906338
0.0803802 0.000907782
0.0806496 0.000909176
0.080919 0.000910626
0.0811885 0.000912015
0.0814579 0.000913469
0.0817273 0.000914854
0.0819967 0.000916308
0.0822661 0.000917692
0.0825355 0.000919136
0.0828049 0.00092053
0.0830744 0.000921961
0.0833438 0.000923371
0.0836132 0.000924792
0.0838826 0.000926216
0.084152 0.000927627
0.0844214 0.00092906
0.0846908 0.000930459
0.0849603 0.000931901
0.0852297 0.000933292
0.0854991 0.000934741
0.0857685 0.000936128
0.0860379 0.000937582
0.0863073 0.000938967
0.0865767 0.000940421
0.0868462 0.000941804
0.0871156 0.000943248
0.087385 0.000944641
0.0876544 0.000946073
0.0879238 0.000947483
0.0881932 0.000948903
0.0884626 0.000950325
0.0887321 0.000951733
0.0890015 0.000953168
0.0892709 0.000954568
0.0895403 0.000956012
0.0898097 0.000957406
0.0900791 0.000958857
0.0903485 0.000960247
0.0906179 0.000961702
0.0908874 0.000963089
0.0911568 0.000964545
0.0914262 0.00096593
0.0916956 0.000967378
0.091965 0.000968774
0.0922344 0.000970209
0.0925038 0.000971621
0.0927733 0.000973044
0.0930427 0.000974469
0.0933121 0.000975881
0.0935815 0.000977317
0.0938509 0.000978719
0.0941203 0.000980166
0.0943897 0.000981561
0.0946592 0.000983015
0.0949286 0.000984407
0.095198 0.000985864
0.0954674 0.000987253
0.0957368 0.000988712
0.0960062 0.000990101
0.0962756 0.000991551
0.0965451 0.00099295
0.0968145 0.000994388
0.0970839 0.000995803
0.0973533 0.00099723
0.0976227 0.000998658
0.0978921 0.00100007
0.0981615 0.00100151
0.098431 0.00100292
0.0987004 0.00100437
0.0989698 0.00100577
0.0992392 0.00100723
0.0995086 0.00100862
0.099778 0.00101008
0.100047 0.00101147
0.100317 0.00101294
0.100586 0.00101433
0.100856 0.00101578
0.101125 0.00101719
0.101395 0.00101863
0.101664 0.00102005
0.101933 0.00102147
0.102203 0.0010229
0.102472 0.00102433
0.102742 0.00102577
0.103011 0.00102718
0.10328 0.00102864
0.10355 0.00103004
0.103819 0.0010315
0.104089 0.0010329
0.104358 0.00103437
0.104627 0.00103576
0.104897 0.00103723
0.105166 0.00103862
0.105436 0.00104008
0.105705 0.00104148
0.105975 0.00104292
0.106244 0.00104434
0.106513 0.00104578
0.106783 0.00104721
0.107052 0.00104863
0.107322 0.00105008
0.107591 0.00105149
0.10786 0.00105295
0.10813 0.00105435
0.108399 0.00105581
0.108669 0.00105721
0.108938 0.00105868
0.109208 0.00106008
0.109477 0.00106155
0.109746 0.00106295
0.110016 0.0010644
0.110285 0.00106581
0.110555 0.00106726
0.110824 0.00106868
0.111093 0.00107012
0.111363 0.00107155
0.111632 0.00107298
0.111902 0.00107443
0.112171 0.00107584
0.11244 0.0010773
0.11271 0.00107871
0.112979 0.00108018
0.113249 0.00108159
0.113518 0.00108306
0.113788 0.00108446
0.114057 0.00108593
0.114326 0.00108733
0.114596 0.0010888
0.114865 0.00109021
0.115135 0.00109166
0.115404 0.00109308
0.115673 0.00109452
0.115943 0.00109596
0.116212 0.00109739
0.116482 0.00109885
0.116751 0.00110027
0.117021 0.00110173
0.11729 0.00110314
0.117559 0.00110461
0.117829 0.00110602
0.118098 0.00110749
0.118368 0.0011089
0.118637 0.00111037
0.118906 0.00111178
0.119176 0.00111324
0.119445 0.00111465
0.119715 0.00111611
0.119984 0.00111753
0.120253 0.00111897
0.120523 0.00112041
0.120792 0.00112184
0.121062 0.0011233
0.121331 0.00112472
0.121601 0.00112618
0.12187 0.0011276
0.122139 0.00112907
0.122409 0.00113048
0.122678 0.00113195
0.122948 0.00113336
0.123217 0.00113483
0.123486 0.00113623
0.123756 0.0011377
0.124025 0.00113911
0.124295 0.00114057
0.124564 0.001142
0.124834 0.00114345
0.125103 0.00114489
0.125372 0.00114632
0.125642 0.00114778
0.125911 0.0011492
0.126181 0.00115067
0.12645 0.00115209
0.126719 0.00115356
0.126989 0.00115498
0.127258 0.00115646
0.127528 0.00115787
0.127797 0.00115935
0.128066 0.00116076
0.128336 0.00116223
0.128605 0.00116365
0.128875 0.00116511
0.129144 0.00116654
0.129414 0.00116799
0.129683 0.00116944
0.129952 0.00117088
0.130222 0.00117234
0.130491 0.00117376
0.130761 0.00117524
0.13103 0.00117666
0.131299 0.00117813
0.131569 0.00117955
0.131838 0.00118103
0.132108 0.00118245
0.132377 0.00118393
0.132647 0.00118534
0.132916 0.00118682
0.133185 0.00118824
0.133455 0.00118971
0.133724 0.00119114
0.133994 0.00119259
0.134263 0.00119405
0.134532 0.00119549
0.134802 0.00119695
0.135071 0.00119838
0.135341 0.00119986
0.13561 0.00120128
0.135879 0.00120276
0.136149 0.00120418
0.136418 0.00120567
0.136688 0.00120709
0.136957 0.00120857
0.137227 0.00120999
0.137496 0.00121147
0.137765 0.00121289
0.138035 0.00121436
0.138304 0.0012158
0.138574 0.00121726
0.138843 0.00121871
0.139112 0.00122015
0.139382 0.00122162
0.139651 0.00122306
0.139921 0.00122453
0.14019 0.00122596
0.14046 0.00122744
0.140729 0.00122886
0.140998 0.00123035
0.141268 0.00123176
0.141537 0.00123325
0.141807 0.00123467
0.142076 0.00123615
0.142345 0.00123758
0.142615 0.00123904
0.142884 0.00124049
0.143154 0.00124194
0.143423 0.0012434
0.143692 0.00124484
0.143962 0.00124631
0.144231 0.00124774
0.144501 0.00124922
0.14477 0.00125065
0.14504 0.00125214
0.145309 0.00125356
0.145578 0.00125506
0.145848 0.00125648
0.146117 0.00125797
0.146387 0.00125939
0.146656 0.00126087
0.146925 0.0012623
0.147195 0.00126378
0.147464 0.00126522
0.147734 0.00126668
0.148003 0.00126814
0.148273 0.00126959
0.148542 0.00127106
0.148811 0.0012725
0.149081 0.00127398
0.14935 0.00127541
0.14962 0.0012769
0.149889 0.00127833
0.150158 0.00127982
0.150428 0.00128125
0.150697 0.00128274
0.150967 0.00128417
0.151236 0.00128565
0.151505 0.00128709
0.151775 0.00128856
0.152044 0.00129001
0.152314 0.00129147
0.152583 0.00129293
0.152853 0.00129439
0.153122 0.00129586
0.153391 0.0012973
0.153661 0.00129879
0.15393 0.00130022
0.1542 0.00130172
0.154469 0.00130315
0.154738 0.00130464
0.155008 0.00130607
0.155277 0.00130757
0.155547 0.001309
0.155816 0.00131049
0.156086 0.00131192
0.156355 0.0013134
0.156624 0.00131485
0.156894 0.00131631
0.157163 0.00131778
0.157433 0.00131923
0.157702 0.00132071
0.157971 0.00132215
0.158241 0.00132364
0.15851 0.00132508
0.15878 0.00132657
0.159049 0.001328
0.159318 0.0013295
0.159588 0.00133093
0.159857 0.00133243
0.160127 0.00133386
0.160396 0.00133535
0.160666 0.00133679
0.160935 0.00133827
0.161204 0.00133972
0.161474 0.00134119
0.161743 0.00134266
0.162013 0.00134411
0.162282 0.00134559
0.162551 0.00134704
0.162821 0.00134853
0.16309 0.00134997
0.16336 0.00135147
0.163629 0.0013529
0.163899 0.00135441
0.164168 0.00135584
0.164437 0.00135735
0.164707 0.00135878
0.164976 0.00136028
0.165246 0.00136172
0.165515 0.0013632
0.165784 0.00136466
0.166054 0.00136613
0.166323 0.0013676
0.166593 0.00136906
0.166862 0.00137054
0.167132 0.00137199
0.167401 0.00137348
0.16767 0.00137493
0.16794 0.00137643
0.168209 0.00137787
0.168479 0.00137937
0.168748 0.00138081
0.169017 0.00138231
0.169287 0.00138375
0.169556 0.00138525
0.169826 0.00138669
0.170095 0.00138817
0.170364 0.00138963
0.170634 0.00139111
0.170903 0.00139258
0.171173 0.00139404
0.171442 0.00139553
0.171712 0.00139698
0.171981 0.00139848
0.17225 0.00139992
0.17252 0.00140142
0.172789 0.00140287
0.173059 0.00140437
0.173328 0.00140581
0.173597 0.00140732
0.173867 0.00140876
0.174136 0.00141026
0.174406 0.0014117
0.174675 0.00141319
0.174945 0.00141465
0.175214 0.00141612
0.175483 0.00141759
0.175753 0.00141906
0.176022 0.00142054
0.176292 0.001422
0.176561 0.0014235
0.17683 0.00142494
0.1771 0.00142645
0.177369 0.00142789
0.177639 0.0014294
0.177908 0.00143084
0.178177 0.00143235
0.178447 0.00143379
0.178716 0.00143529
0.178986 0.00143674
0.179255 0.00143823
0.179525 0.00143969
0.179794 0.00144117
0.180063 0.00144264
0.180333 0.00144411
0.180602 0.0014456
0.180872 0.00144706
0.181141 0.00144856
0.18141 0.00145001
0.18168 0.00145152
0.181949 0.00145297
0.182219 0.00145448
0.182488 0.00145593
0.182758 0.00145744
0.183027 0.00145888
0.183296 0.00146039
0.183566 0.00146184
0.183835 0.00146334
0.184105 0.0014648
0.184374 0.00146629
0.184643 0.00146777
0.184913 0.00146924
0.185182 0.00147073
0.185452 0.00147219
0.185721 0.0014737
0.18599 0.00147515
0.18626 0.00147666
0.186529 0.00147811
0.186799 0.00147963
0.187068 0.00148107
0.187338 0.00148259
0.187607 0.00148403
0.187876 0.00148554
0.188146 0.00148699
0.188415 0.00148849
0.188685 0.00148996
0.188954 0.00149144
0.189223 0.00149292
0.189493 0.0014944
0.189762 0.00149589
0.190032 0.00149736
0.190301 0.00149886
0.190571 0.00150032
0.19084 0.00150183
0.191109 0.00150328
0.191379 0.0015048
0.191648 0.00150624
0.191918 0.00150776
0.192187 0.00150921
0.192456 0.00151072
0.192726 0.00151217
0.192995 0.00151367
0.193265 0.00151514
0.193534 0.00151663
0.193803 0.00151811
0.194073 0.00151958
0.194342 0.00152108
0.194612 0.00152255
0.194881 0.00152405
0.195151 0.00152551
0.19542 0.00152702
0.195689 0.00152848
0.195959 0.00153
0.196228 0.00153145
0.196498 0.00153296
0.196767 0.00153441
0.197036 0.00153593
0.197306 0.00153738
0.197575 0.00153888
0.197845 0.00154035
0.198114 0.00154184
0.198384 0.00154333
0.198653 0.0015448
0.198922 0.0015463
0.199192 0.00154777
0.199461 0.00154928
0.199731 0.00155074
0.2 0.00155226
