/*--------------------------------*- C++ -*----------------------------------*\
| =========                 |                                                 |
| \\      /  F ield         | OpenFOAM: The Open Source CFD Toolbox           |
|  \\    /   O peration     | Version:  2012                                  |
|   \\  /    A nd           | Website:  www.openfoam.com                      |
|    \\/     M anipulation  |                                                 |
\*---------------------------------------------------------------------------*/
FoamFile
{
    version     2.0;
    format      ascii;
    class       volScalarField;
    location    "0.74";
    object      pcorr;
}
// * * * * * * * * * * * * * * * * * * * * * * * * * * * * * * * * * * * * * //

dimensions      [1 -1 -2 0 0 0 0];


internalField   nonuniform List<scalar> 
2268
(
101329
101329
101329
101330
101330
101331
101331
101332
101333
101335
101337
101339
101342
101345
101349
101354
101359
101366
101372
101379
101385
101390
101393
101329
101329
101329
101330
101330
101331
101331
101332
101333
101335
101337
101339
101341
101345
101349
101354
101359
101365
101372
101379
101385
101391
101394
101329
101329
101329
101330
101330
101330
101331
101332
101333
101335
101336
101338
101341
101344
101348
101353
101359
101365
101372
101379
101386
101392
101395
101329
101329
101329
101330
101330
101330
101331
101332
101333
101334
101336
101338
101341
101344
101348
101353
101358
101365
101372
101379
101387
101393
101397
101329
101329
101329
101329
101330
101330
101331
101332
101333
101334
101336
101338
101340
101343
101347
101352
101358
101364
101372
101380
101388
101395
101400
101329
101329
101329
101329
101330
101330
101331
101331
101332
101334
101335
101337
101339
101343
101346
101351
101357
101364
101372
101380
101389
101398
101404
101329
101329
101329
101329
101329
101330
101330
101331
101332
101333
101335
101336
101339
101342
101345
101350
101356
101363
101371
101380
101390
101401
101410
101329
101329
101329
101329
101329
101329
101330
101331
101332
101333
101334
101336
101338
101340
101344
101349
101355
101362
101370
101380
101391
101404
101418
101615
101652
101681
101691
101654
101522
101342
101190
101083
101026
101012
101009
101008
101006
101010
101010
101016
100996
100930
101634
101664
101692
101701
101666
101530
101341
101188
101088
101028
101017
101014
101013
101010
101012
101011
101014
100989
100929
101670
101684
101710
101717
101688
101548
101339
101187
101093
101029
101021
101019
101018
101016
101015
101014
101012
100996
100938
101691
101705
101726
101725
101703
101579
101359
101200
101102
101025
101021
101019
101018
101016
101015
101014
101012
101001
100945
101707
101726
101727
101725
101718
101594
101370
101226
101129
101049
101022
101020
101018
101016
101015
101014
101013
101008
100960
101716
101727
101727
101726
101725
101558
101363
101246
101173
101109
101068
101043
101022
101016
101015
101014
101013
101010
100980
101721
101727
101727
101726
101725
101512
101340
101259
101216
101174
101143
101120
101098
101076
101045
101016
101014
101019
101001
101725
101728
101728
101726
101695
101449
101306
101264
101248
101230
101215
101202
101189
101170
101133
101072
101047
101039
101021
101329
101329
101329
101329
101329
101329
101330
101330
101331
101332
101333
101334
101336
101338
101341
101346
101352
101360
101369
101379
101392
101408
101434
101328
101328
101328
101328
101329
101329
101329
101330
101330
101331
101331
101332
101333
101334
101337
101341
101347
101356
101366
101376
101388
101404
101423
101328
101328
101328
101328
101328
101328
101329
101329
101329
101330
101330
101330
101330
101330
101332
101334
101341
101351
101363
101372
101378
101391
101414
101328
101328
101328
101328
101328
101328
101329
101329
101329
101329
101329
101329
101330
101330
101331
101334
101338
101350
101363
101370
101363
101363
101378
101328
101328
101328
101328
101328
101328
101328
101329
101329
101329
101329
101329
101329
101330
101331
101332
101339
101355
101381
101379
101347
101319
101321
101328
101328
101328
101328
101328
101328
101328
101328
101329
101329
101329
101329
101329
101330
101331
101332
101335
101358
101382
101338
101268
101261
101262
101328
101328
101328
101328
101328
101328
101328
101328
101328
101329
101329
101329
101329
101330
101330
101331
101335
101337
101310
101238
101261
101262
101262
101328
101328
101328
101328
101328
101328
101328
101328
101328
101328
101329
101329
101329
101329
101330
101330
101330
101333
101295
101256
101260
101261
101262
101328
101328
101328
101328
101328
101328
101328
101328
101328
101328
101328
101329
101329
101329
101329
101329
101329
101329
101328
101324
101261
101261
101263
101328
101328
101328
101328
101328
101328
101328
101328
101328
101328
101328
101328
101328
101328
101328
101328
101328
101328
101328
101328
101328
101303
101275
101328
101328
101328
101328
101328
101328
101328
101328
101328
101328
101328
101328
101328
101328
101328
101328
101328
101328
101328
101327
101327
101327
101326
101327
101327
101328
101328
101328
101328
101328
101328
101328
101328
101328
101328
101328
101328
101328
101328
101327
101327
101327
101327
101326
101326
101325
101327
101327
101327
101327
101327
101327
101327
101327
101327
101327
101327
101327
101327
101327
101327
101327
101327
101327
101327
101326
101326
101326
101325
101327
101327
101327
101327
101327
101327
101327
101327
101327
101327
101327
101327
101327
101327
101327
101327
101327
101327
101326
101326
101326
101325
101325
101327
101327
101327
101327
101327
101327
101327
101327
101327
101327
101327
101327
101327
101327
101327
101327
101326
101326
101326
101326
101325
101325
101325
101327
101327
101327
101327
101327
101327
101327
101327
101327
101327
101327
101327
101327
101327
101327
101326
101326
101326
101326
101325
101325
101325
101324
101327
101327
101327
101327
101327
101327
101327
101327
101327
101327
101327
101327
101326
101326
101326
101326
101326
101326
101326
101325
101325
101325
101324
101327
101327
101327
101327
101327
101327
101327
101327
101327
101327
101326
101326
101326
101326
101326
101326
101326
101326
101325
101325
101325
101325
101324
101327
101327
101327
101327
101327
101327
101327
101326
101326
101326
101326
101326
101326
101326
101326
101326
101326
101325
101325
101325
101325
101324
101324
101326
101326
101326
101326
101326
101326
101326
101326
101326
101326
101326
101326
101326
101326
101326
101326
101325
101325
101325
101325
101325
101324
101324
101326
101326
101326
101326
101326
101326
101326
101326
101326
101326
101326
101326
101326
101326
101326
101325
101325
101325
101325
101325
101325
101324
101324
101326
101326
101326
101326
101326
101326
101326
101326
101326
101326
101326
101326
101326
101326
101326
101325
101325
101325
101325
101325
101324
101324
101324
101326
101326
101326
101326
101326
101326
101326
101326
101326
101326
101326
101326
101326
101326
101325
101325
101325
101325
101325
101325
101324
101324
101324
101326
101326
101326
101326
101326
101326
101326
101326
101326
101326
101326
101326
101326
101325
101325
101325
101325
101325
101325
101325
101324
101324
101324
101326
101326
101326
101326
101326
101326
101326
101326
101326
101326
101326
101326
101325
101325
101325
101325
101325
101325
101325
101325
101324
101324
101324
101326
101326
101326
101326
101326
101326
101326
101326
101326
101326
101326
101325
101325
101325
101325
101325
101325
101325
101325
101325
101324
101324
101324
101326
101326
101326
101326
101326
101326
101326
101326
101326
101326
101325
101325
101325
101325
101325
101325
101325
101325
101325
101325
101324
101324
101324
101326
101326
101326
101326
101326
101326
101326
101326
101326
101325
101325
101325
101325
101325
101325
101325
101325
101325
101325
101325
101324
101324
101324
101326
101326
101326
101326
101326
101326
101326
101325
101325
101325
101325
101325
101325
101325
101325
101325
101325
101325
101325
101325
101324
101324
101324
101326
101326
101326
101326
101326
101325
101325
101325
101325
101325
101325
101325
101325
101325
101325
101325
101325
101325
101325
101325
101324
101324
101324
101325
101325
101325
101325
101325
101325
101325
101325
101325
101325
101325
101325
101325
101325
101325
101325
101325
101325
101325
101325
101324
101324
101324
101325
101325
101325
101325
101325
101325
101325
101325
101325
101325
101325
101325
101325
101325
101325
101325
101325
101325
101325
101325
101324
101324
101324
101325
101325
101325
101325
101325
101325
101325
101325
101325
101325
101325
101325
101325
101325
101325
101325
101325
101325
101325
101325
101325
101324
101324
101325
101325
101325
101325
101325
101325
101325
101325
101325
101325
101325
101325
101325
101325
101325
101325
101325
101325
101325
101325
101325
101324
101324
101325
101325
101325
101325
101325
101325
101325
101325
101325
101325
101325
101325
101325
101325
101325
101325
101325
101325
101325
101325
101325
101325
101324
101325
101325
101325
101325
101325
101325
101325
101325
101325
101325
101325
101325
101325
101325
101325
101325
101325
101325
101325
101325
101325
101325
101325
101325
101325
101325
101325
101325
101325
101325
101325
101325
101325
101325
101325
101325
101325
101325
101325
101325
101325
101325
101325
101325
101325
101325
101325
101325
101325
101325
101325
101325
101325
101325
101325
101325
101325
101325
101325
101325
101325
101325
101325
101325
101325
101325
101325
101325
101325
101325
101325
101325
101325
101325
101325
101325
101325
101325
101325
101325
101325
101325
101325
101325
101325
101325
101325
101325
101325
101325
101325
101325
101325
101325
101325
101325
101325
101325
101325
101325
101325
101325
101325
101325
101325
101325
101325
101325
101325
101325
101325
101325
101325
101325
101325
101325
101325
101325
101325
101325
101325
101325
101325
101325
101325
101325
101325
101325
101325
101325
101325
101325
101325
101325
101325
101325
101325
101325
101325
101325
101325
101325
101325
101325
101325
101325
101325
101325
101325
101325
101325
101325
101325
101325
101325
101325
101325
101325
101325
101325
101325
101488
101531
101577
101637
101466
101496
101549
101600
101433
101449
101468
101514
101392
101403
101416
101429
101335
101338
101342
101341
101263
101263
101264
101264
101263
101263
101264
101264
101263
101263
101264
101264
101262
101264
101264
101264
101257
101263
101264
101264
101324
101319
101266
101264
101325
101325
101324
101325
101325
101324
101324
101324
101324
101324
101324
101324
101324
101324
101324
101324
101324
101324
101324
101323
101324
101324
101324
101323
101324
101324
101324
101323
101324
101324
101324
101323
101324
101324
101324
101323
101324
101324
101324
101323
101324
101324
101324
101323
101324
101324
101324
101323
101324
101324
101324
101323
101324
101324
101324
101324
101324
101324
101324
101324
101324
101324
101324
101324
101324
101324
101324
101324
101324
101324
101324
101324
101324
101324
101324
101324
101324
101324
101324
101324
101324
101324
101324
101324
101324
101324
101324
101324
101324
101324
101324
101324
101324
101324
101324
101324
101324
101324
101324
101324
101325
101325
101325
101324
101325
101325
101325
101325
101325
101325
101325
101325
101325
101325
101325
101325
101325
101325
101325
101325
101325
101325
101325
101325
101728
101729
101729
101727
101552
101331
101267
101266
101266
101265
101264
101263
101262
101257
101238
101168
101108
101074
101047
101724
101726
101727
101585
101347
101268
101267
101267
101266
101266
101265
101264
101263
101262
101255
101235
101191
101122
101067
101595
101723
101587
101359
101268
101267
101267
101267
101266
101266
101266
101265
101264
101263
101261
101253
101204
101165
101104
101446
101467
101308
101267
101267
101267
101267
101267
101267
101266
101266
101266
101265
101265
101262
101236
101220
101218
101176
101320
101266
101267
101267
101267
101267
101267
101267
101267
101267
101267
101267
101267
101274
101273
101222
101220
101220
101218
101265
101266
101266
101266
101267
101267
101267
101267
101267
101267
101267
101268
101276
101284
101261
101223
101221
101220
101220
101265
101265
101266
101266
101266
101267
101267
101269
101268
101268
101268
101269
101287
101280
101262
101239
101230
101222
101230
101264
101265
101266
101266
101266
101267
101267
101271
101261
101268
101269
101272
101285
101285
101265
101251
101239
101231
101228
101264
101265
101265
101266
101266
101267
101267
101270
101266
101268
101273
101280
101307
101310
101267
101261
101249
101233
101222
101264
101265
101265
101266
101266
101267
101267
101281
101285
101281
101281
101312
101312
101312
101311
101276
101263
101231
101209
101263
101264
101265
101266
101267
101267
101302
101316
101316
101315
101314
101313
101313
101313
101313
101312
101293
101225
101179
101324
101319
101297
101293
101307
101318
101317
101317
101317
101316
101315
101314
101314
101314
101313
101313
101312
101298
101272
101323
101323
101322
101320
101319
101319
101318
101318
101317
101317
101316
101315
101315
101315
101314
101314
101315
101319
101345
101323
101323
101322
101321
101320
101319
101319
101318
101318
101317
101317
101316
101316
101316
101315
101315
101316
101320
101329
101323
101322
101322
101321
101320
101320
101319
101319
101318
101318
101317
101317
101317
101316
101316
101316
101316
101315
101308
101323
101322
101322
101321
101321
101320
101319
101319
101319
101318
101318
101317
101317
101317
101317
101316
101316
101315
101301
101323
101323
101322
101321
101321
101320
101320
101319
101319
101319
101318
101318
101318
101317
101317
101317
101317
101316
101315
101323
101323
101322
101322
101321
101321
101320
101320
101319
101319
101319
101318
101318
101318
101318
101317
101317
101317
101317
101323
101323
101322
101322
101321
101321
101320
101320
101320
101319
101319
101319
101319
101318
101318
101318
101318
101318
101317
101323
101323
101322
101322
101321
101321
101321
101320
101320
101320
101319
101319
101319
101319
101319
101318
101318
101318
101318
101323
101323
101322
101322
101322
101321
101321
101321
101320
101320
101320
101320
101319
101319
101319
101319
101319
101319
101318
101323
101323
101323
101322
101322
101322
101321
101321
101321
101320
101320
101320
101320
101320
101319
101319
101319
101319
101319
101323
101323
101323
101322
101322
101322
101321
101321
101321
101321
101320
101320
101320
101320
101320
101320
101320
101320
101320
101323
101323
101323
101322
101322
101322
101322
101321
101321
101321
101321
101321
101320
101320
101320
101320
101320
101320
101321
101323
101323
101323
101323
101322
101322
101322
101322
101321
101321
101321
101321
101321
101321
101320
101320
101320
101320
101320
101323
101323
101323
101323
101323
101322
101322
101322
101322
101321
101321
101321
101321
101321
101321
101321
101321
101320
101320
101324
101323
101323
101323
101323
101322
101322
101322
101322
101322
101322
101321
101321
101321
101321
101321
101321
101321
101319
101324
101323
101323
101323
101323
101323
101322
101322
101322
101322
101322
101322
101322
101321
101321
101321
101321
101321
101321
101324
101324
101323
101323
101323
101323
101323
101323
101322
101322
101322
101322
101322
101322
101322
101322
101321
101321
101321
101324
101324
101323
101323
101323
101323
101323
101323
101323
101322
101322
101322
101322
101322
101322
101322
101322
101322
101322
101324
101324
101324
101323
101323
101323
101323
101323
101323
101323
101323
101322
101322
101322
101322
101322
101322
101322
101322
101324
101324
101324
101324
101323
101323
101323
101323
101323
101323
101323
101323
101323
101323
101322
101322
101322
101322
101322
101324
101324
101324
101324
101324
101324
101323
101323
101323
101323
101323
101323
101323
101323
101323
101323
101323
101323
101323
101324
101324
101324
101324
101324
101324
101324
101323
101323
101323
101323
101323
101323
101323
101323
101323
101323
101323
101323
101324
101324
101324
101324
101324
101324
101324
101324
101324
101324
101323
101323
101323
101323
101323
101323
101323
101323
101323
101324
101324
101324
101324
101324
101324
101324
101324
101324
101324
101324
101324
101324
101324
101323
101323
101323
101323
101323
101324
101324
101324
101324
101324
101324
101324
101324
101324
101324
101324
101324
101324
101324
101324
101324
101324
101324
101324
101325
101324
101324
101324
101324
101324
101324
101324
101324
101324
101324
101324
101324
101324
101324
101324
101324
101324
101324
101325
101325
101325
101325
101324
101324
101324
101324
101324
101324
101324
101324
101324
101324
101324
101324
101324
101324
101324
101325
101325
101325
101325
101325
101325
101325
101325
101325
101325
101324
101324
101324
101324
101324
101324
101324
101324
101324
101325
101325
101325
101325
101325
101325
101325
101325
101325
101325
101325
101325
101325
101325
101325
101325
101325
101325
101325
101325
101325
101325
101325
101325
101325
101325
101325
101325
101325
101325
101325
101325
101325
101325
101325
101325
101325
101325
)
;

boundaryField
{
    leftWall
    {
        type            zeroGradient;
    }
    rightWall
    {
        type            zeroGradient;
    }
    lowerWall
    {
        type            zeroGradient;
    }
    atmosphere
    {
        type            fixedValue;
        value           uniform 101325;
    }
    defaultFaces
    {
        type            empty;
    }
}


// ************************************************************************* //
