/*--------------------------------*- C++ -*----------------------------------*\
| =========                 |                                                 |
| \\      /  F ield         | OpenFOAM: The Open Source CFD Toolbox           |
|  \\    /   O peration     | Version:  2012                                  |
|   \\  /    A nd           | Website:  www.openfoam.com                      |
|    \\/     M anipulation  |                                                 |
\*---------------------------------------------------------------------------*/
FoamFile
{
    version     2.0;
    format      ascii;
    class       volVectorField;
    location    "0.18";
    object      Uc;
}
// * * * * * * * * * * * * * * * * * * * * * * * * * * * * * * * * * * * * * //

dimensions      [0 1 -1 0 0 0 0];


internalField   nonuniform List<vector> 
2268
(
(0.0296468 -0.0140108 0)
(0.0890213 -0.0140491 0)
(0.148938 -0.0142672 0)
(0.2098 -0.0144956 0)
(0.271546 -0.014685 0)
(0.334766 -0.015192 0)
(0.399625 -0.01546 0)
(0.465714 -0.015773 0)
(0.533354 -0.0161932 0)
(0.602335 -0.0164064 0)
(0.671646 -0.0163495 0)
(0.739928 -0.0159201 0)
(0.8049 -0.0147855 0)
(0.866717 -0.0144287 0)
(0.921915 -0.0116572 0)
(0.961019 -0.00682312 0)
(0.976027 -0.000269448 0)
(0.95985 0.00791461 0)
(0.906113 0.0174809 0)
(0.807443 0.0291497 0)
(0.653413 0.0436437 0)
(0.439463 0.0574677 0)
(0.158931 0.0751259 0)
(0.0296045 -0.0420125 0)
(0.0889263 -0.0421422 0)
(0.148785 -0.0427792 0)
(0.20957 -0.0434728 0)
(0.271262 -0.0440437 0)
(0.334442 -0.0455689 0)
(0.399299 -0.0463861 0)
(0.465436 -0.0473356 0)
(0.533134 -0.0485906 0)
(0.602241 -0.0492682 0)
(0.671924 -0.0491753 0)
(0.740569 -0.0478045 0)
(0.806141 -0.0445953 0)
(0.868615 -0.043358 0)
(0.924257 -0.0351096 0)
(0.964841 -0.0210306 0)
(0.982378 -0.00144244 0)
(0.968873 0.0231153 0)
(0.917431 0.0519866 0)
(0.820218 0.0872166 0)
(0.667005 0.130778 0)
(0.453057 0.172555 0)
(0.165567 0.228511 0)
(0.0295255 -0.0699569 0)
(0.0887354 -0.0702149 0)
(0.148469 -0.0712249 0)
(0.209104 -0.0724093 0)
(0.270696 -0.0733698 0)
(0.333799 -0.0759232 0)
(0.39865 -0.0773307 0)
(0.46489 -0.0789508 0)
(0.532737 -0.0810331 0)
(0.602145 -0.082287 0)
(0.672499 -0.0823367 0)
(0.742068 -0.0799615 0)
(0.809301 -0.0752009 0)
(0.873271 -0.0725091 0)
(0.930261 -0.0591875 0)
(0.97433 -0.0369585 0)
(0.997453 -0.00473002 0)
(0.991836 0.0354396 0)
(0.950309 0.0835987 0)
(0.862734 0.142934 0)
(0.713989 0.217763 0)
(0.491535 0.29181 0)
(0.180558 0.392105 0)
(0.0294132 -0.0978109 0)
(0.0884308 -0.0982342 0)
(0.147952 -0.0995642 0)
(0.208376 -0.101282 0)
(0.269818 -0.102642 0)
(0.332795 -0.106236 0)
(0.397612 -0.108299 0)
(0.463965 -0.110645 0)
(0.532016 -0.113563 0)
(0.601813 -0.115545 0)
(0.672867 -0.115908 0)
(0.743618 -0.112705 0)
(0.813051 -0.107045 0)
(0.879322 -0.102216 0)
(0.937705 -0.0840048 0)
(0.98465 -0.0551535 0)
(1.01344 -0.0110703 0)
(1.01428 0.0440385 0)
(0.977484 0.112015 0)
(0.889796 0.197345 0)
(0.735359 0.306633 0)
(0.50244 0.418146 0)
(0.182767 0.563823 0)
(0.0292649 -0.125542 0)
(0.0879897 -0.126147 0)
(0.147208 -0.127766 0)
(0.207368 -0.130067 0)
(0.268617 -0.13184 0)
(0.331427 -0.136483 0)
(0.396183 -0.139287 0)
(0.462676 -0.14244 0)
(0.531037 -0.146235 0)
(0.601404 -0.149112 0)
(0.673419 -0.149953 0)
(0.745881 -0.14634 0)
(0.818233 -0.140416 0)
(0.888026 -0.133148 0)
(0.950585 -0.110229 0)
(1.00345 -0.0761011 0)
(1.04116 -0.0215484 0)
(1.05592 0.0471419 0)
(1.03738 0.135068 0)
(0.969915 0.247614 0)
(0.832619 0.394235 0)
(0.599988 0.55056 0)
(0.228355 0.758154 0)
(0.0290713 -0.153111 0)
(0.0874102 -0.153902 0)
(0.146238 -0.1558 0)
(0.206054 -0.158733 0)
(0.267041 -0.160942 0)
(0.329617 -0.166637 0)
(0.394244 -0.170278 0)
(0.460837 -0.174344 0)
(0.529506 -0.17909 0)
(0.600462 -0.183046 0)
(0.673477 -0.18456 0)
(0.747775 -0.181092 0)
(0.8229 -0.175361 0)
(0.896128 -0.165793 0)
(0.963971 -0.13921 0)
(1.02359 -0.100282 0)
(1.06904 -0.0366655 0)
(1.09516 0.0429353 0)
(1.08931 0.150808 0)
(1.0269 0.293247 0)
(0.883978 0.481034 0)
(0.631122 0.693199 0)
(0.236289 0.977817 0)
(0.0288292 -0.180474 0)
(0.0866908 -0.181454 0)
(0.145048 -0.183628 0)
(0.204444 -0.187244 0)
(0.26511 -0.189923 0)
(0.327408 -0.196669 0)
(0.39187 -0.201252 0)
(0.458567 -0.206361 0)
(0.527637 -0.212167 0)
(0.59938 -0.217408 0)
(0.673803 -0.219876 0)
(0.750511 -0.21714 0)
(0.829105 -0.211959 0)
(0.90714 -0.200681 0)
(0.982318 -0.171914 0)
(1.05157 -0.128482 0)
(1.11041 -0.0577519 0)
(1.15553 0.0303543 0)
(1.17168 0.158524 0)
(1.13329 0.333166 0)
(1.01513 0.564499 0)
(0.774377 0.843012 0)
(0.307959 1.23514 0)
(0.0285456 -0.207589 0)
(0.0858474 -0.208764 0)
(0.143659 -0.211218 0)
(0.202556 -0.215558 0)
(0.262793 -0.218747 0)
(0.324698 -0.226543 0)
(0.388885 -0.232177 0)
(0.455593 -0.238483 0)
(0.525001 -0.245489 0)
(0.597462 -0.252235 0)
(0.673195 -0.256011 0)
(0.752156 -0.254573 0)
(0.83405 -0.250372 0)
(0.916716 -0.238214 0)
(0.998586 -0.2086 0)
(1.07689 -0.161529 0)
(1.1491 -0.0866364 0)
(1.21169 0.0083349 0)
(1.24514 0.157103 0)
(1.22158 0.363864 0)
(1.11138 0.641722 0)
(0.852626 1.00186 0)
(0.337488 1.5403 0)
(-0.0888269 0.0377584 0)
(-0.22787 0.0213372 0)
(-0.288501 0.00440858 0)
(-0.293805 -0.00219198 0)
(-0.266023 -0.00966155 0)
(-0.223872 -0.00830066 0)
(-0.180444 -0.0102027 0)
(-0.139191 -0.00737343 0)
(-0.104905 -0.00723738 0)
(-0.0758995 -0.00512688 0)
(-0.0536291 -0.00437136 0)
(-0.0362229 -0.00305751 0)
(-0.0235385 -0.0023623 0)
(-0.0143712 -0.00156123 0)
(-0.00818203 -0.00109525 0)
(-0.0041904 -0.00062641 0)
(-0.00188331 -0.000378543 0)
(-0.000678303 -0.000157572 0)
(-0.000167723 -8.30915e-05 0)
(-0.0920644 0.114652 0)
(-0.232666 0.0632968 0)
(-0.286654 0.0111153 0)
(-0.286466 -0.00680186 0)
(-0.258908 -0.0286634 0)
(-0.218278 -0.0245761 0)
(-0.176164 -0.030375 0)
(-0.135907 -0.0219295 0)
(-0.102368 -0.0215853 0)
(-0.0738822 -0.0152865 0)
(-0.0520118 -0.0130381 0)
(-0.0349255 -0.00911236 0)
(-0.0225009 -0.00703651 0)
(-0.0135489 -0.00464255 0)
(-0.007545 -0.00324806 0)
(-0.00371681 -0.00184738 0)
(-0.0015554 -0.00110547 0)
(-0.000486518 -0.000444955 0)
(-0.000104473 -0.000222357 0)
(-0.113905 0.202213 0)
(-0.282097 0.106987 0)
(-0.339458 0.0147002 0)
(-0.329791 -0.0146581 0)
(-0.285976 -0.0512382 0)
(-0.232049 -0.0422872 0)
(-0.183075 -0.0514701 0)
(-0.138656 -0.0369092 0)
(-0.103138 -0.0360338 0)
(-0.0737753 -0.025497 0)
(-0.0515101 -0.0216517 0)
(-0.0343434 -0.0151184 0)
(-0.0219453 -0.0116377 0)
(-0.0130967 -0.00766129 0)
(-0.00719228 -0.0053423 0)
(-0.00346281 -0.00301534 0)
(-0.00138584 -0.00178744 0)
(-0.000389402 -0.00068853 0)
(-7.4756e-05 -0.000322043 0)
(-0.115838 0.299884 0)
(-0.282167 0.151508 0)
(-0.3241 0.0123267 0)
(-0.303039 -0.025434 0)
(-0.263182 -0.0761248 0)
(-0.215376 -0.0607384 0)
(-0.170379 -0.0730504 0)
(-0.12869 -0.0520128 0)
(-0.0952685 -0.0503083 0)
(-0.0675171 -0.0355688 0)
(-0.0465152 -0.0300344 0)
(-0.0303769 -0.0209519 0)
(-0.0187807 -0.0160591 0)
(-0.0105974 -0.0105328 0)
(-0.00525925 -0.00730054 0)
(-0.00202629 -0.00406599 0)
(-0.000390435 -0.00236311 0)
(0.000192619 -0.000831695 0)
(0.000117117 -0.000327435 0)
(-0.180921 0.42606 0)
(-0.419239 0.197352 0)
(-0.45145 -0.00206656 0)
(-0.393428 -0.0447576 0)
(-0.313895 -0.107656 0)
(-0.238858 -0.0815232 0)
(-0.181557 -0.0958387 0)
(-0.133051 -0.0676466 0)
(-0.0963216 -0.0645672 0)
(-0.0671036 -0.0455944 0)
(-0.0454694 -0.0381947 0)
(-0.0292391 -0.0266092 0)
(-0.0177351 -0.020276 0)
(-0.00976383 -0.0132353 0)
(-0.0046209 -0.00910366 0)
(-0.00157563 -0.00498064 0)
(-9.48176e-05 -0.00282114 0)
(0.000360445 -0.000862216 0)
(0.000167825 -0.000229616 0)
(-0.170106 0.575317 0)
(-0.390389 0.24306 0)
(-0.404781 -0.0280399 0)
(-0.3428 -0.0699061 0)
(-0.276378 -0.144661 0)
(-0.211474 -0.104106 0)
(-0.160725 -0.119275 0)
(-0.116711 -0.0836199 0)
(-0.0832091 -0.0785205 0)
(-0.056694 -0.0553991 0)
(-0.03713 -0.045964 0)
(-0.0226006 -0.031973 0)
(-0.0124288 -0.0241805 0)
(-0.00557432 -0.0156851 0)
(-0.00137895 -0.0106734 0)
(0.000833057 -0.00569434 0)
(0.0015753 -0.00309994 0)
(0.00133747 -0.000722699 0)
(0.000489729 2.67211e-05 0)
(-0.317043 0.78247 0)
(-0.67581 0.282101 0)
(-0.625756 -0.0823367 0)
(-0.471115 -0.107827 0)
(-0.342458 -0.189788 0)
(-0.240895 -0.129848 0)
(-0.173709 -0.143756 0)
(-0.12136 -0.100183 0)
(-0.0837485 -0.0922591 0)
(-0.0555371 -0.0649899 0)
(-0.0353915 -0.0533137 0)
(-0.0209117 -0.0370117 0)
(-0.0109697 -0.0277455 0)
(-0.00444595 -0.0178583 0)
(-0.000538326 -0.011994 0)
(0.00141382 -0.00619204 0)
(0.00194922 -0.00319242 0)
(0.00154851 -0.000405248 0)
(0.000552766 0.000446862 0)
(-0.272005 1.03298 0)
(-0.570259 0.310963 0)
(-0.514454 -0.156312 0)
(-0.395066 -0.150487 0)
(-0.300415 -0.242183 0)
(-0.209522 -0.159376 0)
(-0.148158 -0.168966 0)
(-0.10066 -0.117497 0)
(-0.0664039 -0.105567 0)
(-0.0415931 -0.0742861 0)
(-0.0239466 -0.0601419 0)
(-0.0116598 -0.0416174 0)
(-0.00353088 -0.0308741 0)
(0.00143635 -0.0196649 0)
(0.00401792 -0.0129945 0)
(0.00480126 -0.00640184 0)
(0.00428306 -0.00303646 0)
(0.00292025 0.000142437 0)
(0.00101057 0.00108866 0)
(0.0280384 -0.249264 0)
(0.0843352 -0.25076 0)
(0.141177 -0.253682 0)
(0.19915 -0.259204 0)
(0.25856 -0.263288 0)
(0.319748 -0.272765 0)
(0.383421 -0.280294 0)
(0.450049 -0.288867 0)
(0.51997 -0.298192 0)
(0.593704 -0.307895 0)
(0.671833 -0.314679 0)
(0.754938 -0.31676 0)
(0.843195 -0.315604 0)
(0.935436 -0.304772 0)
(1.03131 -0.277107 0)
(1.12918 -0.228415 0)
(1.23071 -0.155926 0)
(1.32701 -0.0487659 0)
(1.39868 0.126354 0)
(1.43447 0.369769 0)
(1.42946 0.692936 0)
(1.39244 1.11014 0)
(1.32341 1.74512 0)
(0.0271829 -0.304774 0)
(0.0817746 -0.306718 0)
(0.136942 -0.310319 0)
(0.193273 -0.317467 0)
(0.251154 -0.322928 0)
(0.310966 -0.334758 0)
(0.373474 -0.345141 0)
(0.439437 -0.357305 0)
(0.509498 -0.370468 0)
(0.584455 -0.385087 0)
(0.665295 -0.397286 0)
(0.753346 -0.406202 0)
(0.849712 -0.411747 0)
(0.954991 -0.40718 0)
(1.06936 -0.386041 0)
(1.19389 -0.343049 0)
(1.32594 -0.276076 0)
(1.45205 -0.152203 0)
(1.56538 0.0438354 0)
(1.66669 0.315242 0)
(1.73966 0.67992 0)
(1.77721 1.12262 0)
(1.81636 1.76837 0)
(0.0260629 -0.358297 0)
(0.0784093 -0.36069 0)
(0.131344 -0.365012 0)
(0.185452 -0.373788 0)
(0.241218 -0.380847 0)
(0.299073 -0.395122 0)
(0.359825 -0.408679 0)
(0.424443 -0.42503 0)
(0.493879 -0.442967 0)
(0.569335 -0.463785 0)
(0.652338 -0.483287 0)
(0.745011 -0.501869 0)
(0.85035 -0.518838 0)
(0.970746 -0.526944 0)
(1.10749 -0.518699 0)
(1.26046 -0.489346 0)
(1.42206 -0.424956 0)
(1.5873 -0.296201 0)
(1.75655 -0.0962248 0)
(1.89818 0.21193 0)
(1.96821 0.641023 0)
(1.96502 1.12878 0)
(1.91631 1.77887 0)
(0.0247641 -0.40939 0)
(0.0744962 -0.41221 0)
(0.124817 -0.417287 0)
(0.17627 -0.427626 0)
(0.229369 -0.436442 0)
(0.284565 -0.453168 0)
(0.342621 -0.470061 0)
(0.404647 -0.490954 0)
(0.471799 -0.514343 0)
(0.545692 -0.542538 0)
(0.628432 -0.571143 0)
(0.72283 -0.602059 0)
(0.833261 -0.635544 0)
(0.963382 -0.662064 0)
(1.11297 -0.671396 0)
(1.27586 -0.654164 0)
(1.44219 -0.589781 0)
(1.59698 -0.453132 0)
(1.72046 -0.232178 0)
(1.82656 0.102541 0)
(1.91211 0.598963 0)
(1.92254 1.16987 0)
(1.86597 1.84702 0)
(0.0231737 -0.457578 0)
(0.0697037 -0.460786 0)
(0.116799 -0.466635 0)
(0.164927 -0.478379 0)
(0.214595 -0.488992 0)
(0.266295 -0.50807 0)
(0.320709 -0.528215 0)
(0.378981 -0.553726 0)
(0.442335 -0.582759 0)
(0.51237 -0.618802 0)
(0.592004 -0.658101 0)
(0.685154 -0.703627 0)
(0.796857 -0.75727 0)
(0.92963 -0.804605 0)
(1.07806 -0.828422 0)
(1.22875 -0.812355 0)
(1.35778 -0.728449 0)
(1.46218 -0.572805 0)
(1.57393 -0.344597 0)
(1.73552 -0.0495505 0)
(1.88382 0.520609 0)
(1.9006 1.22608 0)
(1.80849 1.94545 0)
(0.0214087 -0.502393 0)
(0.0644013 -0.505961 0)
(0.107945 -0.512572 0)
(0.152384 -0.525492 0)
(0.198183 -0.537845 0)
(0.24571 -0.558963 0)
(0.29545 -0.582018 0)
(0.348289 -0.611613 0)
(0.405438 -0.646004 0)
(0.468376 -0.689224 0)
(0.540424 -0.740153 0)
(0.627001 -0.802241 0)
(0.73201 -0.8765 0)
(0.854695 -0.942168 0)
(0.983321 -0.969423 0)
(1.10103 -0.941187 0)
(1.22827 -0.855132 0)
(1.41477 -0.734187 0)
(1.59708 -0.475727 0)
(1.70228 -0.185592 0)
(1.76503 0.445007 0)
(1.75481 1.29589 0)
(1.66967 2.05727 0)
(0.0194851 -0.5435 0)
(0.0585944 -0.547384 0)
(0.0981089 -0.554641 0)
(0.13821 -0.568406 0)
(0.17934 -0.582314 0)
(0.221726 -0.604877 0)
(0.265731 -0.630339 0)
(0.311976 -0.662894 0)
(0.36144 -0.701892 0)
(0.41499 -0.750431 0)
(0.475303 -0.811997 0)
(0.549465 -0.891974 0)
(0.640652 -0.983988 0)
(0.741579 -1.05968 0)
(0.851345 -1.09202 0)
(1.00545 -1.09073 0)
(1.19161 -1.01722 0)
(1.25978 -0.825935 0)
(1.17147 -0.478298 0)
(1.08684 -0.203573 0)
(1.16337 0.323111 0)
(1.30761 1.28323 0)
(1.38166 2.08125 0)
(0.0174655 -0.580644 0)
(0.0525289 -0.5848 0)
(0.0878886 -0.592489 0)
(0.123664 -0.60683 0)
(0.160218 -0.621979 0)
(0.197541 -0.645337 0)
(0.235707 -0.67248 0)
(0.274987 -0.706725 0)
(0.316277 -0.74929 0)
(0.360376 -0.801193 0)
(0.409714 -0.87146 0)
(0.470502 -0.968169 0)
(0.543999 -1.07386 0)
(0.637046 -1.16607 0)
(0.764412 -1.224 0)
(0.895574 -1.2434 0)
(0.867898 -1.02245 0)
(0.617964 -0.637869 0)
(0.37103 -0.329239 0)
(0.339534 -0.235761 0)
(0.561174 0.0557069 0)
(0.885789 1.0795 0)
(1.09208 2.00332 0)
(0.0156892 -0.613971 0)
(0.0471183 -0.618312 0)
(0.0785577 -0.626125 0)
(0.109998 -0.640761 0)
(0.141672 -0.656632 0)
(0.173726 -0.680422 0)
(0.206441 -0.708645 0)
(0.240584 -0.744365 0)
(0.276809 -0.789571 0)
(0.315327 -0.843971 0)
(0.354384 -0.917826 0)
(0.400655 -1.03133 0)
(0.488274 -1.17562 0)
(0.625185 -1.29669 0)
(0.751105 -1.34691 0)
(0.692198 -1.1921 0)
(0.369106 -0.72103 0)
(0.0699431 -0.387202 0)
(0.0337998 -0.295231 0)
(0.131484 -0.336173 0)
(0.305234 -0.241208 0)
(0.590721 0.763282 0)
(0.84257 1.85917 0)
(0.0139214 -0.643737 0)
(0.0417712 -0.648136 0)
(0.0697429 -0.656023 0)
(0.0978069 -0.670678 0)
(0.126242 -0.687139 0)
(0.155284 -0.711336 0)
(0.185068 -0.740575 0)
(0.215558 -0.777578 0)
(0.246854 -0.825129 0)
(0.281341 -0.884506 0)
(0.319873 -0.959267 0)
(0.396154 -1.11682 0)
(0.496374 -1.27551 0)
(0.565063 -1.39755 0)
(0.532878 -1.33943 0)
(0.276908 -0.882909 0)
(-0.0499492 -0.376755 0)
(-0.182352 -0.297539 0)
(-0.178135 -0.352679 0)
(-0.139117 -0.416007 0)
(-0.0441169 -0.431393 0)
(0.183599 0.437751 0)
(0.541564 1.57187 0)
(0.013038 -0.671027 0)
(0.0389897 -0.675358 0)
(0.0649919 -0.68363 0)
(0.0905587 -0.697876 0)
(0.115577 -0.71514 0)
(0.140768 -0.740225 0)
(0.167597 -0.772285 0)
(0.197846 -0.811299 0)
(0.239682 -0.868966 0)
(0.333448 -0.97334 0)
(0.464029 -1.04229 0)
(0.557449 -1.20448 0)
(0.526616 -1.2517 0)
(0.400215 -1.35722 0)
(0.224856 -1.17088 0)
(-0.0470142 -0.520633 0)
(-0.266048 -0.190119 0)
(-0.344373 -0.272234 0)
(-0.382893 -0.343384 0)
(-0.408393 -0.438763 0)
(-0.424772 -0.487535 0)
(-0.297986 0.137692 0)
(0.0598866 1.15251 0)
(0.0118125 -0.698176 0)
(0.0351895 -0.702071 0)
(0.0590429 -0.711196 0)
(0.0839557 -0.725018 0)
(0.111907 -0.745042 0)
(0.150784 -0.778407 0)
(0.224374 -0.839143 0)
(0.342139 -0.897442 0)
(0.481418 -0.967945 0)
(0.620154 -1.10911 0)
(0.719504 -1.13578 0)
(0.689071 -1.17253 0)
(0.490924 -1.05342 0)
(0.27787 -1.21424 0)
(0.0600083 -0.918454 0)
(-0.20682 -0.231305 0)
(-0.374203 -0.0908493 0)
(-0.475934 -0.190398 0)
(-0.597459 -0.264222 0)
(-0.737045 -0.351847 0)
(-0.91189 -0.382084 0)
(-1.01209 0.00567917 0)
(-0.916249 0.828638 0)
(0.0170038 -0.72912 0)
(0.0520164 -0.733662 0)
(0.0924404 -0.7478 0)
(0.141234 -0.765564 0)
(0.200321 -0.7943 0)
(0.272657 -0.842214 0)
(0.361186 -0.938675 0)
(0.469697 -1.02534 0)
(0.600186 -1.1111 0)
(0.706076 -1.2118 0)
(0.744464 -1.17148 0)
(0.664438 -1.02574 0)
(0.441323 -0.776701 0)
(0.216256 -1.05059 0)
(-0.0381862 -0.607291 0)
(-0.322416 0.0116271 0)
(-0.472494 -0.0145655 0)
(-0.573942 -0.0623375 0)
(-0.708536 -0.134717 0)
(-0.876505 -0.172067 0)
(-1.09948 -0.161831 0)
(-1.30872 0.0966478 0)
(-1.38691 0.720115 0)
(0.0163307 -0.762608 0)
(0.0504907 -0.769666 0)
(0.089837 -0.791938 0)
(0.136081 -0.816907 0)
(0.192264 -0.858767 0)
(0.258074 -0.916531 0)
(0.31932 -1.01483 0)
(0.378774 -1.11797 0)
(0.462405 -1.23366 0)
(0.56624 -1.30002 0)
(0.656105 -1.21214 0)
(0.631724 -0.880067 0)
(0.434194 -0.499467 0)
(0.166944 -0.833021 0)
(-0.132233 -0.268387 0)
(-0.39102 0.218699 0)
(-0.520172 0.0591402 0)
(-0.619752 0.0661297 0)
(-0.743301 -0.00359288 0)
(-0.88911 0.0123356 0)
(-1.06516 0.0549924 0)
(-1.23276 0.258765 0)
(-1.28763 0.691888 0)
(0.00898193 -0.788017 0)
(0.0279048 -0.797545 0)
(0.0466897 -0.822422 0)
(0.0664644 -0.852713 0)
(0.0886261 -0.90164 0)
(0.116162 -0.967412 0)
(0.152152 -1.06162 0)
(0.208696 -1.18772 0)
(0.288469 -1.3281 0)
(0.382516 -1.40443 0)
(0.462424 -1.27832 0)
(0.464825 -0.791723 0)
(0.376388 -0.300287 0)
(0.111271 -0.49707 0)
(-0.260967 0.070583 0)
(-0.473476 0.353574 0)
(-0.561993 0.143154 0)
(-0.648043 0.168802 0)
(-0.735382 0.105818 0)
(-0.835919 0.150657 0)
(-0.945543 0.203946 0)
(-1.04481 0.378182 0)
(-1.06344 0.646477 0)
(0.00163899 -0.79866 0)
(0.00509514 -0.80933 0)
(0.00786811 -0.832238 0)
(0.0110976 -0.865951 0)
(0.014181 -0.913708 0)
(0.01838 -0.987171 0)
(0.0209218 -1.08052 0)
(0.0296315 -1.23435 0)
(0.0426018 -1.37463 0)
(0.0539116 -1.46374 0)
(0.0321005 -1.27735 0)
(0.00521164 -0.768011 0)
(-0.0290729 -0.20057 0)
(-0.26177 -0.0963048 0)
(-0.537665 0.321405 0)
(-0.616396 0.395585 0)
(-0.639253 0.213175 0)
(-0.682173 0.228504 0)
(-0.726676 0.178728 0)
(-0.780711 0.23321 0)
(-0.831861 0.283093 0)
(-0.863468 0.43068 0)
(-0.845028 0.594255 0)
(-0.00544307 -0.794801 0)
(-0.0155999 -0.806384 0)
(-0.0264191 -0.827027 0)
(-0.0395578 -0.861131 0)
(-0.0571249 -0.903899 0)
(-0.0814116 -0.976717 0)
(-0.11482 -1.05988 0)
(-0.164013 -1.21423 0)
(-0.235393 -1.33597 0)
(-0.337211 -1.41136 0)
(-0.480477 -1.16373 0)
(-0.617861 -0.716439 0)
(-0.705128 -0.129892 0)
(-0.79202 0.154341 0)
(-0.819594 0.375876 0)
(-0.756979 0.357381 0)
(-0.715672 0.232903 0)
(-0.708741 0.245026 0)
(-0.71545 0.213759 0)
(-0.73271 0.269923 0)
(-0.747823 0.313067 0)
(-0.746668 0.431393 0)
(-0.711852 0.540078 0)
(-0.00896441 -0.780285 0)
(-0.0278763 -0.791612 0)
(-0.0502106 -0.808405 0)
(-0.0775778 -0.838968 0)
(-0.112288 -0.873444 0)
(-0.158673 -0.936063 0)
(-0.224335 -1.00088 0)
(-0.325013 -1.12251 0)
(-0.468833 -1.2113 0)
(-0.651391 -1.2501 0)
(-0.850302 -0.980957 0)
(-1.02206 -0.588394 0)
(-1.08934 -0.102522 0)
(-1.03582 0.160577 0)
(-0.928174 0.289212 0)
(-0.818544 0.270964 0)
(-0.74684 0.205783 0)
(-0.712183 0.230407 0)
(-0.696344 0.219267 0)
(-0.688223 0.273668 0)
(-0.679076 0.315383 0)
(-0.658874 0.407669 0)
(-0.616126 0.485887 0)
(-0.0121046 -0.759073 0)
(-0.038839 -0.766874 0)
(-0.0707871 -0.778512 0)
(-0.108915 -0.802958 0)
(-0.155634 -0.827535 0)
(-0.216131 -0.874467 0)
(-0.297726 -0.914385 0)
(-0.414714 -0.990141 0)
(-0.579151 -1.03375 0)
(-0.782876 -1.0393 0)
(-0.975159 -0.798466 0)
(-1.08925 -0.483485 0)
(-1.0935 -0.13547 0)
(-1.0189 0.0647985 0)
(-0.913101 0.170486 0)
(-0.806527 0.172417 0)
(-0.732278 0.157675 0)
(-0.688836 0.20007 0)
(-0.660776 0.205535 0)
(-0.639477 0.257885 0)
(-0.617997 0.300435 0)
(-0.588978 0.373191 0)
(-0.544957 0.433188 0)
(-0.0172652 -0.729518 0)
(-0.0521512 -0.734423 0)
(-0.0892003 -0.741542 0)
(-0.131247 -0.759271 0)
(-0.181594 -0.773587 0)
(-0.244827 -0.803977 0)
(-0.326673 -0.820521 0)
(-0.436114 -0.856336 0)
(-0.582303 -0.855247 0)
(-0.759475 -0.834856 0)
(-0.916119 -0.652104 0)
(-0.999909 -0.430879 0)
(-0.999694 -0.183966 0)
(-0.936509 -0.0251482 0)
(-0.846959 0.064115 0)
(-0.759297 0.0835935 0)
(-0.698276 0.110578 0)
(-0.659267 0.16434 0)
(-0.627538 0.181216 0)
(-0.59981 0.232973 0)
(-0.571512 0.275358 0)
(-0.537472 0.334924 0)
(-0.493962 0.383503 0)
(-0.018724 -0.693311 0)
(-0.0566422 -0.697385 0)
(-0.0967115 -0.700998 0)
(-0.141458 -0.712509 0)
(-0.193154 -0.717714 0)
(-0.254755 -0.734305 0)
(-0.328995 -0.733233 0)
(-0.41922 -0.742858 0)
(-0.527493 -0.712877 0)
(-0.649552 -0.676376 0)
(-0.759871 -0.542171 0)
(-0.826117 -0.389938 0)
(-0.834341 -0.216803 0)
(-0.795488 -0.0948299 0)
(-0.735426 -0.0165429 0)
(-0.679734 0.0202017 0)
(-0.641831 0.0745805 0)
(-0.610794 0.129977 0)
(-0.580678 0.15346 0)
(-0.552087 0.204162 0)
(-0.521945 0.245467 0)
(-0.487415 0.295925 0)
(-0.446439 0.337607 0)
(-0.0184907 -0.655873 0)
(-0.0565865 -0.658355 0)
(-0.097262 -0.658805 0)
(-0.141825 -0.664869 0)
(-0.191663 -0.663232 0)
(-0.24873 -0.669442 0)
(-0.314204 -0.657597 0)
(-0.389094 -0.652462 0)
(-0.47179 -0.611252 0)
(-0.558628 -0.567961 0)
(-0.636514 -0.461347 0)
(-0.687938 -0.352425 0)
(-0.702039 -0.231823 0)
(-0.682743 -0.138212 0)
(-0.648921 -0.0674837 0)
(-0.617634 -0.016242 0)
(-0.592252 0.0474555 0)
(-0.56445 0.0980023 0)
(-0.536582 0.127192 0)
(-0.509534 0.174542 0)
(-0.480223 0.215363 0)
(-0.447544 0.258501 0)
(-0.410254 0.296384 0)
(-0.0193375 -0.617819 0)
(-0.0586046 -0.618586 0)
(-0.0994608 -0.616561 0)
(-0.143159 -0.618335 0)
(-0.190711 -0.611812 0)
(-0.243347 -0.610532 0)
(-0.301515 -0.592167 0)
(-0.365277 -0.578463 0)
(-0.432256 -0.534741 0)
(-0.497868 -0.491175 0)
(-0.551613 -0.405764 0)
(-0.584358 -0.323351 0)
(-0.595791 -0.235181 0)
(-0.589489 -0.160539 0)
(-0.573363 -0.0953193 0)
(-0.555977 -0.0372889 0)
(-0.5371 0.0240567 0)
(-0.513874 0.0701486 0)
(-0.490803 0.10388 0)
(-0.466469 0.146239 0)
(-0.439407 0.187033 0)
(-0.409202 0.223647 0)
(-0.375509 0.259908 0)
(-0.0192603 -0.578993 0)
(-0.0581193 -0.578825 0)
(-0.0979342 -0.575177 0)
(-0.139664 -0.573793 0)
(-0.183866 -0.564069 0)
(-0.231211 -0.557721 0)
(-0.281472 -0.535931 0)
(-0.334111 -0.51764 0)
(-0.386496 -0.475528 0)
(-0.43506 -0.435568 0)
(-0.47527 -0.366876 0)
(-0.503429 -0.30097 0)
(-0.518402 -0.23097 0)
(-0.52087 -0.168559 0)
(-0.515136 -0.109231 0)
(-0.504446 -0.0515588 0)
(-0.48889 0.0037551 0)
(-0.469995 0.0481473 0)
(-0.450307 0.0829347 0)
(-0.428416 0.120751 0)
(-0.404318 0.161124 0)
(-0.37712 0.191879 0)
(-0.347217 0.227769 0)
(-0.018191 -0.541321 0)
(-0.0549314 -0.540452 0)
(-0.0925058 -0.535705 0)
(-0.131513 -0.532056 0)
(-0.172118 -0.520507 0)
(-0.214507 -0.511032 0)
(-0.258104 -0.488224 0)
(-0.302182 -0.468078 0)
(-0.345032 -0.429311 0)
(-0.384915 -0.39283 0)
(-0.418403 -0.335486 0)
(-0.441411 -0.280883 0)
(-0.454583 -0.222722 0)
(-0.459844 -0.168996 0)
(-0.458826 -0.11554 0)
(-0.452372 -0.062445 0)
(-0.440723 -0.0126688 0)
(-0.425664 0.0304757 0)
(-0.408579 0.0636731 0)
(-0.389765 0.0991253 0)
(-0.369228 0.137909 0)
(-0.345334 0.163758 0)
(-0.319216 0.199595 0)
(-0.0169724 -0.50595 0)
(-0.0511624 -0.504474 0)
(-0.085879 -0.498967 0)
(-0.121528 -0.4937 0)
(-0.158142 -0.481193 0)
(-0.195782 -0.469852 0)
(-0.23386 -0.447255 0)
(-0.271713 -0.426642 0)
(-0.308032 -0.391119 0)
(-0.341054 -0.357691 0)
(-0.36861 -0.30922 0)
(-0.388967 -0.263515 0)
(-0.402485 -0.213219 0)
(-0.409654 -0.165963 0)
(-0.411288 -0.117917 0)
(-0.407629 -0.0701973 0)
(-0.398952 -0.025315 0)
(-0.3864 0.0154001 0)
(-0.371505 0.0466309 0)
(-0.355733 0.0814278 0)
(-0.338115 0.117275 0)
(-0.317282 0.139452 0)
(-0.294609 0.174872 0)
(-0.0160897 -0.472692 0)
(-0.0484 -0.470839 0)
(-0.0809072 -0.464982 0)
(-0.113793 -0.458747 0)
(-0.146965 -0.445952 0)
(-0.180389 -0.433615 0)
(-0.213552 -0.411836 0)
(-0.245871 -0.39148 0)
(-0.27629 -0.359153 0)
(-0.303599 -0.328968 0)
(-0.326662 -0.287021 0)
(-0.344184 -0.247598 0)
(-0.356343 -0.203288 0)
(-0.36354 -0.161417 0)
(-0.366122 -0.11819 0)
(-0.36411 -0.0755905 0)
(-0.357658 -0.0350985 0)
(-0.34761 0.00249601 0)
(-0.335589 0.0325053 0)
(-0.32256 0.0666264 0)
(-0.307164 0.0989112 0)
(-0.289332 0.118968 0)
(-0.270029 0.153176 0)
(-0.0145922 -0.441828 0)
(-0.0438617 -0.439758 0)
(-0.0732166 -0.433834 0)
(-0.102757 -0.4271 0)
(-0.132341 -0.414474 0)
(-0.161837 -0.401802 0)
(-0.190772 -0.381185 0)
(-0.218649 -0.36158 0)
(-0.244791 -0.332158 0)
(-0.268434 -0.304705 0)
(-0.288727 -0.267665 0)
(-0.304755 -0.23319 0)
(-0.316458 -0.193673 0)
(-0.323823 -0.15636 0)
(-0.327145 -0.11728 0)
(-0.326465 -0.0791756 0)
(-0.321885 -0.0425748 0)
(-0.314048 -0.00797814 0)
(-0.304357 0.0211788 0)
(-0.293161 0.053624 0)
(-0.279374 0.0825968 0)
(-0.264093 0.102014 0)
(-0.247692 0.134253 0)
(-0.0133335 -0.413737 0)
(-0.0400424 -0.411539 0)
(-0.0667393 -0.405669 0)
(-0.0934605 -0.39867 0)
(-0.120038 -0.38641 0)
(-0.146287 -0.373791 0)
(-0.171809 -0.354417 0)
(-0.196206 -0.335764 0)
(-0.218893 -0.308853 0)
(-0.239158 -0.283837 0)
(-0.256407 -0.25076 0)
(-0.270132 -0.220151 0)
(-0.280383 -0.184612 0)
(-0.287176 -0.151159 0)
(-0.290617 -0.115652 0)
(-0.290653 -0.0814219 0)
(-0.287455 -0.0481208 0)
(-0.281489 -0.0162827 0)
(-0.273731 0.0119655 0)
(-0.264236 0.042059 0)
(-0.252387 0.0684098 0)
(-0.239552 0.0879528 0)
(-0.225579 0.117793 0)
(-0.0120396 -0.388212 0)
(-0.0361151 -0.385976 0)
(-0.0600725 -0.380276 0)
(-0.0838727 -0.373241 0)
(-0.107337 -0.361498 0)
(-0.130289 -0.349208 0)
(-0.152428 -0.331055 0)
(-0.173448 -0.313437 0)
(-0.192927 -0.288759 0)
(-0.210474 -0.265887 0)
(-0.22572 -0.236013 0)
(-0.238262 -0.208463 0)
(-0.247963 -0.176213 0)
(-0.254601 -0.146028 0)
(-0.258246 -0.113631 0)
(-0.258936 -0.0826868 0)
(-0.256912 -0.0520802 0)
(-0.252473 -0.0227612 0)
(-0.246231 0.00439108 0)
(-0.238181 0.0320154 0)
(-0.228178 0.0565035 0)
(-0.217356 0.0760918 0)
(-0.205211 0.103412 0)
(-0.0106999 -0.365337 0)
(-0.03209 -0.363113 0)
(-0.0533642 -0.357636 0)
(-0.0744675 -0.350708 0)
(-0.0952435 -0.339525 0)
(-0.115529 -0.327684 0)
(-0.135065 -0.310654 0)
(-0.153591 -0.294053 0)
(-0.170745 -0.271286 0)
(-0.186163 -0.250192 0)
(-0.199474 -0.222973 0)
(-0.210344 -0.19794 0)
(-0.21874 -0.168516 0)
(-0.224626 -0.141108 0)
(-0.228124 -0.111345 0)
(-0.229203 -0.0831703 0)
(-0.228012 -0.0548063 0)
(-0.224708 -0.0277987 0)
(-0.219682 -0.00187984 0)
(-0.212968 0.0234616 0)
(-0.204677 0.0466818 0)
(-0.195617 0.0659402 0)
(-0.185219 0.0909127 0)
(-0.00948578 -0.34503 0)
(-0.0284315 -0.342842 0)
(-0.0472354 -0.337588 0)
(-0.0658148 -0.330834 0)
(-0.0840094 -0.320194 0)
(-0.101661 -0.308849 0)
(-0.118549 -0.292844 0)
(-0.134485 -0.277192 0)
(-0.149183 -0.256099 0)
(-0.162409 -0.236558 0)
(-0.173964 -0.211583 0)
(-0.183668 -0.18862 0)
(-0.191466 -0.161533 0)
(-0.197163 -0.136423 0)
(-0.200733 -0.108902 0)
(-0.202137 -0.0830957 0)
(-0.201587 -0.0566106 0)
(-0.199229 -0.0316675 0)
(-0.1953 -0.00699627 0)
(-0.189808 0.0163233 0)
(-0.182958 0.0386134 0)
(-0.175319 0.057233 0)
(-0.166447 0.0802585 0)
(-0.00824184 -0.327195 0)
(-0.0246954 -0.325063 0)
(-0.0410172 -0.320028 0)
(-0.0571293 -0.313492 0)
(-0.072905 -0.303359 0)
(-0.0882283 -0.292508 0)
(-0.102921 -0.277411 0)
(-0.116816 -0.26261 0)
(-0.129687 -0.24294 0)
(-0.141364 -0.224657 0)
(-0.151627 -0.201526 0)
(-0.160217 -0.180263 0)
(-0.167041 -0.15517 0)
(-0.172025 -0.132026 0)
(-0.175291 -0.106406 0)
(-0.176835 -0.0826094 0)
(-0.176765 -0.0577016 0)
(-0.175135 -0.0345686 0)
(-0.172094 -0.0110873 0)
(-0.167681 0.0104714 0)
(-0.162098 0.0319797 0)
(-0.155728 0.0497942 0)
(-0.148286 0.0713062 0)
(-0.00709262 -0.311767 0)
(-0.0212547 -0.309689 0)
(-0.035312 -0.304838 0)
(-0.0491904 -0.298509 0)
(-0.0627699 -0.288808 0)
(-0.0759335 -0.278398 0)
(-0.0885061 -0.264089 0)
(-0.100362 -0.250021 0)
(-0.111319 -0.231553 0)
(-0.121217 -0.214334 0)
(-0.129924 -0.192757 0)
(-0.137341 -0.172919 0)
(-0.14347 -0.149473 0)
(-0.148196 -0.127942 0)
(-0.151472 -0.103895 0)
(-0.15322 -0.0817945 0)
(-0.153555 -0.0582339 0)
(-0.152525 -0.0366953 0)
(-0.15026 -0.0142807 0)
(-0.146818 0.00578094 0)
(-0.142341 0.0265679 0)
(-0.137093 0.0435372 0)
(-0.130906 0.06387 0)
(-0.00591943 -0.298675 0)
(-0.0177495 -0.29663 0)
(-0.0295199 -0.291912 0)
(-0.0411747 -0.285746 0)
(-0.0526141 -0.276399 0)
(-0.0637395 -0.266369 0)
(-0.0744155 -0.252726 0)
(-0.0845327 -0.239275 0)
(-0.0939355 -0.221812 0)
(-0.102539 -0.205456 0)
(-0.110237 -0.185126 0)
(-0.11686 -0.166418 0)
(-0.122303 -0.144323 0)
(-0.126466 -0.124139 0)
(-0.129421 -0.101416 0)
(-0.131163 -0.0807498 0)
(-0.131757 -0.0583308 0)
(-0.131218 -0.0381623 0)
(-0.129627 -0.0166776 0)
(-0.127022 0.00211058 0)
(-0.123517 0.0222232 0)
(-0.1193 0.0383765 0)
(-0.114278 0.0577687 0)
(-0.00481498 -0.287874 0)
(-0.0144552 -0.285828 0)
(-0.0240868 -0.28118 0)
(-0.0336713 -0.275107 0)
(-0.0431222 -0.266018 0)
(-0.0523565 -0.256264 0)
(-0.0612549 -0.243134 0)
(-0.0697186 -0.230169 0)
(-0.0776059 -0.213519 0)
(-0.0847903 -0.197861 0)
(-0.0911796 -0.178542 0)
(-0.0967139 -0.160764 0)
(-0.101412 -0.139767 0)
(-0.105222 -0.120665 0)
(-0.108108 -0.0990035 0)
(-0.109983 -0.0795126 0)
(-0.110888 -0.0580488 0)
(-0.11082 -0.0390433 0)
(-0.109843 -0.0183681 0)
(-0.108001 -0.000659562 0)
(-0.10537 0.0188337 0)
(-0.102086 0.0342336 0)
(-0.098099 0.0528604 0)
(-0.00366481 -0.279342 0)
(-0.0110208 -0.277258 0)
(-0.0184114 -0.272621 0)
(-0.0258151 -0.266572 0)
(-0.0331745 -0.257638 0)
(-0.0404443 -0.248037 0)
(-0.0475551 -0.235252 0)
(-0.0544487 -0.222598 0)
(-0.0610203 -0.20654 0)
(-0.06719 -0.1914 0)
(-0.0728745 -0.172851 0)
(-0.0779347 -0.155791 0)
(-0.0822528 -0.135662 0)
(-0.085728 -0.117434 0)
(-0.0883968 -0.0966393 0)
(-0.0902491 -0.0781178 0)
(-0.0913193 -0.0574474 0)
(-0.0916006 -0.039421 0)
(-0.0911307 -0.0194363 0)
(-0.0899363 -0.00263566 0)
(-0.0880759 0.0163023 0)
(-0.0856538 0.031035 0)
(-0.0826407 0.0490271 0)
(-0.00262083 -0.273016 0)
(-0.00787455 -0.270893 0)
(-0.0131353 -0.266253 0)
(-0.0184003 -0.26019 0)
(-0.0236623 -0.251318 0)
(-0.0289405 -0.241729 0)
(-0.0342316 -0.229079 0)
(-0.0395204 -0.216511 0)
(-0.0447414 -0.200759 0)
(-0.0497863 -0.185895 0)
(-0.0545072 -0.167884 0)
(-0.0587908 -0.151354 0)
(-0.0626118 -0.131907 0)
(-0.0658915 -0.114388 0)
(-0.0685845 -0.0942848 0)
(-0.0706243 -0.0765501 0)
(-0.0720183 -0.0565292 0)
(-0.0727522 -0.0393103 0)
(-0.0728563 -0.0199072 0)
(-0.0723467 -0.00387093 0)
(-0.0712497 0.0145705 0)
(-0.0696329 0.0287117 0)
(-0.0674836 0.0461651 0)
(-0.00163394 -0.268733 0)
(-0.00489886 -0.266601 0)
(-0.00814826 -0.261979 0)
(-0.011401 -0.255891 0)
(-0.0146806 -0.247019 0)
(-0.0180255 -0.237348 0)
(-0.0214466 -0.224691 0)
(-0.0249625 -0.212037 0)
(-0.0285803 -0.196337 0)
(-0.0323192 -0.181477 0)
(-0.0361706 -0.163675 0)
(-0.0400233 -0.147374 0)
(-0.0437173 -0.128323 0)
(-0.0470599 -0.111307 0)
(-0.049939 -0.0917568 0)
(-0.0522535 -0.0746931 0)
(-0.0539678 -0.0552544 0)
(-0.0550561 -0.0387468 0)
(-0.0555514 -0.0198622 0)
(-0.0555226 -0.00445188 0)
(-0.0550469 0.0135752 0)
(-0.0541739 0.0272081 0)
(-0.0528771 0.044208 0)
(-0.000931093 -0.26615 0)
(-0.00276612 -0.264049 0)
(-0.00456034 -0.259452 0)
(-0.00636527 -0.253324 0)
(-0.00820892 -0.244427 0)
(-0.0101106 -0.234658 0)
(-0.012076 -0.221959 0)
(-0.0141162 -0.209176 0)
(-0.016226 -0.193432 0)
(-0.0183931 -0.178437 0)
(-0.0206178 -0.160599 0)
(-0.0229082 -0.144268 0)
(-0.0253015 -0.125303 0)
(-0.0277781 -0.10847 0)
(-0.0302756 -0.0891826 0)
(-0.0326689 -0.0725289 0)
(-0.0348525 -0.0534946 0)
(-0.0366977 -0.0375526 0)
(-0.0381124 -0.0191317 0)
(-0.0390028 -0.0043122 0)
(-0.0393352 0.0132951 0)
(-0.0391935 0.0264711 0)
(-0.0386256 0.0430731 0)
(-0.00047245 -0.264736 0)
(-0.00145181 -0.262627 0)
(-0.00249471 -0.258016 0)
(-0.0035946 -0.251835 0)
(-0.00471403 -0.242932 0)
(-0.00581886 -0.233125 0)
(-0.00687543 -0.220448 0)
(-0.00787421 -0.207626 0)
(-0.00882784 -0.191897 0)
(-0.00977655 -0.176834 0)
(-0.0107699 -0.158961 0)
(-0.0118322 -0.14253 0)
(-0.0129754 -0.123481 0)
(-0.0141937 -0.106573 0)
(-0.0155126 -0.0872383 0)
(-0.0169304 -0.0706377 0)
(-0.0184349 -0.0516744 0)
(-0.0199687 -0.0359725 0)
(-0.02145 -0.0177973 0)
(-0.0227418 -0.00344994 0)
(-0.0237164 0.0137493 0)
(-0.0243473 0.0265108 0)
(-0.0246286 0.0427471 0)
(-0.000282183 -0.263966 0)
(-0.000909733 -0.261759 0)
(-0.00165136 -0.257067 0)
(-0.00247814 -0.250824 0)
(-0.00335062 -0.241918 0)
(-0.00423477 -0.232118 0)
(-0.00509054 -0.219512 0)
(-0.00587187 -0.206753 0)
(-0.00652763 -0.191134 0)
(-0.00701616 -0.176135 0)
(-0.00733002 -0.15833 0)
(-0.00750013 -0.141907 0)
(-0.00759044 -0.12285 0)
(-0.00765137 -0.105906 0)
(-0.00770839 -0.086512 0)
(-0.00776795 -0.06987 0)
(-0.00784141 -0.0508487 0)
(-0.00794032 -0.0351512 0)
(-0.00808768 -0.0169771 0)
(-0.00832274 -0.00273255 0)
(-0.00865703 0.0143488 0)
(-0.00902187 0.026912 0)
(-0.00933566 0.0429425 0)
(0.892915 0.836995 0)
(0.101494 0.859598 0)
(-0.743494 0.934212 0)
(-1.55227 0.785989 0)
(1.82469 1.71448 0)
(1.78597 1.7613 0)
(1.75679 1.88944 0)
(1.65275 1.77602 0)
(1.86348 1.83339 0)
(1.80795 1.877 0)
(1.74445 1.97191 0)
(1.67885 2.05851 0)
(1.80392 1.96558 0)
(1.74614 2.0183 0)
(1.67941 2.10759 0)
(1.60859 2.21324 0)
(1.7163 2.0876 0)
(1.64119 2.17465 0)
(1.55552 2.2736 0)
(1.47459 2.36987 0)
(1.58911 2.2256 0)
(1.50405 2.37177 0)
(1.40104 2.47129 0)
(1.30779 2.54257 0)
(1.38542 2.34051 0)
(1.31794 2.57612 0)
(1.22628 2.67303 0)
(1.14028 2.72134 0)
(1.14408 2.38702 0)
(1.13195 2.69716 0)
(1.09334 2.82428 0)
(1.0412 2.86089 0)
(0.970171 2.3102 0)
(1.0076 2.72213 0)
(1.00133 2.89302 0)
(0.986245 2.9308 0)
(0.801426 2.09417 0)
(0.897755 2.655 0)
(0.93915 2.89097 0)
(0.95137 2.9517 0)
(0.385507 1.73642 0)
(0.613172 2.32377 0)
(0.808486 2.72598 0)
(0.896756 2.92326 0)
(-0.732305 1.3382 0)
(-0.512021 1.76945 0)
(-0.240036 2.28811 0)
(0.00326434 2.66167 0)
(-1.35487 1.10872 0)
(-1.28107 1.37366 0)
(-1.1274 1.77885 0)
(-0.873729 2.11417 0)
(-1.23622 0.991165 0)
(-1.16118 1.17476 0)
(-1.03816 1.38934 0)
(-0.850559 1.56517 0)
(-1.00382 0.851311 0)
(-0.92259 0.982352 0)
(-0.813895 1.089 0)
(-0.680465 1.18274 0)
(-0.792149 0.722664 0)
(-0.731725 0.809763 0)
(-0.656402 0.870238 0)
(-0.567156 0.927916 0)
(-0.663506 0.62209 0)
(-0.615153 0.679019 0)
(-0.557166 0.717472 0)
(-0.491171 0.75051 0)
(-0.571407 0.538879 0)
(-0.532489 0.576643 0)
(-0.487778 0.601439 0)
(-0.438684 0.621768 0)
(-0.504219 0.468681 0)
(-0.471842 0.495226 0)
(-0.436059 0.511668 0)
(-0.398156 0.52651 0)
(-0.456845 0.408265 0)
(-0.429437 0.428502 0)
(-0.400212 0.440138 0)
(-0.370015 0.453205 0)
(-0.413367 0.356131 0)
(-0.390195 0.37307 0)
(-0.366159 0.382299 0)
(-0.341718 0.394842 0)
(-0.381275 0.311408 0)
(-0.361588 0.326648 0)
(-0.341423 0.334718 0)
(-0.320991 0.346988 0)
(-0.350048 0.272824 0)
(-0.333045 0.287208 0)
(-0.315759 0.294514 0)
(-0.29827 0.306542 0)
(-0.324884 0.239198 0)
(-0.310074 0.25318 0)
(-0.295075 0.259884 0)
(-0.279909 0.27172 0)
(-0.299729 0.209886 0)
(-0.286853 0.223616 0)
(-0.27383 0.229856 0)
(-0.260653 0.241468 0)
(-0.277485 0.184345 0)
(-0.266216 0.197811 0)
(-0.25483 0.203751 0)
(-0.243326 0.215083 0)
(-0.255111 0.162116 0)
(-0.245314 0.175242 0)
(-0.235405 0.181033 0)
(-0.225395 0.192045 0)
(-0.23472 0.142848 0)
(-0.226192 0.155542 0)
(-0.21755 0.161284 0)
(-0.208812 0.17192 0)
(-0.214376 0.12627 0)
(-0.207045 0.138395 0)
(-0.199573 0.144163 0)
(-0.192002 0.154356 0)
(-0.195462 0.112149 0)
(-0.189162 0.123528 0)
(-0.182693 0.129381 0)
(-0.176116 0.139049 0)
(-0.176886 0.100149 0)
(-0.171508 0.110694 0)
(-0.165961 0.116661 0)
(-0.160291 0.125726 0)
(-0.159352 0.0898896 0)
(-0.154719 0.099665 0)
(-0.149942 0.105733 0)
(-0.145053 0.1142 0)
(-0.142335 0.0810925 0)
(-0.1384 0.090244 0)
(-0.134334 0.0963486 0)
(-0.130176 0.104343 0)
(-0.125946 0.0736273 0)
(-0.122632 0.082295 0)
(-0.119204 0.088363 0)
(-0.115698 0.0960297 0)
(-0.110229 0.0673834 0)
(-0.107496 0.0756806 0)
(-0.10466 0.0816571 0)
(-0.101756 0.0891036 0)
(-0.0948543 0.0622636 0)
(-0.0926358 0.070272 0)
(-0.0903209 0.0761123 0)
(-0.0879426 0.0834146 0)
(-0.0801513 0.0581846 0)
(-0.0784245 0.0659625 0)
(-0.0766073 0.0716355 0)
(-0.0747297 0.0788413 0)
(-0.0656554 0.055062 0)
(-0.064356 0.0626512 0)
(-0.0629708 0.0681375 0)
(-0.0615263 0.075275 0)
(-0.0517134 0.0528436 0)
(-0.0508526 0.060277 0)
(-0.0499114 0.0655653 0)
(-0.0489102 0.0726466 0)
(-0.0380049 0.0514528 0)
(-0.0374964 0.0587566 0)
(-0.036913 0.0638441 0)
(-0.0362707 0.0708731 0)
(-0.0246525 0.0508751 0)
(-0.0245645 0.0580664 0)
(-0.0244044 0.0629534 0)
(-0.0241798 0.0699205 0)
(-0.0095207 0.0509018 0)
(-0.00960356 0.0580252 0)
(-0.00965708 0.0627634 0)
(-0.00968058 0.0696779 0)
(-1.88494 1.11521 0)
(-1.58242 0.0817271 0)
(-1.01026 -0.468576 0)
(-0.589249 -0.270021 0)
(-0.38785 -0.345224 0)
(-0.250642 -0.219221 0)
(-0.166181 -0.211725 0)
(-0.108062 -0.147604 0)
(-0.0683405 -0.126048 0)
(-0.0412131 -0.0889786 0)
(-0.0223716 -0.0700783 0)
(-0.00995789 -0.0482136 0)
(-0.00191237 -0.0350887 0)
(0.00274742 -0.0218526 0)
(0.0050276 -0.0140408 0)
(0.00552221 -0.00620895 0)
(0.00474639 -0.00237928 0)
(0.00318518 0.00140521 0)
(0.00108618 0.0024652 0)
(1.07164 1.52197 0)
(0.0916519 0.287723 0)
(-0.379757 -0.765835 0)
(-0.267254 -0.455577 0)
(-0.146634 -0.451144 0)
(-0.0842295 -0.294005 0)
(-0.0402613 -0.253253 0)
(-0.0153472 -0.181304 0)
(0.00269835 -0.14472 0)
(0.0127931 -0.104086 0)
(0.0195972 -0.0782753 0)
(0.0224366 -0.0539173 0)
(0.02334 -0.0375809 0)
(0.0221462 -0.0225952 0)
(0.0197728 -0.013312 0)
(0.0162936 -0.00433536 0)
(0.0121452 0.000104725 0)
(0.00747117 0.00446502 0)
(0.00252416 0.00568299 0)
(1.52229 2.07278 0)
(0.783278 1.29427 0)
(-0.122218 -0.526624 0)
(-0.275817 -0.657626 0)
(-0.140633 -0.480637 0)
(-0.0929782 -0.364168 0)
(-0.0375623 -0.273113 0)
(-0.0120362 -0.207175 0)
(0.0081225 -0.153516 0)
(0.0177818 -0.11326 0)
(0.023882 -0.0808756 0)
(0.0258311 -0.0557475 0)
(0.0257893 -0.036628 0)
(0.0238359 -0.0207981 0)
(0.0208319 -0.0103407 0)
(0.0169393 -0.000733757 0)
(0.0124876 0.00418768 0)
(0.00765139 0.00889011 0)
(0.00256511 0.0102394 0)
(1.49367 2.25796 0)
(1.16035 2.0849 0)
(0.572206 0.0346057 0)
(0.187071 -0.731377 0)
(0.112385 -0.461706 0)
(0.0959437 -0.411403 0)
(0.0948649 -0.275138 0)
(0.0888139 -0.222858 0)
(0.0857471 -0.153395 0)
(0.0789509 -0.116067 0)
(0.0726075 -0.0779458 0)
(0.0645189 -0.0532185 0)
(0.056505 -0.0319645 0)
(0.0478805 -0.0159869 0)
(0.0392936 -0.0047603 0)
(0.0305261 0.00504488 0)
(0.0217911 0.0102448 0)
(0.0130308 0.0150395 0)
(0.00435144 0.0164498 0)
(1.36448 2.40217 0)
(1.17781 2.41984 0)
(0.791205 0.583066 0)
(0.375214 -0.554972 0)
(0.204861 -0.416475 0)
(0.164037 -0.404888 0)
(0.139292 -0.25838 0)
(0.121548 -0.218172 0)
(0.106597 -0.141874 0)
(0.0930509 -0.109276 0)
(0.0809946 -0.0681848 0)
(0.0695339 -0.045386 0)
(0.0590033 -0.0231129 0)
(0.0489214 -0.00800772 0)
(0.0394822 0.00347613 0)
(0.0303503 0.0129093 0)
(0.0215426 0.0181589 0)
(0.012882 0.0227936 0)
(0.00429394 0.024225 0)
(1.17505 2.55713 0)
(0.977928 2.62274 0)
(0.683793 0.99798 0)
(0.40917 -0.345081 0)
(0.29824 -0.371942 0)
(0.259393 -0.377416 0)
(0.229399 -0.236418 0)
(0.202909 -0.200201 0)
(0.176393 -0.12242 0)
(0.151492 -0.0940361 0)
(0.1292 -0.05244 0)
(0.108708 -0.0323127 0)
(0.0905447 -0.0103177 0)
(0.0738982 0.00328769 0)
(0.0586986 0.0143809 0)
(0.0445321 0.022992 0)
(0.0312459 0.0279741 0)
(0.0184984 0.0322557 0)
(0.0061419 0.033621 0)
(1.01077 2.72743 0)
(0.835232 2.80041 0)
(0.615458 1.28691 0)
(0.427494 -0.215588 0)
(0.359033 -0.339225 0)
(0.31919 -0.339032 0)
(0.272985 -0.205952 0)
(0.231627 -0.169371 0)
(0.193138 -0.0945274 0)
(0.160959 -0.0703752 0)
(0.133405 -0.0310934 0)
(0.110214 -0.0142261 0)
(0.0902496 0.00600097 0)
(0.0729138 0.0176247 0)
(0.0574411 0.0277046 0)
(0.0433777 0.0351194 0)
(0.0303054 0.0396048 0)
(0.0178958 0.043296 0)
(0.00592914 0.0444974 0)
(0.961245 2.86588 0)
(0.864008 2.91885 0)
(0.758824 1.46414 0)
(0.643871 -0.118866 0)
(0.556501 -0.295052 0)
(0.475427 -0.273906 0)
(0.393412 -0.155161 0)
(0.32417 -0.120187 0)
(0.265636 -0.0560193 0)
(0.21832 -0.0370483 0)
(0.178817 -0.00383947 0)
(0.146175 0.00894733 0)
(0.118458 0.0258791 0)
(0.0947169 0.034823 0)
(0.0739992 0.0431615 0)
(0.055518 0.0490194 0)
(0.0386431 0.0527117 0)
(0.0227976 0.055665 0)
(0.00755773 0.0566558 0)
(0.961282 2.93885 0)
(0.952721 2.95157 0)
(0.938733 1.54104 0)
(0.838617 -0.00131426 0)
(0.687487 -0.196915 0)
(0.543939 -0.168917 0)
(0.425126 -0.0785409 0)
(0.336783 -0.0543218 0)
(0.268659 -0.00737733 0)
(0.216713 0.00402966 0)
(0.175102 0.0283838 0)
(0.141921 0.0361912 0)
(0.114276 0.0486381 0)
(0.0910818 0.0544431 0)
(0.0708819 0.060476 0)
(0.0530369 0.0644855 0)
(0.0367918 0.0671253 0)
(0.0216466 0.0692046 0)
(0.00715824 0.0699272 0)
(0.953869 2.96118 0)
(1.03095 2.87606 0)
(1.14239 1.52981 0)
(1.06225 0.172878 0)
(0.838404 -0.0319436 0)
(0.641779 -0.026217 0)
(0.49617 0.0179056 0)
(0.391775 0.0235215 0)
(0.312355 0.0481844 0)
(0.251779 0.0501864 0)
(0.203324 0.0636303 0)
(0.164563 0.0659503 0)
(0.132341 0.0729594 0)
(0.105336 0.0754561 0)
(0.081938 0.0788247 0)
(0.0612898 0.0808801 0)
(0.0425364 0.0823121 0)
(0.0250408 0.083466 0)
(0.00828098 0.0838541 0)
(0.907733 2.97184 0)
(1.01952 2.70031 0)
(1.21984 1.42406 0)
(1.16506 0.400604 0)
(0.890326 0.191342 0)
(0.656039 0.140273 0)
(0.495631 0.1282 0)
(0.383595 0.108956 0)
(0.301613 0.108696 0)
(0.240644 0.0995598 0)
(0.192982 0.101136 0)
(0.155416 0.0974194 0)
(0.124523 0.0985122 0)
(0.0988481 0.0974846 0)
(0.0767047 0.0979189 0)
(0.0572786 0.0979622 0)
(0.0396759 0.0980422 0)
(0.0233392 0.0982647 0)
(0.00770834 0.09828 0)
(0.289549 2.8182 0)
(0.669989 2.41082 0)
(0.951992 1.27707 0)
(0.928601 0.618213 0)
(0.73509 0.397289 0)
(0.573651 0.292266 0)
(0.453114 0.230307 0)
(0.363848 0.18889 0)
(0.294303 0.165775 0)
(0.240036 0.14666 0)
(0.195822 0.13708 0)
(0.159814 0.127962 0)
(0.129347 0.123407 0)
(0.103462 0.119161 0)
(0.080753 0.116744 0)
(0.0605519 0.114912 0)
(0.0420716 0.11366 0)
(0.0247854 0.112989 0)
(0.00819528 0.11263 0)
(-0.357071 2.32477 0)
(0.292324 1.97252 0)
(0.639143 1.14632 0)
(0.657638 0.75329 0)
(0.564567 0.521395 0)
(0.47092 0.398855 0)
(0.388093 0.307627 0)
(0.319545 0.254269 0)
(0.262575 0.214781 0)
(0.216135 0.188692 0)
(0.177364 0.170053 0)
(0.145232 0.156563 0)
(0.117836 0.147082 0)
(0.0943935 0.140039 0)
(0.0737522 0.135011 0)
(0.0553532 0.131492 0)
(0.0384779 0.128992 0)
(0.022688 0.127506 0)
(0.00749731 0.126789 0)
(-0.447459 1.72616 0)
(0.0586562 1.52566 0)
(0.330778 1.03312 0)
(0.397975 0.788868 0)
(0.391038 0.576211 0)
(0.355678 0.460674 0)
(0.31216 0.36004 0)
(0.268964 0.302879 0)
(0.229151 0.25366 0)
(0.194013 0.223546 0)
(0.162939 0.198317 0)
(0.135896 0.181764 0)
(0.111902 0.168305 0)
(0.0906935 0.159141 0)
(0.0715043 0.151873 0)
(0.0540285 0.147015 0)
(0.0377367 0.143404 0)
(0.0223157 0.14126 0)
(0.00738385 0.140217 0)
(-0.416475 1.2853 0)
(-0.0754883 1.20007 0)
(0.137812 0.91944 0)
(0.229568 0.758653 0)
(0.260091 0.585005 0)
(0.256895 0.486686 0)
(0.238863 0.389642 0)
(0.214328 0.334484 0)
(0.18829 0.281564 0)
(0.162945 0.250293 0)
(0.139175 0.221122 0)
(0.117503 0.202965 0)
(0.097676 0.186681 0)
(0.079713 0.176136 0)
(0.063183 0.167125 0)
(0.0479311 0.161303 0)
(0.0335701 0.156779 0)
(0.0198944 0.154139 0)
(0.00658392 0.152819 0)
(-0.39053 0.995053 0)
(-0.159054 0.972361 0)
(0.0053318 0.805391 0)
(0.10201 0.702159 0)
(0.152865 0.567808 0)
(0.172449 0.488991 0)
(0.174092 0.4021 0)
(0.165232 0.352173 0)
(0.151441 0.299847 0)
(0.135332 0.26945 0)
(0.118631 0.238516 0)
(0.102218 0.219963 0)
(0.0863869 0.201879 0)
(0.0714297 0.190656 0)
(0.0571975 0.180371 0)
(0.0437281 0.173977 0)
(0.0307924 0.168735 0)
(0.0183133 0.16578 0)
(0.00606832 0.164232 0)
(-0.36855 0.799775 0)
(-0.20232 0.807796 0)
(-0.0697949 0.701285 0)
(0.0186194 0.638754 0)
(0.0725719 0.536333 0)
(0.102093 0.475982 0)
(0.115128 0.401771 0)
(0.117101 0.358673 0)
(0.11273 0.309718 0)
(0.104426 0.281605 0)
(0.0941257 0.250729 0)
(0.0828313 0.232756 0)
(0.071199 0.213871 0)
(0.0596314 0.202599 0)
(0.0482414 0.191546 0)
(0.037164 0.184947 0)
(0.0263182 0.179217 0)
(0.0157133 0.176119 0)
(0.00521356 0.174407 0)
(-0.349932 0.663303 0)
(-0.225865 0.681614 0)
(-0.119678 0.611464 0)
(-0.0412048 0.577546 0)
(0.0142976 0.498467 0)
(0.0498985 0.45488 0)
(0.070232 0.39263 0)
(0.0798657 0.357259 0)
(0.082148 0.312967 0)
(0.0796839 0.288042 0)
(0.074295 0.258429 0)
(0.0670795 0.241744 0)
(0.0588138 0.222826 0)
(0.0500178 0.212008 0)
(0.0409336 0.2006 0)
(0.0318073 0.194111 0)
(0.0226525 0.188088 0)
(0.0135751 0.184995 0)
(0.00450851 0.183173 0)
(-0.330484 0.562301 0)
(-0.233708 0.582801 0)
(-0.148237 0.536853 0)
(-0.0812332 0.520508 0)
(-0.0301359 0.459022 0)
(0.00510939 0.430184 0)
(0.0284882 0.377731 0)
(0.0430093 0.350255 0)
(0.0506155 0.310974 0)
(0.0532483 0.28983 0)
(0.0524309 0.262202 0)
(0.0492376 0.247333 0)
(0.0444688 0.228974 0)
(0.0386784 0.219001 0)
(0.0322167 0.207616 0)
(0.025368 0.201491 0)
(0.0182536 0.195369 0)
(0.0110184 0.192414 0)
(0.00367193 0.190545 0)
(-0.315921 0.483319 0)
(-0.23815 0.503858 0)
(-0.167559 0.474583 0)
(-0.108343 0.468556 0)
(-0.0605755 0.421494 0)
(-0.0250957 0.403687 0)
(0.000818073 0.359591 0)
(0.0180268 0.339644 0)
(0.0286293 0.305064 0)
(0.0343552 0.288129 0)
(0.0363757 0.262765 0)
(0.035846 0.250088 0)
(0.0334497 0.23265 0)
(0.0297936 0.223818 0)
(0.0252285 0.212721 0)
(0.0201044 0.207164 0)
(0.0145665 0.201089 0)
(0.00883576 0.198371 0)
(0.00294819 0.196507 0)
(-0.297595 0.419287 0)
(-0.234076 0.440055 0)
(-0.175676 0.421668 0)
(-0.124958 0.421988 0)
(-0.0830777 0.386927 0)
(-0.0506227 0.376759 0)
(-0.0255587 0.340362 0)
(-0.00757721 0.326996 0)
(0.00518932 0.296527 0)
(0.0136379 0.283798 0)
(0.0185813 0.260751 0)
(0.0208538 0.250478 0)
(0.0210808 0.234174 0)
(0.0198057 0.226707 0)
(0.0174109 0.216079 0)
(0.0142449 0.211255 0)
(0.0105027 0.205342 0)
(0.00642562 0.202939 0)
(0.00214348 0.201088 0)
(-0.284047 0.366299 0)
(-0.231014 0.38759 0)
(-0.181284 0.376291 0)
(-0.136632 0.381062 0)
(-0.0984769 0.355418 0)
(-0.0671995 0.350577 0)
(-0.0420742 0.321102 0)
(-0.0230874 0.312773 0)
(-0.00896205 0.286382 0)
(0.000727063 0.277492 0)
(0.00711589 0.256761 0)
(0.0108587 0.248982 0)
(0.0125373 0.233901 0)
(0.0127034 0.227937 0)
(0.0116827 0.217892 0)
(0.00985728 0.213911 0)
(0.00740958 0.208239 0)
(0.00459889 0.206226 0)
(0.00153913 0.204395 0)
(-0.266954 0.321749 0)
(-0.222273 0.343733 0)
(-0.18001 0.33691 0)
(-0.141438 0.345133 0)
(-0.107938 0.326499 0)
(-0.0798007 0.325717 0)
(-0.056791 0.302384 0)
(-0.0386998 0.297913 0)
(-0.024514 0.275592 0)
(-0.0139967 0.269963 0)
(-0.00622231 0.251436 0)
(-0.000863155 0.246031 0)
(0.00256815 0.232187 0)
(0.00445218 0.227753 0)
(0.00510451 0.218365 0)
(0.00484832 0.215276 0)
(0.0039058 0.209896 0)
(0.00253436 0.208307 0)
(0.000864499 0.206547 0)
(-0.253047 0.283927 0)
(-0.214909 0.306623 0)
(-0.178443 0.302782 0)
(-0.1446 0.31373 0)
(-0.114411 0.300261 0)
(-0.088205 0.302767 0)
(-0.0660916 0.284483 0)
(-0.0479594 0.283012 0)
(-0.0333238 0.264386 0)
(-0.0220343 0.261405 0)
(-0.0134964 0.245199 0)
(-0.00741499 0.241879 0)
(-0.00317729 0.229361 0)
(-0.000476285 0.226391 0)
(0.00104617 0.217719 0)
(0.00168438 0.215535 0)
(0.0016451 0.210483 0)
(0.00118137 0.209338 0)
(0.000411963 0.207681 0)
(-0.237507 0.251551 0)
(-0.204708 0.274819 0)
(-0.173088 0.272979 0)
(-0.143467 0.286102 0)
(-0.116695 0.276338 0)
(-0.0931073 0.281619 0)
(-0.0729713 0.267382 0)
(-0.0561512 0.268463 0)
(-0.0423238 0.253154 0)
(-0.031251 0.252374 0)
(-0.0224224 0.238485 0)
(-0.015657 0.236935 0)
(-0.0104996 0.225768 0)
(-0.00675835 0.224117 0)
(-0.00410715 0.216178 0)
(-0.0023361 0.214858 0)
(-0.00122492 0.210152 0)
(-0.000546592 0.209436 0)
(-0.000159606 0.207889 0)
(-0.223269 0.223689 0)
(-0.194908 0.247346 0)
(-0.167392 0.246943 0)
(-0.141365 0.261781 0)
(-0.117445 0.254782 0)
(-0.0959512 0.26237 0)
(-0.0771302 0.251364 0)
(-0.0609533 0.254604 0)
(-0.0473067 0.24213 0)
(-0.0360441 0.243162 0)
(-0.0268567 0.231367 0)
(-0.0195957 0.231331 0)
(-0.0139418 0.221558 0)
(-0.00968968 0.221062 0)
(-0.00651654 0.21393 0)
(-0.00421645 0.213388 0)
(-0.00256376 0.209085 0)
(-0.00136117 0.208764 0)
(-0.000433157 0.207335 0)
(-0.208057 0.199657 0)
(-0.183532 0.223529 0)
(-0.159581 0.224191 0)
(-0.13674 0.240311 0)
(-0.115508 0.235387 0)
(-0.096214 0.244846 0)
(-0.0791147 0.236371 0)
(-0.0642228 0.241466 0)
(-0.0515078 0.231393 0)
(-0.0408309 0.234023 0)
(-0.03195 0.224131 0)
(-0.0246925 0.225403 0)
(-0.0187576 0.216971 0)
(-0.0140067 0.217471 0)
(-0.0101882 0.211162 0)
(-0.00715061 0.211294 0)
(-0.00469526 0.207429 0)
(-0.00265208 0.20745 0)
(-0.000856353 0.206151 0)
(-0.193729 0.178886 0)
(-0.172393 0.202807 0)
(-0.151461 0.204302 0)
(-0.131368 0.221348 0)
(-0.112497 0.218055 0)
(-0.095137 0.229001 0)
(-0.0794845 0.222566 0)
(-0.0655938 0.22921 0)
(-0.0534785 0.221162 0)
(-0.0430674 0.225151 0)
(-0.0342254 0.216943 0)
(-0.0268341 0.21931 0)
(-0.020685 0.212103 0)
(-0.0156532 0.21346 0)
(-0.0115365 0.207964 0)
(-0.00819694 0.208692 0)
(-0.00543874 0.205284 0)
(-0.00309731 0.205598 0)
(-0.00100324 0.204453 0)
(-0.178961 0.160913 0)
(-0.160475 0.18475 0)
(-0.142229 0.186907 0)
(-0.124591 0.204599 0)
(-0.107884 0.202605 0)
(-0.0923757 0.214701 0)
(-0.0782488 0.209908 0)
(-0.0655823 0.217823 0)
(-0.0544117 0.211462 0)
(-0.0446896 0.216615 0)
(-0.0363196 0.209884 0)
(-0.0291988 0.213216 0)
(-0.0231541 0.20714 0)
(-0.0180635 0.209239 0)
(-0.0137374 0.20452 0)
(-0.0100504 0.20575 0)
(-0.0068323 0.20279 0)
(-0.00397187 0.203357 0)
(-0.00130082 0.202354 0)
(-0.164803 0.14539 0)
(-0.148758 0.169031 0)
(-0.132842 0.171713 0)
(-0.117357 0.18982 0)
(-0.102575 0.188886 0)
(-0.0887308 0.201852 0)
(-0.0759712 0.198418 0)
(-0.0643868 0.207356 0)
(-0.0540164 0.202422 0)
(-0.0448444 0.208541 0)
(-0.0368141 0.203099 0)
(-0.0298601 0.207245 0)
(-0.0238612 0.202191 0)
(-0.0187286 0.204914 0)
(-0.0143125 0.200911 0)
(-0.0105103 0.202559 0)
(-0.0071668 0.20002 0)
(-0.00416902 0.200801 0)
(-0.00136452 0.19993 0)
(-0.150588 0.132044 0)
(-0.136751 0.155343 0)
(-0.122911 0.158476 0)
(-0.109376 0.176795 0)
(-0.0963515 0.176746 0)
(-0.0840641 0.19034 0)
(-0.0726371 0.188035 0)
(-0.0621759 0.197779 0)
(-0.0527221 0.194047 0)
(-0.044279 0.200961 0)
(-0.0368058 0.196633 0)
(-0.0302504 0.201468 0)
(-0.0245123 0.197328 0)
(-0.0195128 0.200589 0)
(-0.0151202 0.197245 0)
(-0.0112458 0.199257 0)
(-0.00775174 0.197112 0)
(-0.00454672 0.198074 0)
(-0.00149233 0.197334 0)
(-0.136811 0.120712 0)
(-0.124893 0.143372 0)
(-0.112839 0.147018 0)
(-0.101055 0.165341 0)
(-0.0896216 0.166064 0)
(-0.0787683 0.180076 0)
(-0.0685801 0.178732 0)
(-0.059171 0.189092 0)
(-0.050573 0.186387 0)
(-0.0428069 0.193941 0)
(-0.035846 0.190578 0)
(-0.0296627 0.195981 0)
(-0.0241807 0.192647 0)
(-0.019346 0.196354 0)
(-0.0150521 0.193601 0)
(-0.0112291 0.195917 0)
(-0.00775628 0.194129 0)
(-0.00455348 0.195239 0)
(-0.00149707 0.194619 0)
(-0.123254 0.111186 0)
(-0.11306 0.132893 0)
(-0.10264 0.137162 0)
(-0.0924418 0.155304 0)
(-0.0824626 0.156722 0)
(-0.0729374 0.170973 0)
(-0.06392 0.170449 0)
(-0.0555328 0.181263 0)
(-0.0478032 0.179431 0)
(-0.0407646 0.187488 0)
(-0.0343976 0.184957 0)
(-0.0286873 0.190825 0)
(-0.0235698 0.188196 0)
(-0.0190013 0.19228 0)
(-0.0148907 0.190053 0)
(-0.0111795 0.192631 0)
(-0.00776125 0.191163 0)
(-0.00457395 0.192406 0)
(-0.00150573 0.191892 0)
(-0.109866 0.103185 0)
(-0.101177 0.12381 0)
(-0.0922694 0.128757 0)
(-0.0835008 0.146546 0)
(-0.0748519 0.148621 0)
(-0.0665715 0.162958 0)
(-0.0586681 0.163147 0)
(-0.051272 0.174276 0)
(-0.0443952 0.173193 0)
(-0.0380825 0.181635 0)
(-0.0323173 0.179821 0)
(-0.0270985 0.186059 0)
(-0.0223744 0.184043 0)
(-0.0181168 0.188433 0)
(-0.01425 0.186668 0)
(-0.0107302 0.189458 0)
(-0.00746655 0.188274 0)
(-0.00440594 0.189626 0)
(-0.00145253 0.189208 0)
(-0.0969043 0.0964663 0)
(-0.0896066 0.116064 0)
(-0.0821123 0.121662 0)
(-0.0746471 0.13895 0)
(-0.0672174 0.141665 0)
(-0.060078 0.155957 0)
(-0.0532061 0.156773 0)
(-0.0467375 0.168097 0)
(-0.0406742 0.167655 0)
(-0.0350699 0.176382 0)
(-0.02991 0.175179 0)
(-0.0252033 0.181709 0)
(-0.0209073 0.18022 0)
(-0.0170031 0.184859 0)
(-0.0134267 0.183494 0)
(-0.0101439 0.186464 0)
(-0.0070768 0.185526 0)
(-0.00418387 0.186973 0)
(-0.00137999 0.186638 0)
(-0.0839392 0.0908759 0)
(-0.0778817 0.109571 0)
(-0.0716522 0.115737 0)
(-0.0653864 0.13245 0)
(-0.0591175 0.135768 0)
(-0.0530624 0.149912 0)
(-0.0471936 0.151285 0)
(-0.0416454 0.162706 0)
(-0.0364052 0.162811 0)
(-0.0315342 0.171739 0)
(-0.0270155 0.171056 0)
(-0.0228644 0.177809 0)
(-0.0190455 0.176768 0)
(-0.0155487 0.181604 0)
(-0.0123202 0.180581 0)
(-0.00933506 0.183695 0)
(-0.00652802 0.182969 0)
(-0.00386533 0.184491 0)
(-0.00127661 0.184228 0)
(-0.0715402 0.0863143 0)
(-0.0666645 0.104241 0)
(-0.0616081 0.110856 0)
(-0.0564638 0.127007 0)
(-0.0512865 0.130852 0)
(-0.046228 0.144768 0)
(-0.0412801 0.146638 0)
(-0.0365779 0.158074 0)
(-0.0320988 0.158643 0)
(-0.0279096 0.167702 0)
(-0.0239939 0.167454 0)
(-0.0203739 0.174372 0)
(-0.0170203 0.173707 0)
(-0.0139307 0.178697 0)
(-0.0110611 0.177961 0)
(-0.00839445 0.181191 0)
(-0.00587648 0.180645 0)
(-0.00348196 0.18223 0)
(-0.0011501 0.182028 0)
(-0.0590416 0.0826983 0)
(-0.0552125 0.099982 0)
(-0.0512086 0.106917 0)
(-0.047096 0.122568 0)
(-0.0429419 0.126846 0)
(-0.0388454 0.140489 0)
(-0.034813 0.142788 0)
(-0.030962 0.15418 0)
(-0.0272692 0.155138 0)
(-0.0237995 0.164272 0)
(-0.0205346 0.164381 0)
(-0.0174992 0.171416 0)
(-0.0146689 0.17106 0)
(-0.0120453 0.176167 0)
(-0.00959288 0.175668 0)
(-0.0072994 0.178988 0)
(-0.0051213 0.178591 0)
(-0.0030391 0.180225 0)
(-0.00100497 0.180074 0)
(-0.0471514 0.0799777 0)
(-0.0443732 0.096725 0)
(-0.0413993 0.10386 0)
(-0.0382799 0.119081 0)
(-0.0350816 0.123679 0)
(-0.0318819 0.137051 0)
(-0.0287015 0.139696 0)
(-0.0256276 0.151003 0)
(-0.0226508 0.152277 0)
(-0.0198364 0.161443 0)
(-0.0171673 0.161836 0)
(-0.0146709 0.16895 0)
(-0.0123283 0.16884 0)
(-0.0101458 0.174032 0)
(-0.0080956 0.173722 0)
(-0.00617033 0.17711 0)
(-0.0043342 0.17683 0)
(-0.00257325 0.178502 0)
(-0.000850831 0.178391 0)
(-0.0351076 0.0780889 0)
(-0.0332231 0.0943952 0)
(-0.0311536 0.101627 0)
(-0.0289401 0.116488 0)
(-0.0266404 0.121295 0)
(-0.02431 0.134429 0)
(-0.0219748 0.137325 0)
(-0.0196926 0.148524 0)
(-0.017463 0.150041 0)
(-0.0153397 0.159207 0)
(-0.0133103 0.159816 0)
(-0.0114005 0.166979 0)
(-0.0095971 0.167055 0)
(-0.00790734 0.172308 0)
(-0.0063131 0.172144 0)
(-0.00481136 0.175583 0)
(-0.00337833 0.175394 0)
(-0.00200482 0.177096 0)
(-0.000662985 0.177018 0)
(-0.0236964 0.0770046 0)
(-0.0227819 0.092947 0)
(-0.02165 0.100178 0)
(-0.0203419 0.11475 0)
(-0.0189104 0.119656 0)
(-0.0174022 0.132593 0)
(-0.0158484 0.13564 0)
(-0.0142947 0.146736 0)
(-0.012752 0.148413 0)
(-0.0112595 0.15756 0)
(-0.00981499 0.158316 0)
(-0.00844239 0.165505 0)
(-0.00713438 0.16571 0)
(-0.00589907 0.171003 0)
(-0.00472497 0.17094 0)
(-0.00361217 0.174416 0)
(-0.00254488 0.174293 0)
(-0.00151531 0.176018 0)
(-0.000502356 0.175962 0)
(-0.00966383 0.0766511 0)
(-0.00952369 0.0923395 0)
(-0.00925287 0.099508 0)
(-0.00886752 0.113878 0)
(-0.00838994 0.118791 0)
(-0.00784219 0.131588 0)
(-0.00724264 0.134685 0)
(-0.00661388 0.145703 0)
(-0.00596745 0.147451 0)
(-0.00532185 0.156573 0)
(-0.00468159 0.157402 0)
(-0.00405966 0.164599 0)
(-0.00345642 0.16487 0)
(-0.00287679 0.170183 0)
(-0.00231899 0.170175 0)
(-0.00178257 0.173671 0)
(-0.00126289 0.173584 0)
(-0.00075456 0.175317 0)
(-0.000250345 0.175271 0)
)
;

boundaryField
{
    leftWall
    {
        type            extrapolatedCalculated;
        value           nonuniform List<vector> 
50
(
(0.0296468 -0.0140108 0)
(0.0296045 -0.0420125 0)
(0.0295255 -0.0699569 0)
(0.0294132 -0.0978109 0)
(0.0292649 -0.125542 0)
(0.0290713 -0.153111 0)
(0.0288292 -0.180474 0)
(0.0285456 -0.207589 0)
(0.0280384 -0.249264 0)
(0.0271829 -0.304774 0)
(0.0260629 -0.358297 0)
(0.0247641 -0.40939 0)
(0.0231737 -0.457578 0)
(0.0214087 -0.502393 0)
(0.0194851 -0.5435 0)
(0.0174655 -0.580644 0)
(0.0156892 -0.613971 0)
(0.0139214 -0.643737 0)
(0.013038 -0.671027 0)
(0.0118125 -0.698176 0)
(0.0170038 -0.72912 0)
(0.0163307 -0.762608 0)
(0.00898193 -0.788017 0)
(0.00163899 -0.79866 0)
(-0.00544307 -0.794801 0)
(-0.00896441 -0.780285 0)
(-0.0121046 -0.759073 0)
(-0.0172652 -0.729518 0)
(-0.018724 -0.693311 0)
(-0.0184907 -0.655873 0)
(-0.0193375 -0.617819 0)
(-0.0192603 -0.578993 0)
(-0.018191 -0.541321 0)
(-0.0169724 -0.50595 0)
(-0.0160897 -0.472692 0)
(-0.0145922 -0.441828 0)
(-0.0133335 -0.413737 0)
(-0.0120396 -0.388212 0)
(-0.0106999 -0.365337 0)
(-0.00948578 -0.34503 0)
(-0.00824184 -0.327195 0)
(-0.00709262 -0.311767 0)
(-0.00591943 -0.298675 0)
(-0.00481498 -0.287874 0)
(-0.00366481 -0.279342 0)
(-0.00262083 -0.273016 0)
(-0.00163394 -0.268733 0)
(-0.000931093 -0.26615 0)
(-0.00047245 -0.264736 0)
(-0.000282183 -0.263966 0)
)
;
    }
    rightWall
    {
        type            extrapolatedCalculated;
        value           nonuniform List<vector> 
50
(
(-0.000167723 -8.30915e-05 0)
(-0.000104473 -0.000222357 0)
(-7.4756e-05 -0.000322043 0)
(0.000117117 -0.000327435 0)
(0.000167825 -0.000229616 0)
(0.000489729 2.67211e-05 0)
(0.000552766 0.000446862 0)
(0.00101057 0.00108866 0)
(0.00108618 0.0024652 0)
(0.00252416 0.00568299 0)
(0.00256511 0.0102394 0)
(0.00435144 0.0164498 0)
(0.00429394 0.024225 0)
(0.0061419 0.033621 0)
(0.00592914 0.0444974 0)
(0.00755773 0.0566558 0)
(0.00715824 0.0699272 0)
(0.00828098 0.0838541 0)
(0.00770834 0.09828 0)
(0.00819528 0.11263 0)
(0.00749731 0.126789 0)
(0.00738385 0.140217 0)
(0.00658392 0.152819 0)
(0.00606832 0.164232 0)
(0.00521356 0.174407 0)
(0.00450851 0.183173 0)
(0.00367193 0.190545 0)
(0.00294819 0.196507 0)
(0.00214348 0.201088 0)
(0.00153913 0.204395 0)
(0.000864499 0.206547 0)
(0.000411963 0.207681 0)
(-0.000159606 0.207889 0)
(-0.000433157 0.207335 0)
(-0.000856353 0.206151 0)
(-0.00100324 0.204453 0)
(-0.00130082 0.202354 0)
(-0.00136452 0.19993 0)
(-0.00149233 0.197334 0)
(-0.00149707 0.194619 0)
(-0.00150573 0.191892 0)
(-0.00145253 0.189208 0)
(-0.00137999 0.186638 0)
(-0.00127661 0.184228 0)
(-0.0011501 0.182028 0)
(-0.00100497 0.180074 0)
(-0.000850831 0.178391 0)
(-0.000662985 0.177018 0)
(-0.000502356 0.175962 0)
(-0.000250345 0.175271 0)
)
;
    }
    lowerWall
    {
        type            extrapolatedCalculated;
        value           nonuniform List<vector> 
62
(
(0.0296468 -0.0140108 0)
(0.0890213 -0.0140491 0)
(0.148938 -0.0142672 0)
(0.2098 -0.0144956 0)
(0.271546 -0.014685 0)
(0.334766 -0.015192 0)
(0.399625 -0.01546 0)
(0.465714 -0.015773 0)
(0.533354 -0.0161932 0)
(0.602335 -0.0164064 0)
(0.671646 -0.0163495 0)
(0.739928 -0.0159201 0)
(0.8049 -0.0147855 0)
(0.866717 -0.0144287 0)
(0.921915 -0.0116572 0)
(0.961019 -0.00682312 0)
(0.976027 -0.000269448 0)
(0.95985 0.00791461 0)
(0.906113 0.0174809 0)
(0.807443 0.0291497 0)
(0.653413 0.0436437 0)
(0.439463 0.0574677 0)
(0.158931 0.0751259 0)
(0.158931 0.0751259 0)
(0.165567 0.228511 0)
(0.180558 0.392105 0)
(0.182767 0.563823 0)
(0.228355 0.758154 0)
(0.236289 0.977817 0)
(0.307959 1.23514 0)
(0.337488 1.5403 0)
(0.892915 0.836995 0)
(0.101494 0.859598 0)
(-0.743494 0.934212 0)
(-1.55227 0.785989 0)
(-0.0888269 0.0377584 0)
(-0.0920644 0.114652 0)
(-0.113905 0.202213 0)
(-0.115838 0.299884 0)
(-0.180921 0.42606 0)
(-0.170106 0.575317 0)
(-0.317043 0.78247 0)
(-0.272005 1.03298 0)
(-0.0888269 0.0377584 0)
(-0.22787 0.0213372 0)
(-0.288501 0.00440858 0)
(-0.293805 -0.00219198 0)
(-0.266023 -0.00966155 0)
(-0.223872 -0.00830066 0)
(-0.180444 -0.0102027 0)
(-0.139191 -0.00737343 0)
(-0.104905 -0.00723738 0)
(-0.0758995 -0.00512688 0)
(-0.0536291 -0.00437136 0)
(-0.0362229 -0.00305751 0)
(-0.0235385 -0.0023623 0)
(-0.0143712 -0.00156123 0)
(-0.00818203 -0.00109525 0)
(-0.0041904 -0.00062641 0)
(-0.00188331 -0.000378543 0)
(-0.000678303 -0.000157572 0)
(-0.000167723 -8.30915e-05 0)
)
;
    }
    atmosphere
    {
        type            extrapolatedCalculated;
        value           nonuniform List<vector> 
46
(
(-0.000282183 -0.263966 0)
(-0.000909733 -0.261759 0)
(-0.00165136 -0.257067 0)
(-0.00247814 -0.250824 0)
(-0.00335062 -0.241918 0)
(-0.00423477 -0.232118 0)
(-0.00509054 -0.219512 0)
(-0.00587187 -0.206753 0)
(-0.00652763 -0.191134 0)
(-0.00701616 -0.176135 0)
(-0.00733002 -0.15833 0)
(-0.00750013 -0.141907 0)
(-0.00759044 -0.12285 0)
(-0.00765137 -0.105906 0)
(-0.00770839 -0.086512 0)
(-0.00776795 -0.06987 0)
(-0.00784141 -0.0508487 0)
(-0.00794032 -0.0351512 0)
(-0.00808768 -0.0169771 0)
(-0.00832274 -0.00273255 0)
(-0.00865703 0.0143488 0)
(-0.00902187 0.026912 0)
(-0.00933566 0.0429425 0)
(-0.0095207 0.0509018 0)
(-0.00960356 0.0580252 0)
(-0.00965708 0.0627634 0)
(-0.00968058 0.0696779 0)
(-0.00966383 0.0766511 0)
(-0.00952369 0.0923395 0)
(-0.00925287 0.099508 0)
(-0.00886752 0.113878 0)
(-0.00838994 0.118791 0)
(-0.00784219 0.131588 0)
(-0.00724264 0.134685 0)
(-0.00661388 0.145703 0)
(-0.00596745 0.147451 0)
(-0.00532185 0.156573 0)
(-0.00468159 0.157402 0)
(-0.00405966 0.164599 0)
(-0.00345642 0.16487 0)
(-0.00287679 0.170183 0)
(-0.00231899 0.170175 0)
(-0.00178257 0.173671 0)
(-0.00126289 0.173584 0)
(-0.00075456 0.175317 0)
(-0.000250345 0.175271 0)
)
;
    }
    defaultFaces
    {
        type            empty;
    }
}


// ************************************************************************* //
