/*--------------------------------*- C++ -*----------------------------------*\
| =========                 |                                                 |
| \\      /  F ield         | OpenFOAM: The Open Source CFD Toolbox           |
|  \\    /   O peration     | Version:  2012                                  |
|   \\  /    A nd           | Website:  www.openfoam.com                      |
|    \\/     M anipulation  |                                                 |
\*---------------------------------------------------------------------------*/
FoamFile
{
    version     2.0;
    format      ascii;
    class       volScalarField;
    location    "0.77";
    object      pcorr;
}
// * * * * * * * * * * * * * * * * * * * * * * * * * * * * * * * * * * * * * //

dimensions      [1 -1 -2 0 0 0 0];


internalField   nonuniform List<scalar> 
2268
(
101341
101342
101342
101343
101344
101346
101348
101350
101354
101357
101362
101368
101374
101381
101388
101395
101403
101410
101417
101424
101430
101434
101437
101341
101341
101342
101343
101344
101346
101348
101350
101353
101357
101362
101367
101374
101381
101388
101395
101403
101410
101417
101424
101430
101435
101438
101341
101341
101342
101343
101344
101345
101347
101350
101353
101357
101362
101367
101373
101380
101388
101395
101403
101410
101417
101424
101431
101436
101439
101341
101341
101342
101342
101344
101345
101347
101350
101353
101356
101361
101367
101373
101380
101388
101396
101403
101410
101417
101425
101431
101437
101441
101341
101341
101341
101342
101343
101345
101347
101349
101352
101356
101360
101366
101372
101380
101388
101396
101403
101410
101418
101425
101432
101439
101444
101340
101341
101341
101342
101343
101344
101346
101348
101351
101355
101359
101365
101372
101379
101388
101396
101403
101411
101418
101425
101434
101441
101447
101340
101340
101341
101341
101342
101344
101345
101347
101350
101354
101358
101364
101371
101379
101387
101396
101404
101411
101418
101426
101435
101444
101453
101340
101340
101340
101341
101342
101343
101345
101346
101349
101352
101357
101362
101369
101378
101387
101397
101404
101411
101418
101426
101436
101447
101460
101580
101570
101579
101599
101618
101590
101583
101589
101648
101669
101684
101693
101699
101706
101713
101726
101784
101776
101779
101587
101574
101581
101594
101615
101587
101578
101591
101655
101675
101687
101694
101699
101705
101710
101718
101768
101771
101784
101598
101579
101582
101587
101609
101579
101572
101592
101668
101684
101690
101695
101699
101704
101709
101714
101736
101765
101800
101605
101581
101580
101582
101595
101565
101561
101592
101677
101684
101690
101695
101699
101704
101709
101714
101719
101767
101825
101612
101580
101580
101580
101581
101546
101534
101570
101657
101684
101690
101695
101699
101704
101709
101715
101731
101789
101860
101618
101580
101580
101580
101579
101521
101497
101523
101595
101650
101689
101695
101699
101705
101713
101722
101760
101842
101912
101625
101580
101579
101579
101577
101485
101452
101468
101518
101573
101620
101653
101691
101731
101772
101800
101843
101910
101976
101613
101580
101579
101579
101540
101443
101417
101423
101447
101491
101530
101571
101672
101773
101851
101895
101928
101982
102050
101339
101339
101339
101340
101340
101342
101343
101345
101347
101350
101354
101360
101367
101376
101387
101398
101406
101411
101417
101425
101437
101451
101473
101339
101339
101339
101339
101340
101341
101342
101342
101343
101346
101349
101354
101363
101371
101388
101402
101410
101411
101413
101421
101437
101457
101484
101338
101338
101339
101339
101339
101339
101339
101340
101342
101344
101346
101347
101360
101361
101392
101411
101420
101411
101404
101408
101422
101448
101478
101338
101338
101338
101338
101339
101339
101339
101339
101340
101341
101344
101349
101358
101382
101402
101429
101435
101409
101386
101384
101393
101410
101446
101338
101338
101338
101338
101338
101339
101339
101339
101339
101340
101342
101345
101357
101380
101419
101432
101372
101346
101347
101352
101358
101370
101388
101338
101338
101338
101338
101338
101338
101339
101339
101339
101340
101341
101342
101348
101363
101348
101314
101338
101346
101350
101354
101357
101360
101362
101338
101338
101338
101338
101338
101338
101338
101339
101339
101339
101340
101341
101341
101341
101338
101337
101341
101346
101350
101354
101357
101360
101362
101338
101338
101338
101338
101338
101338
101338
101338
101339
101339
101339
101339
101339
101339
101339
101339
101338
101346
101350
101355
101358
101360
101362
101337
101337
101337
101337
101338
101338
101338
101338
101338
101338
101339
101339
101339
101339
101339
101339
101342
101339
101342
101338
101357
101360
101362
101337
101337
101337
101337
101337
101337
101337
101338
101338
101338
101338
101338
101338
101338
101338
101338
101339
101340
101337
101332
101325
101357
101361
101337
101337
101337
101337
101337
101337
101337
101337
101337
101337
101338
101338
101338
101338
101338
101338
101338
101338
101337
101338
101339
101337
101349
101336
101336
101336
101336
101337
101337
101337
101337
101337
101337
101337
101337
101337
101337
101337
101337
101337
101337
101337
101337
101337
101337
101338
101336
101336
101336
101336
101336
101336
101336
101336
101336
101336
101337
101337
101337
101337
101337
101337
101337
101337
101337
101337
101337
101337
101337
101336
101336
101336
101336
101336
101336
101336
101336
101336
101336
101336
101336
101336
101336
101336
101336
101336
101336
101336
101336
101336
101336
101336
101335
101335
101335
101335
101335
101335
101335
101335
101336
101336
101336
101336
101336
101336
101336
101336
101336
101336
101335
101335
101335
101335
101335
101335
101335
101335
101335
101335
101335
101335
101335
101335
101335
101335
101335
101335
101335
101335
101335
101335
101335
101335
101335
101335
101335
101334
101335
101335
101335
101335
101335
101335
101335
101335
101335
101335
101335
101335
101335
101335
101335
101335
101335
101334
101334
101334
101334
101334
101334
101334
101334
101334
101334
101334
101334
101334
101334
101334
101334
101334
101334
101334
101334
101334
101334
101334
101334
101334
101334
101334
101333
101333
101334
101334
101334
101334
101334
101334
101334
101334
101334
101334
101334
101334
101334
101334
101334
101334
101334
101333
101333
101333
101333
101333
101333
101333
101333
101333
101333
101333
101333
101333
101333
101333
101333
101333
101333
101333
101333
101333
101333
101333
101333
101333
101333
101333
101332
101332
101333
101333
101333
101333
101333
101333
101333
101333
101333
101333
101333
101333
101333
101333
101333
101333
101333
101333
101332
101332
101332
101332
101332
101333
101333
101333
101333
101333
101333
101333
101333
101333
101333
101333
101333
101332
101332
101332
101332
101332
101332
101332
101332
101332
101332
101331
101332
101332
101332
101332
101332
101332
101332
101332
101332
101332
101332
101332
101332
101332
101332
101332
101332
101332
101332
101332
101331
101331
101331
101332
101332
101332
101332
101332
101332
101332
101332
101332
101332
101332
101332
101332
101332
101332
101331
101331
101331
101331
101331
101331
101331
101331
101331
101331
101331
101331
101331
101331
101331
101331
101331
101331
101331
101331
101331
101331
101331
101331
101331
101331
101331
101331
101331
101330
101330
101331
101331
101331
101331
101331
101331
101331
101331
101331
101331
101331
101331
101331
101331
101331
101331
101331
101331
101330
101330
101330
101330
101330
101331
101331
101331
101331
101331
101331
101331
101331
101331
101331
101331
101331
101330
101330
101330
101330
101330
101330
101330
101330
101330
101330
101330
101330
101330
101330
101330
101330
101330
101330
101330
101330
101330
101330
101330
101330
101330
101330
101330
101330
101330
101330
101330
101330
101329
101329
101330
101330
101330
101330
101330
101330
101330
101330
101330
101330
101330
101330
101330
101330
101330
101330
101330
101329
101329
101329
101329
101329
101329
101330
101330
101330
101330
101330
101330
101330
101329
101329
101329
101329
101329
101329
101329
101329
101329
101329
101329
101329
101329
101329
101329
101329
101329
101329
101329
101329
101329
101329
101329
101329
101329
101329
101329
101329
101329
101329
101329
101329
101329
101329
101329
101329
101329
101328
101328
101329
101329
101329
101329
101329
101329
101329
101329
101329
101329
101329
101329
101329
101329
101329
101329
101328
101328
101328
101328
101328
101328
101328
101328
101328
101328
101328
101328
101328
101328
101328
101328
101328
101328
101328
101328
101328
101328
101328
101328
101328
101328
101328
101328
101328
101328
101328
101328
101328
101328
101328
101328
101328
101328
101328
101328
101328
101328
101328
101328
101328
101328
101328
101328
101328
101328
101328
101328
101327
101328
101328
101328
101328
101328
101328
101328
101328
101328
101328
101328
101328
101328
101328
101328
101327
101327
101327
101327
101327
101327
101327
101327
101327
101327
101327
101327
101327
101327
101327
101327
101327
101327
101327
101327
101327
101327
101327
101327
101327
101327
101327
101327
101327
101327
101327
101327
101327
101327
101327
101327
101327
101327
101327
101327
101327
101327
101327
101327
101327
101327
101327
101327
101327
101327
101327
101327
101327
101327
101327
101327
101327
101327
101327
101327
101327
101327
101327
101327
101327
101327
101327
101327
101326
101326
101326
101326
101326
101326
101326
101326
101326
101326
101326
101326
101326
101326
101326
101326
101326
101326
101326
101326
101326
101326
101326
101326
101326
101326
101326
101326
101326
101326
101326
101326
101326
101326
101326
101326
101326
101326
101326
101326
101326
101326
101326
101326
101326
101326
101326
101326
101326
101326
101326
101326
101326
101326
101326
101326
101326
101326
101326
101326
101326
101326
101326
101326
101326
101326
101326
101326
101326
101325
101325
101325
101325
101325
101325
101325
101325
101325
101325
101325
101325
101325
101325
101325
101325
101325
101325
101325
101325
101325
101325
101325
101325
101325
101325
101325
101325
101325
101325
101325
101325
101495
101504
101518
101536
101493
101503
101517
101544
101478
101477
101489
101500
101454
101455
101462
101466
101405
101410
101410
101403
101364
101365
101366
101367
101364
101365
101366
101367
101364
101364
101365
101366
101363
101364
101365
101366
101363
101364
101364
101365
101355
101358
101360
101363
101341
101343
101339
101340
101337
101337
101337
101337
101336
101336
101335
101335
101335
101335
101335
101334
101334
101334
101334
101334
101334
101333
101333
101333
101333
101333
101333
101333
101333
101332
101332
101332
101332
101332
101332
101332
101332
101332
101331
101331
101331
101331
101331
101331
101331
101331
101331
101331
101331
101330
101330
101330
101330
101330
101330
101330
101330
101330
101330
101330
101330
101329
101329
101329
101329
101329
101329
101329
101329
101329
101329
101329
101329
101329
101329
101328
101328
101328
101328
101328
101328
101328
101328
101328
101328
101328
101328
101328
101327
101327
101327
101327
101327
101327
101327
101327
101327
101327
101327
101327
101327
101327
101327
101326
101326
101326
101326
101326
101326
101326
101326
101326
101326
101326
101326
101326
101325
101325
101325
101325
101325
101325
101325
101325
101575
101580
101579
101578
101477
101407
101397
101399
101407
101412
101419
101444
101648
101819
101920
101992
102037
102088
102146
101582
101578
101578
101489
101397
101394
101396
101398
101401
101408
101428
101480
101605
101777
101928
102004
102109
102178
102183
101541
101566
101481
101389
101390
101393
101395
101398
101401
101405
101415
101449
101611
101802
101992
102128
102184
102205
102201
101460
101447
101379
101384
101387
101390
101394
101398
101401
101403
101406
101433
101567
101772
102051
102171
102203
102208
102217
101394
101376
101377
101380
101384
101388
101393
101399
101401
101403
101404
101423
101500
101655
101912
102167
102197
102206
102203
101372
101374
101376
101378
101380
101384
101394
101405
101402
101402
101403
101396
101386
101461
101673
101942
102168
102201
102084
101369
101372
101374
101376
101377
101379
101386
101393
101401
101401
101401
101335
101327
101328
101416
101616
101810
101880
101811
101368
101370
101372
101374
101375
101376
101380
101377
101378
101401
101366
101327
101327
101328
101328
101355
101471
101510
101479
101367
101369
101371
101372
101373
101374
101374
101343
101323
101340
101327
101327
101327
101327
101327
101327
101324
101290
101237
101367
101369
101370
101371
101372
101372
101352
101327
101327
101327
101327
101327
101327
101327
101327
101327
101325
101324
101305
101367
101368
101369
101369
101370
101346
101328
101328
101328
101328
101328
101328
101327
101327
101327
101327
101326
101326
101321
101353
101367
101368
101367
101331
101330
101329
101329
101328
101328
101328
101328
101328
101327
101327
101327
101327
101326
101320
101336
101334
101333
101332
101331
101330
101330
101329
101329
101328
101328
101328
101328
101327
101327
101327
101327
101327
101326
101334
101334
101333
101332
101331
101330
101330
101329
101329
101328
101328
101328
101328
101328
101327
101327
101327
101327
101327
101334
101333
101332
101332
101331
101330
101330
101329
101329
101329
101328
101328
101328
101328
101328
101327
101327
101327
101327
101333
101333
101332
101331
101331
101330
101330
101329
101329
101329
101328
101328
101328
101328
101328
101327
101327
101327
101327
101333
101332
101332
101331
101331
101330
101330
101329
101329
101329
101328
101328
101328
101328
101328
101328
101327
101328
101328
101332
101332
101331
101331
101331
101330
101330
101329
101329
101329
101328
101328
101328
101328
101328
101328
101328
101328
101328
101332
101332
101331
101331
101330
101330
101330
101329
101329
101329
101328
101328
101328
101328
101328
101328
101328
101328
101329
101332
101331
101331
101331
101330
101330
101329
101329
101329
101329
101328
101328
101328
101328
101328
101327
101327
101327
101327
101331
101331
101331
101330
101330
101330
101329
101329
101329
101328
101328
101328
101328
101328
101328
101327
101327
101327
101327
101331
101331
101330
101330
101330
101329
101329
101329
101329
101328
101328
101328
101328
101328
101327
101327
101327
101327
101326
101330
101330
101330
101330
101329
101329
101329
101329
101328
101328
101328
101328
101328
101327
101327
101327
101327
101326
101325
101330
101330
101330
101329
101329
101329
101329
101329
101328
101328
101328
101328
101328
101327
101327
101327
101327
101327
101326
101330
101330
101329
101329
101329
101329
101329
101328
101328
101328
101328
101328
101327
101327
101327
101327
101327
101327
101327
101330
101329
101329
101329
101329
101329
101328
101328
101328
101328
101328
101328
101327
101327
101327
101327
101327
101327
101327
101329
101329
101329
101329
101329
101328
101328
101328
101328
101328
101328
101327
101327
101327
101327
101327
101327
101327
101327
101329
101329
101329
101328
101328
101328
101328
101328
101328
101328
101327
101327
101327
101327
101327
101327
101327
101327
101327
101329
101329
101328
101328
101328
101328
101328
101328
101328
101327
101327
101327
101327
101327
101327
101327
101327
101327
101327
101328
101328
101328
101328
101328
101328
101328
101327
101327
101327
101327
101327
101327
101327
101327
101327
101327
101327
101327
101328
101328
101328
101328
101328
101328
101327
101327
101327
101327
101327
101327
101327
101327
101327
101327
101327
101327
101326
101328
101328
101328
101328
101327
101327
101327
101327
101327
101327
101327
101327
101327
101327
101327
101326
101326
101326
101326
101328
101327
101327
101327
101327
101327
101327
101327
101327
101327
101327
101327
101327
101326
101326
101326
101326
101326
101326
101327
101327
101327
101327
101327
101327
101327
101327
101327
101327
101327
101326
101326
101326
101326
101326
101326
101326
101326
101327
101327
101327
101327
101327
101327
101327
101327
101326
101326
101326
101326
101326
101326
101326
101326
101326
101326
101326
101327
101327
101327
101327
101327
101326
101326
101326
101326
101326
101326
101326
101326
101326
101326
101326
101326
101326
101326
101326
101326
101326
101326
101326
101326
101326
101326
101326
101326
101326
101326
101326
101326
101326
101326
101326
101326
101326
101326
101326
101326
101326
101326
101326
101326
101326
101326
101326
101326
101326
101326
101326
101326
101326
101326
101326
101326
101326
101326
101326
101326
101326
101326
101326
101326
101326
101326
101326
101326
101326
101326
101326
101326
101326
101326
101326
101326
101326
101326
101326
101326
101326
101326
101326
101325
101325
101325
101325
101325
101325
101325
101325
101325
101325
101325
101325
101325
101325
101325
101325
101325
101325
101325
101325
101325
101325
101325
101325
101325
101325
101325
101325
101325
101325
101325
101325
101325
101325
101325
101325
101325
101325
101325
101325
101325
101325
101325
101325
101325
101325
101325
101325
101325
)
;

boundaryField
{
    leftWall
    {
        type            zeroGradient;
    }
    rightWall
    {
        type            zeroGradient;
    }
    lowerWall
    {
        type            zeroGradient;
    }
    atmosphere
    {
        type            fixedValue;
        value           uniform 101325;
    }
    defaultFaces
    {
        type            empty;
    }
}


// ************************************************************************* //
