/*--------------------------------*- C++ -*----------------------------------*\
| =========                 |                                                 |
| \\      /  F ield         | OpenFOAM: The Open Source CFD Toolbox           |
|  \\    /   O peration     | Version:  2012                                  |
|   \\  /    A nd           | Website:  www.openfoam.com                      |
|    \\/     M anipulation  |                                                 |
\*---------------------------------------------------------------------------*/
FoamFile
{
    version     2.0;
    format      ascii;
    class       volScalarField;
    location    "0.39";
    object      pcorr;
}
// * * * * * * * * * * * * * * * * * * * * * * * * * * * * * * * * * * * * * //

dimensions      [1 -1 -2 0 0 0 0];


internalField   nonuniform List<scalar> 
2268
(
101367
101369
101371
101374
101380
101386
101395
101407
101422
101441
101464
101493
101530
101574
101627
101690
101762
101842
101925
102008
102083
102141
102173
101367
101368
101371
101374
101379
101386
101395
101406
101421
101440
101463
101492
101528
101572
101625
101688
101760
101841
101926
102010
102086
102147
102181
101367
101368
101370
101373
101378
101385
101394
101405
101419
101437
101460
101489
101524
101568
101621
101684
101757
101839
101926
102013
102094
102158
102195
101366
101367
101369
101372
101377
101384
101392
101403
101417
101434
101456
101484
101519
101562
101614
101678
101752
101836
101926
102019
102105
102176
102219
101365
101366
101368
101371
101376
101382
101390
101400
101413
101430
101451
101478
101512
101554
101605
101669
101744
101831
101926
102025
102119
102199
102251
101364
101365
101367
101370
101374
101379
101387
101397
101409
101425
101445
101470
101503
101543
101594
101657
101734
101824
101926
102033
102136
102230
102295
101362
101363
101365
101368
101372
101377
101384
101392
101404
101419
101437
101461
101492
101530
101580
101643
101721
101815
101924
102041
102156
102266
102354
101361
101362
101363
101366
101369
101374
101380
101388
101398
101412
101429
101451
101479
101515
101563
101624
101704
101803
101921
102049
102177
102308
102433
103336
103335
103335
103335
103334
103334
103334
103333
103333
103333
103333
103333
103333
103333
103333
103333
103333
103334
103334
103336
103335
103335
103335
103334
103334
103334
103333
103333
103333
103333
103333
103333
103333
103333
103333
103333
103334
103334
103336
103335
103335
103335
103334
103334
103334
103333
103333
103333
103333
103333
103333
103333
103333
103333
103333
103334
103334
103336
103336
103335
103335
103334
103334
103334
103333
103333
103333
103333
103333
103333
103333
103333
103333
103333
103334
103334
103336
103336
103335
103335
103334
103334
103333
103333
103333
103333
103333
103333
103333
103333
103333
103333
103334
103334
103334
103336
103336
103335
103335
103334
103334
103333
103333
103333
103333
103333
103333
103333
103333
103333
103333
103334
103334
103334
103336
103336
103335
103335
103334
103334
103333
103333
103333
103333
103333
103333
103333
103333
103333
103333
103334
103334
103334
103337
103336
103336
103335
103334
103334
103333
103333
103333
103333
103333
103333
103333
103333
103333
103333
103334
103334
103334
101358
101359
101360
101362
101365
101368
101373
101380
101388
101399
101413
101432
101456
101488
101531
101590
101670
101777
101911
102063
102208
102375
102599
101354
101354
101355
101356
101358
101360
101363
101367
101372
101379
101388
101400
101416
101439
101473
101522
101598
101715
101881
102088
102229
102410
102662
101349
101349
101350
101350
101350
101351
101352
101354
101355
101358
101361
101366
101373
101383
101399
101428
101484
101602
101811
102179
102209
102373
102669
101350
101350
101350
101350
101351
101351
101351
101352
101352
101353
101354
101355
101356
101357
101358
101359
101362
101392
101592
102613
102052
102204
102690
101350
101350
101350
101350
101351
101351
101352
101352
101353
101353
101354
101355
101356
101357
101358
101359
101360
101363
101370
101402
101435
101730
103130
101350
101350
101350
101351
101351
101351
101352
101352
101353
101353
101354
101355
101356
101357
101358
101359
101361
101363
101365
101369
101371
101380
101448
101350
101350
101350
101351
101351
101351
101352
101352
101353
101353
101354
101355
101356
101357
101358
101359
101360
101362
101364
101366
101368
101370
101373
101350
101350
101350
101350
101351
101351
101351
101352
101352
101353
101354
101354
101355
101356
101357
101358
101360
101361
101363
101364
101366
101367
101368
101350
101350
101350
101350
101351
101351
101351
101352
101352
101353
101353
101354
101355
101356
101357
101358
101359
101360
101362
101363
101364
101365
101366
101350
101350
101350
101350
101350
101351
101351
101351
101352
101352
101353
101354
101355
101355
101356
101357
101358
101359
101361
101362
101363
101364
101364
101350
101350
101350
101350
101350
101350
101351
101351
101352
101352
101353
101353
101354
101355
101356
101357
101357
101358
101359
101360
101361
101362
101363
101349
101349
101349
101350
101350
101350
101350
101351
101351
101352
101352
101353
101353
101354
101355
101356
101357
101357
101358
101359
101360
101361
101362
101349
101349
101349
101349
101349
101350
101350
101350
101351
101351
101352
101352
101353
101353
101354
101355
101356
101356
101357
101358
101359
101360
101360
101348
101348
101349
101349
101349
101349
101349
101350
101350
101351
101351
101352
101352
101353
101353
101354
101355
101355
101356
101357
101358
101358
101359
101348
101348
101348
101348
101348
101349
101349
101349
101350
101350
101350
101351
101351
101352
101353
101353
101354
101354
101355
101356
101356
101357
101358
101347
101348
101348
101348
101348
101348
101348
101349
101349
101349
101350
101350
101351
101351
101352
101352
101353
101353
101354
101355
101355
101356
101356
101347
101347
101347
101347
101347
101348
101348
101348
101348
101349
101349
101349
101350
101350
101351
101351
101352
101352
101353
101354
101354
101355
101355
101346
101346
101346
101347
101347
101347
101347
101347
101348
101348
101348
101349
101349
101350
101350
101350
101351
101351
101352
101352
101353
101354
101354
101346
101346
101346
101346
101346
101346
101346
101347
101347
101347
101348
101348
101348
101349
101349
101350
101350
101350
101351
101351
101352
101352
101353
101345
101345
101345
101345
101345
101346
101346
101346
101346
101346
101347
101347
101347
101348
101348
101349
101349
101349
101350
101350
101351
101351
101352
101344
101344
101344
101345
101345
101345
101345
101345
101345
101346
101346
101346
101347
101347
101347
101348
101348
101348
101349
101349
101350
101350
101350
101344
101344
101344
101344
101344
101344
101344
101344
101345
101345
101345
101345
101346
101346
101346
101347
101347
101347
101348
101348
101348
101349
101349
101343
101343
101343
101343
101343
101343
101343
101344
101344
101344
101344
101344
101345
101345
101345
101346
101346
101346
101347
101347
101347
101348
101348
101342
101342
101342
101342
101342
101342
101343
101343
101343
101343
101343
101344
101344
101344
101344
101345
101345
101345
101346
101346
101346
101346
101347
101341
101341
101341
101341
101341
101342
101342
101342
101342
101342
101342
101343
101343
101343
101343
101344
101344
101344
101344
101345
101345
101345
101346
101340
101340
101340
101341
101341
101341
101341
101341
101341
101341
101341
101342
101342
101342
101342
101343
101343
101343
101343
101344
101344
101344
101344
101340
101340
101340
101340
101340
101340
101340
101340
101340
101340
101341
101341
101341
101341
101341
101342
101342
101342
101342
101342
101343
101343
101343
101339
101339
101339
101339
101339
101339
101339
101339
101339
101339
101340
101340
101340
101340
101340
101340
101341
101341
101341
101341
101342
101342
101342
101338
101338
101338
101338
101338
101338
101338
101338
101338
101338
101339
101339
101339
101339
101339
101339
101340
101340
101340
101340
101340
101341
101341
101337
101337
101337
101337
101337
101337
101337
101337
101337
101338
101338
101338
101338
101338
101338
101338
101339
101339
101339
101339
101339
101339
101340
101336
101336
101336
101336
101336
101336
101336
101336
101336
101337
101337
101337
101337
101337
101337
101337
101337
101338
101338
101338
101338
101338
101338
101335
101335
101335
101335
101335
101335
101335
101335
101336
101336
101336
101336
101336
101336
101336
101336
101336
101337
101337
101337
101337
101337
101337
101334
101334
101334
101334
101334
101334
101334
101334
101335
101335
101335
101335
101335
101335
101335
101335
101335
101335
101336
101336
101336
101336
101336
101333
101333
101333
101333
101333
101333
101333
101333
101334
101334
101334
101334
101334
101334
101334
101334
101334
101334
101334
101335
101335
101335
101335
101332
101332
101332
101332
101332
101332
101332
101333
101333
101333
101333
101333
101333
101333
101333
101333
101333
101333
101333
101333
101334
101334
101334
101331
101331
101331
101331
101331
101331
101331
101332
101332
101332
101332
101332
101332
101332
101332
101332
101332
101332
101332
101332
101332
101332
101333
101330
101330
101330
101330
101330
101330
101330
101331
101331
101331
101331
101331
101331
101331
101331
101331
101331
101331
101331
101331
101331
101331
101331
101329
101329
101329
101329
101329
101329
101329
101330
101330
101330
101330
101330
101330
101330
101330
101330
101330
101330
101330
101330
101330
101330
101330
101328
101328
101328
101328
101328
101328
101329
101329
101329
101329
101329
101329
101329
101329
101329
101329
101329
101329
101329
101329
101329
101329
101329
101327
101327
101327
101327
101327
101327
101328
101328
101328
101328
101328
101328
101328
101328
101328
101328
101328
101328
101328
101328
101328
101328
101328
101326
101326
101326
101326
101326
101326
101327
101327
101327
101327
101327
101327
101327
101327
101327
101327
101327
101327
101327
101327
101327
101327
101327
101325
101325
101325
101325
101325
101325
101325
101326
101326
101326
101326
101326
101326
101326
101326
101326
101326
101326
101326
101326
101326
101326
101326
102882
103062
103245
103336
102889
103038
103182
103294
102878
103039
103255
103566
102742
102798
102894
103030
102506
102369
102360
102415
101471
101509
101575
101667
101373
101373
101374
101378
101368
101369
101369
101369
101367
101367
101367
101367
101365
101365
101365
101366
101363
101364
101364
101364
101362
101362
101363
101363
101361
101361
101361
101362
101359
101360
101360
101360
101358
101358
101359
101359
101357
101357
101357
101358
101356
101356
101356
101356
101354
101355
101355
101355
101353
101353
101354
101354
101352
101352
101352
101353
101351
101351
101351
101351
101349
101350
101350
101350
101348
101348
101349
101349
101347
101347
101347
101347
101346
101346
101346
101346
101345
101345
101345
101345
101343
101343
101344
101344
101342
101342
101342
101342
101341
101341
101341
101341
101340
101340
101340
101340
101338
101339
101339
101339
101337
101337
101337
101337
101336
101336
101336
101336
101335
101335
101335
101335
101334
101334
101334
101334
101333
101333
101333
101333
101331
101331
101331
101331
101330
101330
101330
101330
101329
101329
101329
101329
101328
101328
101328
101328
101327
101327
101327
101327
101326
101326
101326
101326
103337
103337
103336
103335
103334
103333
103333
103333
103333
103332
103332
103332
103333
103333
103333
103333
103334
103334
103334
103340
103338
103336
103335
103334
103333
103333
103332
103332
103332
103332
103332
103332
103333
103333
103333
103334
103334
103334
104386
103355
103337
103334
103333
103333
103332
103332
103332
103332
103332
103332
103332
103333
103333
103334
103334
103335
103335
103287
103196
103329
103334
103332
103332
103332
103331
103331
103331
103331
103331
103332
103332
103333
103334
103334
103335
103335
102558
102714
102987
103228
103330
103331
103330
103330
103330
103331
103330
103331
103331
103332
103333
103334
103335
103336
103337
101864
102123
102508
102606
102775
102930
103026
103098
103183
103278
103328
103329
103331
103332
103332
103334
103335
103337
103340
101392
101493
101692
101856
102014
102144
102236
102313
102404
102519
102653
102808
103010
103285
103330
103333
103335
103340
103379
101370
101371
101379
101392
101428
101478
101520
101555
101600
101673
101783
101932
102142
102420
102692
102982
103195
103228
103160
101367
101368
101369
101370
101372
101373
101375
101377
101379
101383
101390
101403
101441
101565
101845
102247
102595
102794
102866
101366
101367
101367
101368
101369
101370
101371
101373
101374
101375
101377
101378
101381
101385
101387
101609
102061
102416
102624
101365
101365
101366
101367
101368
101369
101370
101371
101372
101373
101374
101375
101377
101379
101381
101385
101671
102130
102433
101363
101364
101365
101366
101366
101367
101368
101369
101370
101371
101372
101373
101375
101376
101378
101381
101481
101944
102273
101362
101363
101364
101364
101365
101366
101367
101368
101369
101369
101370
101372
101373
101374
101376
101378
101471
101862
102149
101361
101361
101362
101363
101364
101364
101365
101366
101367
101368
101369
101370
101371
101372
101375
101380
101499
101832
102057
101359
101360
101361
101361
101362
101363
101364
101364
101365
101366
101367
101368
101369
101370
101372
101388
101521
101760
101893
101358
101359
101359
101360
101361
101361
101362
101363
101363
101364
101365
101365
101366
101367
101370
101402
101504
101659
101755
101357
101357
101358
101359
101359
101360
101360
101361
101362
101362
101363
101363
101364
101364
101365
101391
101455
101563
101618
101356
101356
101357
101357
101358
101358
101359
101359
101360
101360
101361
101361
101361
101361
101360
101359
101397
101503
101564
101354
101355
101355
101356
101356
101357
101357
101358
101358
101358
101359
101359
101359
101359
101358
101358
101358
101472
101532
101353
101353
101354
101354
101355
101355
101356
101356
101356
101357
101357
101357
101357
101357
101356
101356
101356
101395
101465
101352
101352
101352
101353
101353
101354
101354
101354
101355
101355
101355
101355
101355
101355
101355
101354
101353
101352
101433
101350
101351
101351
101351
101352
101352
101353
101353
101353
101353
101354
101354
101353
101353
101353
101353
101352
101350
101411
101349
101349
101350
101350
101350
101351
101351
101351
101352
101352
101352
101352
101352
101352
101352
101351
101351
101352
101314
101348
101348
101348
101349
101349
101349
101349
101350
101350
101350
101350
101350
101350
101350
101350
101350
101349
101348
101340
101346
101347
101347
101347
101348
101348
101348
101348
101348
101349
101349
101349
101349
101349
101349
101349
101348
101347
101346
101345
101345
101346
101346
101346
101346
101347
101347
101347
101347
101347
101347
101347
101348
101348
101347
101347
101346
101346
101344
101344
101344
101345
101345
101345
101345
101345
101345
101346
101346
101346
101346
101346
101346
101346
101346
101345
101343
101343
101343
101343
101343
101343
101343
101344
101344
101344
101344
101344
101344
101345
101345
101345
101346
101345
101345
101342
101341
101341
101342
101342
101342
101342
101342
101342
101342
101342
101343
101343
101343
101344
101344
101345
101345
101345
101343
101340
101340
101340
101340
101341
101341
101341
101341
101341
101341
101341
101341
101342
101343
101344
101345
101345
101346
101353
101339
101339
101339
101339
101339
101339
101339
101339
101339
101339
101339
101340
101340
101341
101343
101344
101345
101346
101348
101338
101338
101338
101338
101338
101338
101338
101338
101338
101338
101338
101338
101338
101337
101341
101345
101345
101345
101346
101336
101336
101337
101337
101337
101337
101337
101337
101337
101336
101336
101335
101334
101202
101263
101348
101346
101345
101344
101335
101335
101335
101335
101335
101335
101335
101335
101335
101335
101334
101333
101326
101199
101270
101354
101347
101344
101343
101334
101334
101334
101334
101334
101334
101334
101334
101334
101334
101333
101333
101333
101301
101332
101361
101344
101341
101341
101333
101333
101333
101333
101333
101333
101333
101333
101333
101333
101332
101332
101332
101334
101338
101338
101338
101339
101338
101332
101332
101332
101332
101332
101332
101332
101332
101332
101331
101331
101331
101332
101332
101334
101335
101335
101336
101336
101330
101330
101330
101330
101330
101330
101330
101330
101330
101330
101330
101330
101331
101331
101332
101333
101333
101334
101334
101329
101329
101329
101329
101329
101329
101329
101329
101329
101329
101329
101329
101330
101330
101330
101331
101331
101332
101332
101328
101328
101328
101328
101328
101328
101328
101328
101328
101328
101328
101328
101328
101329
101329
101329
101329
101330
101330
101327
101327
101327
101327
101327
101327
101327
101327
101327
101327
101327
101327
101327
101327
101327
101327
101328
101328
101328
101326
101326
101326
101326
101326
101326
101326
101326
101326
101326
101326
101326
101326
101326
101326
101326
101326
101326
101326
)
;

boundaryField
{
    leftWall
    {
        type            zeroGradient;
    }
    rightWall
    {
        type            zeroGradient;
    }
    lowerWall
    {
        type            zeroGradient;
    }
    atmosphere
    {
        type            fixedValue;
        value           uniform 101325;
    }
    defaultFaces
    {
        type            empty;
    }
}


// ************************************************************************* //
