/*--------------------------------*- C++ -*----------------------------------*\
| =========                 |                                                 |
| \\      /  F ield         | OpenFOAM: The Open Source CFD Toolbox           |
|  \\    /   O peration     | Version:  2012                                  |
|   \\  /    A nd           | Website:  www.openfoam.com                      |
|    \\/     M anipulation  |                                                 |
\*---------------------------------------------------------------------------*/
FoamFile
{
    version     2.0;
    format      ascii;
    class       volScalarField;
    location    "0.00015";
    object      rho1;
}
// * * * * * * * * * * * * * * * * * * * * * * * * * * * * * * * * * * * * * //

dimensions      [1 -3 0 0 0 0 0];


internalField   nonuniform List<scalar> 
5000
(
1037.680088
1037.680088
1037.680088
1037.680088
1037.680088
1037.680088
1037.680088
1037.680088
1037.680088
1037.680088
1037.680088
1037.680088
1037.680088
1037.680088
1037.680088
1037.680088
1037.680088
1037.680088
1037.680088
1037.680088
1037.680088
1037.680088
1037.680088
1037.680088
1037.680088
1037.680088
1037.680088
1037.680088
1037.680088
1037.680088
1037.680088
1037.680088
1037.680088
1037.680088
1037.680088
1037.680088
1037.680088
1037.680088
1037.680088
1037.680088
1037.680088
1037.680088
1037.680088
1037.680088
1037.680088
1037.680088
1037.680088
1037.680088
1037.680088
1037.680088
1037.680088
1037.680088
1037.680088
1037.680088
1037.680088
1037.680088
1037.680088
1037.680088
1037.680088
1037.680088
1037.680088
1037.680088
1037.680088
1037.680088
1037.680088
1037.680088
1037.680088
1037.680088
1037.680088
1037.680088
1037.680088
1037.680088
1037.680088
1037.680088
1037.680088
1037.680088
1037.680088
1037.680088
1037.680088
1037.680088
1037.680088
1037.680088
1037.680088
1037.680088
1037.680088
1037.680088
1037.680088
1037.680088
1037.680088
1037.680088
1037.680088
1037.680088
1037.680088
1037.680088
1037.680088
1037.680088
1037.680088
1037.680088
1037.680088
1037.680088
1037.680088
1037.680088
1037.680088
1037.680088
1037.680088
1037.680088
1037.680088
1037.680088
1037.680088
1037.680088
1037.680088
1037.680088
1037.680088
1037.680088
1037.680088
1037.680088
1037.680088
1037.680088
1037.680088
1037.680088
1037.680088
1037.680088
1037.680088
1037.680088
1037.680088
1037.680088
1037.680088
1037.680088
1037.680088
1037.680088
1037.680088
1037.680088
1037.680088
1037.680088
1037.680088
1037.680088
1037.680088
1037.680088
1037.680088
1037.680088
1037.680088
1037.680088
1037.680088
1037.680088
1037.680088
1037.680088
1037.680088
1037.680088
1037.680088
1037.680088
1037.680088
1037.680088
1037.680088
1037.680088
1037.680088
1037.680088
1037.680088
1037.680088
1037.680088
1037.680088
1037.680088
1037.680088
1037.680088
1037.680088
1037.680088
1037.680088
1037.680088
1037.680088
1037.680088
1037.680088
1037.680088
1037.680088
1037.680088
1037.680088
1037.680088
1037.680088
1037.680088
1037.680088
1037.680088
1037.680088
1037.680088
1037.680088
1037.680088
1037.680088
1037.680088
1037.680088
1037.680088
1037.680088
1037.680088
1037.680088
1037.680088
1037.680088
1037.680088
1037.680088
1037.680088
1037.680088
1037.680088
1037.680088
1037.680088
1037.680088
1037.680088
1037.680088
1037.680088
1037.680088
1037.680088
1037.680088
1037.680088
1037.680088
1037.680088
1037.680088
1037.680088
1037.680088
1037.680088
1037.680088
1037.680088
1037.680088
1037.680088
1037.680088
1037.680088
1037.680088
1037.680088
1037.680088
1037.680088
1037.680088
1037.680088
1037.680088
1037.680088
1037.680088
1037.680088
1037.680088
1037.680088
1037.680088
1037.680088
1037.680088
1037.680088
1037.680088
1037.680088
1037.680088
1037.680088
1037.680088
1037.680088
1037.680088
1037.680088
1037.680088
1037.680088
1037.680088
1037.680088
1037.680088
1037.680088
1037.680088
1037.680088
1037.680088
1037.680088
1037.680088
1037.680088
1037.680088
1037.680088
1037.680088
1037.680088
1037.680088
1037.680088
1037.680088
1037.680088
1037.680088
1037.680088
1037.680088
1037.680088
1037.680088
1037.680088
1037.680088
1037.680088
1037.680088
1037.680088
1037.680088
1037.680088
1037.680088
1037.680088
1037.680088
1037.680088
1037.680088
1037.680088
1037.680088
1037.680088
1037.680088
1037.680088
1037.680088
1037.680088
1037.680088
1037.680088
1037.680088
1037.680088
1037.680088
1037.680088
1037.680088
1037.680088
1037.680088
1037.680088
1037.680088
1037.680088
1037.680088
1037.680088
1037.680088
1037.680088
1037.680088
1037.680088
1037.680088
1037.680088
1037.680088
1037.680088
1037.680088
1037.680088
1037.680088
1037.680088
1037.680088
1037.680088
1037.680088
1037.680088
1037.680088
1037.680088
1037.680088
1037.680088
1037.680088
1037.680088
1037.680088
1037.680088
1037.680088
1037.680088
1037.680088
1037.680088
1037.680088
1037.680088
1037.680088
1037.680088
1037.680088
1037.680088
1037.680088
1037.680088
1037.680088
1037.680088
1037.680088
1037.680088
1037.680088
1037.680088
1037.680088
1037.680088
1037.680088
1037.680088
1037.680088
1037.680088
1037.680088
1037.680088
1037.680088
1037.680088
1037.680088
1037.680088
1037.680088
1037.680088
1037.680088
1037.680088
1037.680088
1037.680088
1037.680088
1037.680088
1037.680088
1037.680088
1037.680088
1037.680088
1037.680088
1037.680088
1037.680088
1037.680088
1037.680088
1037.680088
1037.680088
1037.680088
1037.680088
1037.680088
1037.680088
1037.680088
1037.680088
1037.680088
1037.680088
1037.680088
1037.680088
1037.680088
1037.680088
1037.680088
1037.680088
1037.680088
1037.680088
1037.680088
1037.680088
1037.680088
1037.680088
1037.680088
1037.680088
1037.680088
1037.680088
1037.680088
1037.680088
1037.680088
1037.680088
1037.680088
1037.680088
1037.680088
1037.680088
1037.680088
1037.680088
1037.680088
1037.680088
1037.680088
1037.680088
1037.680088
1037.680088
1037.680088
1037.680088
1037.680088
1037.680088
1037.680088
1037.680088
1037.680088
1037.680088
1037.680088
1037.680088
1037.680088
1037.680088
1037.680088
1037.680088
1037.680088
1037.680088
1037.680088
1037.680088
1037.680088
1037.680088
1037.680088
1037.680088
1037.680088
1037.680088
1037.680088
1037.680088
1037.680088
1037.680088
1037.680088
1037.680088
1037.680088
1037.680088
1037.680088
1037.680088
1037.680088
1037.680088
1037.680088
1037.680088
1037.680088
1037.680088
1037.680088
1037.680088
1037.680088
1037.680088
1037.680088
1037.680088
1037.680088
1037.680088
1037.680088
1037.680088
1037.680088
1037.680088
1037.680088
1037.680088
1037.680088
1037.680088
1037.680088
1037.680088
1037.680088
1037.680088
1037.680088
1037.680088
1037.680088
1037.680088
1037.680088
1037.680088
1037.680088
1037.680088
1037.680088
1037.680088
1037.680088
1037.680088
1037.680088
1037.680088
1037.680088
1037.680088
1037.680088
1037.680088
1037.680088
1037.680088
1037.680088
1037.680088
1037.680088
1037.680088
1037.680088
1037.680088
1037.680088
1037.680088
1037.680088
1037.680088
1037.680088
1037.680088
1037.680088
1037.680088
1037.680088
1037.680088
1037.680088
1037.680088
1037.680088
1037.680088
1037.680088
1037.680088
1037.680088
1037.680088
1037.680088
1037.680088
1037.680088
1037.680088
1037.680088
1037.680088
1037.680088
1037.680088
1037.680088
1037.680088
1037.680088
1037.680088
1037.680088
1037.680088
1037.680088
1037.680088
1037.680088
1037.680088
1037.680088
1037.680088
1037.680088
1037.680088
1037.680088
1037.680088
1037.680088
1037.680088
1037.680088
1037.680088
1037.680088
1037.680088
1037.680088
1037.680088
1037.680088
1037.680088
1037.680088
1037.680088
1037.680088
1037.680088
1037.680088
1037.680088
1037.680088
1037.680088
1037.680088
1037.680088
1037.680088
1037.680088
1037.680088
1037.680088
1037.680088
1037.680088
1037.680088
1037.680088
1037.680088
1037.680088
1037.680088
1037.680088
1037.680088
1037.680088
1037.680088
1037.680088
1037.680088
1037.680088
1037.680088
1037.680088
1037.680088
1037.680088
1037.680088
1037.680088
1037.680088
1037.680088
1037.680088
1037.680088
1037.680088
1037.680088
1037.680088
1037.680088
1037.680088
1037.680088
1037.680088
1037.680088
1037.680088
1037.680088
1037.680088
1037.680088
1037.680088
1037.680088
1037.680088
1037.680088
1037.680088
1037.680088
1037.680088
1037.680088
1037.680088
1037.680088
1037.680088
1037.680088
1037.680088
1037.680088
1037.680088
1037.680088
1037.680088
1037.680088
1037.680088
1037.680088
1037.680088
1037.680088
1037.680088
1037.680088
1037.680088
1037.680088
1037.680088
1037.680088
1037.680088
1037.680088
1037.680088
1037.680088
1037.680088
1037.680088
1037.680088
1037.680088
1037.680088
1037.680088
1037.680088
1037.680088
1037.680088
1037.680088
1037.680088
1037.680088
1037.680088
1037.680088
1037.680088
1037.680088
1037.680088
1037.680088
1037.680088
1037.680088
1037.680088
1037.680088
1037.680088
1037.680088
1037.680088
1037.680088
1037.680088
1037.680088
1037.680088
1037.680088
1037.680088
1037.680088
1037.680088
1037.680088
1037.680088
1037.680088
1037.680088
1037.680088
1037.680088
1037.680088
1037.680088
1037.680088
1037.680088
1037.680088
1037.680088
1037.680088
1037.680088
1037.680088
1037.680088
1037.680088
1037.680088
1037.680088
1037.680088
1037.680088
1037.680088
1037.680088
1037.680088
1037.680088
1037.680088
1037.680088
1037.680088
1037.680088
1037.680088
1037.680088
1037.680088
1037.680088
1037.680088
1037.680088
1037.680088
1037.680088
1037.680088
1037.680088
1037.680088
1037.680088
1037.680088
1037.680088
1037.680088
1037.680088
1037.680088
1037.680088
1037.680088
1037.680088
1037.680088
1037.680088
1037.680088
1037.680088
1037.680088
1037.680088
1037.680088
1037.680088
1037.680088
1037.680088
1037.680088
1037.680088
1037.680088
1037.680088
1037.680088
1037.680088
1037.680088
1037.680088
1037.680088
1037.680088
1037.680088
1037.680088
1037.680088
1037.680088
1037.680088
1037.680088
1037.680088
1037.680088
1037.680088
1037.680088
1037.680088
1037.680088
1037.680088
1037.680088
1037.680088
1037.680088
1037.680088
1037.680088
1037.680088
1037.680088
1037.680088
1037.680088
1037.680088
1037.680088
1037.680088
1037.680088
1037.680088
1037.680088
1037.680088
1037.680088
1037.680088
1037.680088
1037.680088
1037.680088
1037.680088
1037.680088
1037.680088
1037.680088
1037.680088
1037.680088
1037.680088
1037.680088
1037.680088
1037.680088
1037.680088
1037.680088
1037.680088
1037.680088
1037.680088
1037.680088
1037.680088
1037.680088
1037.680088
1037.680088
1037.680088
1037.680088
1037.680088
1037.680088
1037.680088
1037.680088
1037.680088
1037.680088
1037.680088
1037.680088
1037.680088
1037.680088
1037.680088
1037.680088
1037.680088
1037.680088
1037.680088
1037.680088
1037.680088
1037.680088
1037.680088
1037.680088
1037.680088
1037.680088
1037.680088
1037.680088
1037.680088
1037.680088
1037.680088
1037.680088
1037.680088
1037.680088
1037.680088
1037.680088
1037.680088
1037.680088
1037.680088
1037.680088
1037.680088
1037.680088
1037.680088
1037.680088
1037.680088
1037.680088
1037.680088
1037.680088
1037.680088
1037.680088
1037.680088
1037.680088
1037.680088
1037.680088
1037.680088
1037.680088
1037.680088
1037.680088
1037.680088
1037.680088
1037.680088
1037.680088
1037.680088
1037.680088
1037.680088
1037.680088
1037.680088
1037.680088
1037.680088
1037.680088
1037.680088
1037.680088
1037.680088
1037.680088
1037.680088
1037.680088
1037.680088
1037.680088
1037.680088
1037.680088
1037.680088
1037.680088
1037.680088
1037.680088
1037.680088
1037.680088
1037.680088
1037.680088
1037.680088
1037.680088
1037.680088
1037.680088
1037.680088
1037.680088
1037.680088
1037.680088
1037.680088
1037.680088
1037.680088
1037.680088
1037.680088
1037.680088
1037.680088
1037.680088
1037.680088
1037.680088
1037.680088
1037.680088
1037.680088
1037.680088
1037.680088
1037.680088
1037.680088
1037.680088
1037.680088
1037.680088
1037.680088
1037.680088
1037.680088
1037.680088
1037.680088
1037.680088
1037.680088
1037.680088
1037.680088
1037.680088
1037.680088
1037.680088
1037.680088
1037.680088
1037.680088
1037.680088
1037.680088
1037.680088
1037.680088
1037.680088
1037.680088
1037.680088
1037.680088
1037.680088
1037.680088
1037.680088
1037.680088
1037.680088
1037.680088
1037.680088
1037.680088
1037.680088
1037.680088
1037.680088
1037.680088
1037.680088
1037.680088
1037.680088
1037.680088
1037.680088
1037.680088
1037.680088
1037.680088
1037.680088
1037.680088
1037.680088
1037.680088
1037.680088
1037.680088
1037.680088
1037.680088
1037.680088
1037.680088
1037.680088
1037.680088
1037.680088
1037.680088
1037.680088
1037.680088
1037.680088
1037.680088
1037.680088
1037.680088
1037.680088
1037.680088
1037.680088
1037.680088
1037.680088
1037.680088
1037.680088
1037.680088
1037.680088
1037.680088
1037.680088
1037.680088
1037.680088
1037.680088
1037.680088
1037.680088
1037.680088
1037.680088
1037.680088
1037.680088
1037.680088
1037.680088
1037.680088
1037.680088
1037.680088
1037.680088
1037.680088
1037.680088
1037.680088
1037.680088
1037.680088
1037.680088
1037.680088
1037.680088
1037.680088
1037.680088
1037.680088
1037.680088
1037.680088
1037.680088
1037.680088
1037.680088
1037.680088
1037.680088
1037.680088
1037.680088
1037.680088
1037.680088
1037.680088
1037.680088
1037.680088
1037.680088
1037.680088
1037.680088
1037.680088
1037.680088
1037.680088
1037.680088
1037.680088
1037.680088
1037.680088
1037.680088
1037.680088
1037.680088
1037.680088
1037.680088
1037.680088
1037.680088
1037.680088
1037.680088
1037.680088
1037.680088
1037.680088
1037.680088
1037.680088
1037.680088
1037.680088
1037.680088
1037.680088
1037.680088
1037.680088
1037.680088
1037.680088
1037.680088
1037.680088
1037.680088
1037.680088
1037.680088
1037.680088
1037.680088
1037.680088
1037.680088
1037.680088
1037.680088
1037.680088
1037.680088
1037.680088
1037.680088
1037.680088
1037.680088
1037.680088
1037.680088
1037.680088
1037.680088
1037.680088
1037.680088
1037.680088
1037.680088
1037.680088
1037.680088
1037.680088
1037.680088
1037.680088
1037.680088
1037.680088
1037.680088
1037.680088
1037.680088
1037.680088
1037.680088
1037.680088
1037.680088
1037.680088
1037.680088
1037.680088
1037.680088
1037.680088
1037.680088
1037.680088
1037.680088
1037.680088
1037.680088
1037.680088
1037.680088
1037.680088
1037.680088
1037.680088
1037.680088
1037.680088
1037.680088
1037.680088
1037.680088
1037.680088
1037.680088
1037.680088
1037.680088
1037.680088
1037.680088
1037.680088
1037.680088
1037.680088
1037.680088
1037.680088
1037.680088
1037.680088
1037.680088
1037.680088
1037.680088
1037.680088
1037.680088
1037.680088
1037.680088
1037.680088
1037.680088
1037.680088
1037.680088
1037.680088
1037.680088
1037.680088
1037.680088
1037.680088
1037.680088
1037.680088
1037.680088
1037.680088
1037.680088
1037.680088
1037.680088
1037.680088
1037.680088
1037.680088
1037.680088
1037.680088
1037.680088
1037.680088
1037.680088
1037.680088
1037.680088
1037.680088
1037.680088
1037.680088
1037.680088
1037.680088
1037.680088
1037.680088
1037.680088
1037.680088
1037.680088
1037.680088
1037.680088
1037.680088
1037.680088
1037.680088
1037.680088
1037.680088
1037.680088
1037.680088
1037.680088
1037.680088
1037.680088
1037.680088
1037.680088
1037.680088
1037.680088
1037.680088
1037.680088
1037.680088
1037.680088
1037.680088
1037.680088
1037.680088
1037.680088
1037.680088
1037.680088
1037.680088
1037.680088
1037.680088
1037.680088
1037.680088
1037.680088
1037.680088
1037.680088
1037.680088
1037.680088
1037.680088
1037.680088
1037.680088
1037.680088
1037.680088
1037.680088
1037.680088
1037.680088
1037.680088
1037.680088
1037.680088
1037.680088
1037.680088
1037.680088
1037.680088
1037.680088
1037.680088
1037.680088
1037.680088
1037.680088
1037.680088
1037.680088
1037.680088
1037.680088
1037.680088
1037.680088
1037.680088
1037.680088
1037.680088
1037.680088
1037.680088
1037.680088
1037.680088
1037.680088
1037.680088
1037.680088
1037.680088
1037.680088
1037.680088
1037.680088
1037.680088
1037.680088
1037.680088
1037.680088
1037.680088
1037.680088
1037.680088
1037.680088
1037.680088
1037.680088
1037.680088
1037.680088
1037.680088
1037.680088
1037.680088
1037.680088
1037.680088
1037.680088
1037.680088
1037.680088
1037.680088
1037.680088
1037.680088
1037.680088
1037.680088
1037.680088
1037.680088
1037.680088
1037.680088
1037.680088
1037.680088
1037.680088
1037.680088
1037.680088
1037.680088
1037.680088
1037.680088
1037.680088
1037.680088
1037.680088
1037.680088
1037.680088
1037.680088
1037.680088
1037.680088
1037.680088
1037.680088
1037.680088
1037.680088
1037.680088
1037.680088
1037.680088
1037.680088
1037.680088
1037.680088
1037.680088
1037.680088
1037.680088
1037.680088
1037.680088
1037.680088
1037.680088
1037.680088
1037.680088
1037.680088
1037.680088
1037.680088
1037.680088
1037.680088
1037.680088
1037.680088
1037.680088
1037.680088
1037.680088
1037.680088
1037.680088
1037.680088
1037.680088
1037.680088
1037.680088
1037.680088
1037.680088
1037.680088
1037.680088
1037.680088
1037.680088
1037.680088
1037.680088
1037.680088
1037.680088
1037.680088
1037.680088
1037.680088
1037.680088
1037.680088
1037.680088
1037.680088
1037.680088
1037.680088
1037.680088
1037.680088
1037.680088
1037.680088
1037.680088
1037.680088
1037.680088
1037.680088
1037.680088
1037.680088
1037.680088
1037.680088
1037.680088
1037.680088
1037.680088
1037.680088
1037.680088
1037.680088
1037.680088
1037.680088
1037.680088
1037.680088
1037.680088
1037.680088
1037.680088
1037.680088
1037.680088
1037.680088
1037.680088
1037.680088
1037.680088
1037.680088
1037.680088
1037.680088
1037.680088
1037.680088
1037.680088
1037.680088
1037.680088
1037.680088
1037.680088
1037.680088
1037.680088
1037.680088
1037.680088
1037.680088
1037.680088
1037.680088
1037.680088
1037.680088
1037.680088
1037.680088
1037.680088
1037.680088
1037.680088
1037.680088
1037.680088
1037.680088
1037.680088
1037.680088
1037.680088
1037.680088
1037.680088
1037.680088
1037.680088
1037.680088
1037.680088
1037.680088
1037.680088
1037.680088
1037.680088
1037.680088
1037.680088
1037.680088
1037.680088
1037.680088
1037.680088
1037.680088
1037.680088
1037.680088
1037.680088
1037.680088
1037.680088
1037.680088
1037.680088
1037.680088
1037.680088
1037.680088
1037.680088
1037.680088
1037.680088
1037.680088
1037.680088
1037.680088
1037.680088
1037.680088
1037.680088
1037.680088
1037.680088
1037.680088
1037.680088
1037.680088
1037.680088
1037.680088
1037.680088
1037.680088
1037.680088
1037.680088
1037.680088
1037.680088
1037.680088
1037.680088
1037.680088
1037.680088
1037.680088
1037.680088
1037.680088
1037.680088
1037.680088
1037.680088
1037.680088
1037.680088
1037.680088
1037.680088
1037.680088
1037.680088
1037.680088
1037.680088
1037.680088
1037.680088
1037.680088
1037.680088
1037.680088
1037.680088
1037.680088
1037.680088
1037.680088
1037.680088
1037.680088
1037.680088
1037.680088
1037.680088
1037.680088
1037.680088
1037.680088
1037.680088
1037.680088
1037.680088
1037.680088
1037.680088
1037.680088
1037.680088
1037.680088
1037.680088
1037.680088
1037.680088
1037.680088
1037.680088
1037.680088
1037.680088
1037.680088
1037.680088
1037.680088
1037.680088
1037.680088
1037.680088
1037.680088
1037.680088
1037.680088
1037.680088
1037.680088
1037.680088
1037.680088
1037.680088
1037.680088
1037.680088
1037.680088
1037.680088
1037.680088
1037.680088
1037.680088
1037.680088
1037.680088
1037.680088
1037.680088
1037.680088
1037.680088
1037.680088
1037.680088
1037.680088
1037.680088
1037.680088
1037.680088
1037.680088
1037.680088
1037.680088
1037.680088
1037.680088
1037.680088
1037.680088
1037.680088
1037.680088
1037.680088
1037.680088
1037.680088
1037.680088
1037.680088
1037.680088
1037.680088
1037.680088
1037.680088
1037.680088
1037.680088
1037.680088
1037.680088
1037.680088
1037.680088
1037.680088
1037.680088
1037.680088
1037.680088
1037.680088
1037.680088
1037.680088
1037.680088
1037.680088
1037.680088
1037.680088
1037.680088
1037.680088
1037.680088
1037.680088
1037.680088
1037.680088
1037.680088
1037.680088
1037.680088
1037.680088
1037.680088
1037.680088
1037.680088
1037.680088
1037.680088
1037.680088
1037.680088
1037.680088
1037.680088
1037.680088
1037.680088
1037.680088
1037.680088
1037.680088
1037.680088
1037.680088
1037.680088
1037.680088
1037.680088
1037.680088
1037.680088
1037.680088
1037.680088
1037.680088
1037.680088
1037.680088
1037.680088
1037.680088
1037.680088
1037.680088
1037.680088
1037.680088
1037.680088
1037.680088
1037.680088
1037.680088
1037.680088
1037.680088
1037.680088
1037.680088
1037.680088
1037.680088
1037.680088
1037.680088
1037.680088
1037.680088
1037.680088
1037.680088
1037.680088
1037.680088
1037.680088
1037.680088
1037.680088
1037.680088
1037.680088
1037.680088
1037.680088
1037.680088
1037.680088
1037.680088
1037.680088
1037.680088
1037.680088
1037.680088
1037.680088
1037.680088
1037.680088
1037.680088
1037.680088
1037.680088
1037.680088
1037.680088
1037.680088
1037.680088
1037.680088
1037.680088
1037.680088
1037.680088
1037.680088
1037.680088
1037.680088
1037.680088
1037.680088
1037.680088
1037.680088
1037.680088
1037.680088
1037.680088
1037.680088
1037.680088
1037.680088
1037.680088
1037.680088
1037.680088
1037.680088
1037.680088
1037.680088
1037.680088
1037.680088
1037.680088
1037.680088
1037.680088
1037.680088
1037.680088
1037.680088
1037.680088
1037.680088
1037.680088
1037.680088
1037.680088
1037.680088
1037.680088
1037.680088
1037.680088
1037.680088
1037.680088
1037.680088
1037.680088
1037.680088
1037.680088
1037.680088
1037.680088
1037.680088
1037.680088
1037.680088
1037.680088
1037.680088
1037.680088
1037.680088
1037.680088
1037.680088
1037.680088
1037.680088
1037.680088
1037.680088
1037.680088
1037.680088
1037.680088
1037.680088
1037.680088
1037.680088
1037.680088
1037.680088
1037.680088
1037.680088
1037.680088
1037.680088
1037.680088
1037.680088
1037.680088
1037.680088
1037.680088
1037.680088
1037.680088
1037.680088
1037.680088
1037.680088
1037.680088
1037.680088
1037.680088
1037.680088
1037.680088
1037.680088
1037.680088
1037.680088
1037.680088
1037.680088
1037.680088
1037.680088
1037.680088
1037.680088
1037.680088
1037.680088
1037.680088
1037.680088
1037.680088
1037.680088
1037.680088
1037.680088
1037.680088
1037.680088
1037.680088
1037.680088
1037.680088
1037.680088
1037.680088
1037.680088
1037.680088
1037.680088
1037.680088
1037.680088
1037.680088
1037.680088
1037.680088
1037.680088
1037.680088
1037.680088
1037.680088
1037.680088
1037.680088
1037.680088
1037.680088
1037.680088
1037.680088
1037.680088
1037.680088
1037.680088
1037.680088
1037.680088
1037.680088
1037.680088
1037.680088
1037.680088
1037.680088
1037.680088
1037.680088
1037.680088
1037.680088
1037.680088
1037.680088
1037.680088
1037.680088
1037.680088
1037.680088
1037.680088
1037.680088
1037.680088
1037.680088
1037.680088
1037.680088
1037.680088
1037.680088
1037.680088
1037.680088
1037.680088
1037.680088
1037.680088
1037.680088
1037.680088
1037.680088
1037.680088
1037.680088
1037.680088
1037.680088
1037.680088
1037.680088
1037.680088
1037.680088
1037.680088
1037.680088
1037.680088
1037.680088
1037.680088
1037.680088
1037.680088
1037.680088
1037.680088
1037.680088
1037.680088
1037.680088
1037.680088
1037.680088
1037.680088
1037.680088
1037.680088
1037.680088
1037.680088
1037.680088
1037.680088
1037.680088
1037.680088
1037.680088
1037.680088
1037.680088
1037.680088
1037.680088
1037.680088
1037.680088
1037.680088
1037.680088
1037.680088
1037.680088
1037.680088
1037.680088
1037.680088
1037.680088
1037.680088
1037.680088
1037.680088
1037.680088
1037.680088
1037.680088
1037.680088
1037.680088
1037.680088
1037.680088
1037.680088
1037.680088
1037.680088
1037.680088
1037.680088
1037.680088
1037.680088
1037.680088
1037.680088
1037.680088
1037.680088
1037.680088
1037.680088
1037.680088
1037.680088
1037.680088
1037.680088
1037.680088
1037.680088
1037.680088
1037.680088
1037.680088
1037.680088
1037.680088
1037.680088
1037.680088
1037.680088
1037.680088
1037.680088
1037.680088
1037.680088
1037.680088
1037.680088
1037.680088
1037.680088
1037.680088
1037.680088
1037.680088
1037.680088
1037.680088
1037.680088
1037.680088
1037.680088
1037.680088
1037.680088
1037.680088
1037.680088
1037.680088
1037.680088
1037.680088
1037.680088
1037.680088
1037.680088
1037.680088
1037.680088
1037.680088
1037.680088
1037.680088
1037.680088
1037.680088
1037.680088
1037.680088
1037.680088
1037.680088
1037.680088
1037.680088
1037.680088
1037.680088
1037.680088
1037.680088
1037.680088
1037.680088
1037.680088
1037.680088
1037.680088
1037.680088
1037.680088
1037.680088
1037.680088
1037.680088
1037.680088
1037.680088
1037.680088
1037.680088
1037.680088
1037.680088
1037.680088
1037.680088
1037.680088
1037.680088
1037.680088
1037.680088
1037.680088
1037.680088
1037.680088
1037.680088
1037.680088
1037.680088
1037.680088
1037.680088
1037.680088
1037.680088
1037.680088
1037.680088
1037.680088
1037.680088
1037.680088
1037.680088
1037.680088
1037.680088
1037.680088
1037.680088
1037.680088
1037.680088
1037.680088
1037.680088
1037.680088
1037.680088
1037.680088
1037.680088
1037.680088
1037.680088
1037.680088
1037.680088
1037.680088
1037.680088
1037.680088
1037.680088
1037.680088
1037.680088
1037.680088
1037.680088
1037.680088
1037.680088
1037.680088
1037.680088
1037.680088
1037.680088
1037.680088
1037.680088
1037.680088
1037.680088
1037.680088
1037.680088
1037.680088
1037.680088
1037.680088
1037.680088
1037.680088
1037.680088
1037.680088
1037.680088
1037.680088
1037.680088
1037.680088
1037.680088
1037.680088
1037.680088
1037.680088
1037.680088
1037.680088
1037.680088
1037.680088
1037.680088
1037.680088
1037.680088
1037.680088
1037.680088
1037.680088
1037.680088
1037.680088
1037.680088
1037.680088
1037.680088
1037.680088
1037.680088
1037.680088
1037.680088
1037.680088
1037.680088
1037.680088
1037.680088
1037.680088
1037.680088
1037.680088
1037.680088
1037.680088
1037.680088
1037.680088
1037.680088
1037.680088
1037.680088
1037.680088
1037.680088
1037.680088
1037.680088
1037.680088
1037.680088
1037.680088
1037.680088
1037.680088
1037.680088
1037.680088
1037.680088
1037.680088
1037.680088
1037.680088
1037.680088
1037.680088
1037.680088
1037.680088
1037.680088
1037.680088
1037.680088
1037.680088
1037.680088
1037.680088
1037.680088
1037.680088
1037.680088
1037.680088
1037.680088
1037.680088
1037.680088
1037.680088
1037.680088
1037.680088
1037.680088
1037.680088
1037.680088
1037.680088
1037.680088
1037.680088
1037.680088
1037.680088
1037.680088
1037.680088
1037.680088
1037.680088
1037.680088
1037.680088
1037.680088
1037.680088
1037.680088
1037.680088
1037.680088
1037.680088
1037.680088
1037.680088
1037.680088
1037.680088
1037.680088
1037.680088
1037.680088
1037.680088
1037.680088
1037.680088
1037.680088
1037.680088
1037.680088
1037.680088
1037.680088
1037.680088
1037.680088
1037.680088
1037.680088
1037.680088
1037.680088
1037.680088
1037.680088
1037.680088
1037.680088
1037.680088
1037.680088
1037.680088
1037.680088
1037.680088
1037.680088
1037.680088
1037.680088
1037.680088
1037.680088
1037.680088
1037.680088
1037.680088
1037.680088
1037.680088
1037.680088
1037.680088
1037.680088
1037.680088
1037.680088
1037.680088
1037.680088
1037.680088
1037.680088
1037.680088
1037.680088
1037.680088
1037.680088
1037.680088
1037.680088
1037.680088
1037.680088
1037.680088
1037.680088
1037.680088
1037.680088
1037.680088
1037.680088
1037.680088
1037.680088
1037.680088
1037.680088
1037.680088
1037.680088
1037.680088
1037.680088
1037.680088
1037.680088
1037.680088
1037.680088
1037.680088
1037.680088
1037.680088
1037.680088
1037.680088
1037.680088
1037.680088
1037.680088
1037.680088
1037.680088
1037.680088
1037.680088
1037.680088
1037.680088
1037.680088
1037.680088
1037.680088
1037.680088
1037.680088
1037.680088
1037.680088
1037.680088
1037.680088
1037.680088
1037.680088
1037.680088
1037.680088
1037.680088
1037.680088
1037.680088
1037.680088
1037.680088
1037.680088
1037.680088
1037.680088
1037.680088
1037.680088
1037.680088
1037.680088
1037.680088
1037.680088
1037.680088
1037.680088
1037.680088
1037.680088
1037.680088
1037.680088
1037.680088
1037.680088
1037.680088
1037.680088
1037.680088
1037.680088
1037.680088
1037.680088
1037.680088
1037.680088
1037.680088
1037.680088
1037.680088
1037.680088
1037.680088
1037.680088
1037.680088
1037.680088
1037.680088
1037.680088
1037.680088
1037.680088
1037.680088
1037.680088
1037.680088
1037.680088
1037.680088
1037.680088
1037.680088
1037.680088
1037.680088
1037.680088
1037.680088
1037.680088
1037.680088
1037.680088
1037.680088
1037.680088
1037.680088
1037.680088
1037.680088
1037.680088
1037.680088
1037.680088
1037.680088
1037.680088
1037.680088
1037.680088
1037.680088
1037.680088
1037.680088
1037.680088
1037.680088
1037.680088
1037.680088
1037.680088
1037.680088
1037.680088
1037.680088
1037.680088
1037.680088
1037.680088
1037.680088
1037.680088
1037.680088
1037.680088
1037.680088
1037.680088
1037.680088
1037.680088
1037.680088
1037.680088
1037.680088
1037.680088
1037.680088
1037.680088
1037.680088
1037.680088
1037.680088
1037.680088
1037.680088
1037.680088
1037.680088
1037.680088
1037.680088
1037.680088
1037.680088
1037.680088
1037.680087
1037.680087
1037.680087
1037.680087
1037.680087
1037.680086
1037.680085
1037.680084
1037.680082
1037.68008
1037.680077
1037.680072
1037.680066
1037.680056
1037.680043
1037.680025
1037.68
1037.679966
1037.679918
1037.679854
1037.679765
1037.679646
1037.679484
1037.679269
1037.67898
1037.678599
1037.678094
1037.677433
1037.676569
1037.675447
1037.673997
1037.672141
1037.669755
1037.666755
1037.662911
1037.658169
1037.652092
1037.644754
1037.635295
1037.624277
1037.610197
1037.593838
1037.573574
1037.550442
1037.522632
1037.491721
1037.454717
1037.414622
1037.367327
1037.31649
1037.258025
1037.195894
1037.126387
1037.053714
1036.974301
1036.892455
1036.804637
1036.715767
1036.623421
1036.529672
1036.434707
1036.340462
1036.25037
1036.163028
1036.082942
1036.005989
1035.936298
1035.869243
1035.809215
1035.751861
1035.701405
1035.653845
1035.612987
1035.575089
1035.543348
1035.514374
1035.490691
1035.469407
1035.452405
1035.437386
1035.425678
1035.415531
1035.407834
1035.401267
1035.396401
1035.392273
1035.389248
1035.386679
1035.384813
1035.383293
1035.382238
1035.381503
1035.381101
1035.380935
1035.380946
1035.381075
1035.3813
1035.381517
1035.381678
1035.381762
1035.381789
1035.381759
1035.381664
1035.381533
1035.381369
1035.381183
1035.380963
1035.380721
1035.380484
1035.38025
1035.38005
1035.379889
1035.379768
1035.379686
1035.379633
1035.379599
1035.379581
1035.379571
1035.379567
1035.379558
1035.379543
1035.379517
1035.379485
1035.379448
1035.379406
1035.379362
1035.379325
1035.379295
1035.379273
1035.379262
1035.379261
1035.379271
1035.37929
1035.379318
1035.379351
1035.379391
1035.379431
1035.379473
1035.379512
1035.379547
1035.379578
1035.379604
1035.379624
1035.379638
1035.379646
1035.379649
1035.379649
1035.379645
1035.379637
1035.379625
1035.379611
1035.379593
1035.379572
1035.379547
1035.379515
1035.379475
1035.379422
1035.37935
1035.379247
1035.379101
1035.378893
1035.378595
1035.378173
1035.377587
1035.376784
1035.375709
1035.374299
1035.37249
1035.37023
1035.367815
1035.36572
1035.36415
1035.36307
1035.362384
1035.361984
1035.361776
1035.361683
1035.361653
1035.361649
1035.361657
1035.361677
1035.3617
1035.361721
1035.361748
1035.361789
1035.361852
1035.361957
1035.362128
1035.362362
1035.362481
1035.362478
1035.362359
1035.36201
1035.361285
1035.36003
1035.358121
1035.355502
1035.352196
1035.348581
1035.345687
1035.34362
1035.342225
1035.341327
1035.340774
1035.340447
1035.340259
1035.340156
1035.340101
1035.340072
1035.340057
1035.34005
1035.340047
1035.340045
1035.340044
1035.340044
1035.340044
1035.340044
1035.340044
1035.340044
1035.340044
1035.340044
1035.340044
1035.340044
1035.340044
1035.340044
1035.340044
1035.340044
1035.340044
1035.340044
1035.340044
1035.340044
1035.340044
1035.340044
1035.340044
1035.340044
1035.340044
1035.340044
1035.340044
1035.340044
1035.340044
1035.340044
1035.340044
1035.340044
1035.340044
1035.340044
1035.340044
1035.340044
1035.340044
1035.340044
1035.340044
1035.340044
1035.340044
1035.340044
1035.340044
1035.340044
1035.340044
1035.340044
1035.340044
1035.340044
1035.340044
1035.340044
1035.340044
1035.340044
1035.340044
1035.340044
1035.340044
1035.340044
1035.340044
1035.340044
1035.340044
1035.340044
1035.340044
1035.340044
1035.340044
1035.340044
1035.340044
1035.340044
1035.340044
1035.340044
1035.340044
1035.340044
1035.340044
1035.340044
1035.340044
1035.340044
1035.340044
1035.340044
1035.340044
1035.340044
1035.340044
1035.340044
1035.340044
1035.340044
1035.340044
1035.340044
1035.340044
1035.340044
1035.340044
1035.340044
1035.340044
1035.340044
1035.340044
1035.340044
1035.340044
1035.340044
1035.340044
1035.340044
1035.340044
1035.340044
1035.340044
1035.340044
1035.340044
1035.340044
1035.340044
1035.340044
1035.340044
1035.340044
1035.340044
1035.340044
1035.340044
1035.340044
1035.340044
1035.340044
1035.340044
1035.340044
1035.340044
1035.340044
1035.340044
1035.340044
1035.340044
1035.340044
1035.340044
1035.340044
1035.340044
1035.340044
1035.340044
1035.340044
1035.340044
1035.340044
1035.340044
1035.340044
1035.340044
1035.340044
1035.340044
1035.340044
1035.340044
1035.340044
1035.340044
1035.340044
1035.340044
1035.340044
1035.340044
1035.340044
1035.340044
1035.340044
1035.340044
1035.340044
1035.340044
1035.340044
1035.340044
1035.340044
1035.340044
1035.340044
1035.340044
1035.340044
1035.340044
1035.340044
1035.340044
1035.340044
1035.340044
1035.340044
1035.340044
1035.340044
1035.340044
1035.340044
1035.340044
1035.340044
1035.340044
1035.340044
1035.340044
1035.340044
1035.340044
1035.340044
1035.340044
1035.340044
1035.340044
1035.340044
1035.340044
1035.340044
1035.340044
1035.340044
1035.340044
1035.340044
1035.340044
1035.340044
1035.340044
1035.340044
1035.340044
1035.340044
1035.340044
1035.340044
1035.340044
1035.340044
1035.340044
1035.340044
1035.340044
1035.340044
1035.340044
1035.340044
1035.340044
1035.340044
1035.340044
1035.340044
1035.340044
1035.340044
1035.340044
1035.340044
1035.340044
1035.340044
1035.340044
1035.340044
1035.340044
1035.340044
1035.340044
1035.340044
1035.340044
1035.340044
1035.340044
1035.340044
1035.340044
1035.340044
1035.340044
1035.340044
1035.340044
1035.340044
1035.340044
1035.340044
1035.340044
1035.340044
1035.340044
1035.340044
1035.340044
1035.340044
1035.340044
1035.340044
1035.340044
1035.340044
1035.340044
1035.340044
1035.340044
1035.340044
1035.340044
1035.340044
1035.340044
1035.340044
1035.340044
1035.340044
1035.340044
1035.340044
1035.340044
1035.340044
1035.340044
1035.340044
1035.340044
1035.340044
1035.340044
1035.340044
1035.340044
1035.340044
1035.340044
1035.340044
1035.340044
1035.340044
1035.340044
1035.340044
1035.340044
1035.340044
1035.340044
1035.340044
1035.340044
1035.340044
1035.340044
1035.340044
1035.340044
1035.340044
1035.340044
1035.340044
1035.340044
1035.340044
1035.340044
1035.340044
1035.340044
1035.340044
1035.340044
1035.340044
1035.340044
1035.340044
1035.340044
1035.340044
1035.340044
1035.340044
1035.340044
1035.340044
1035.340044
1035.340044
1035.340044
1035.340044
1035.340044
1035.340044
1035.340044
1035.340044
1035.340044
1035.340044
1035.340044
1035.340044
1035.340044
1035.340044
1035.340044
1035.340044
1035.340044
1035.340044
1035.340044
1035.340044
1035.340044
1035.340044
1035.340044
1035.340044
1035.340044
1035.340044
1035.340044
1035.340044
1035.340044
1035.340044
1035.340044
1035.340044
1035.340044
1035.340044
1035.340044
1035.340044
1035.340044
1035.340044
1035.340044
1035.340044
1035.340044
1035.340044
1035.340044
1035.340044
1035.340044
1035.340044
1035.340044
1035.340044
1035.340044
1035.340044
1035.340044
1035.340044
1035.340044
1035.340044
1035.340044
1035.340044
1035.340044
1035.340044
1035.340044
1035.340044
1035.340044
1035.340044
1035.340044
1035.340044
1035.340044
1035.340044
1035.340044
1035.340044
1035.340044
1035.340044
1035.340044
1035.340044
1035.340044
1035.340044
1035.340044
1035.340044
1035.340044
1035.340044
1035.340044
1035.340044
1035.340044
1035.340044
1035.340044
1035.340044
1035.340044
1035.340044
1035.340044
1035.340044
1035.340044
1035.340044
1035.340044
1035.340044
1035.340044
1035.340044
1035.340044
1035.340044
1035.340044
1035.340044
1035.340044
1035.340044
1035.340044
1035.340044
1035.340044
1035.340044
1035.340044
1035.340044
1035.340044
1035.340044
1035.340044
1035.340044
1035.340044
1035.340044
1035.340044
1035.340044
1035.340044
1035.340044
1035.340044
1035.340044
1035.340044
1035.340044
1035.340044
1035.340044
1035.340044
1035.340044
1035.340044
1035.340044
1035.340044
1035.340044
1035.340044
1035.340044
1035.340044
1035.340044
1035.340044
1035.340044
1035.340044
1035.340044
1035.340044
1035.340044
1035.340044
1035.340044
1035.340044
1035.340044
1035.340044
1035.340044
1035.340044
1035.340044
1035.340044
1035.340044
1035.340044
1035.340044
1035.340044
1035.340044
1035.340044
1035.340044
1035.340044
1035.340044
1035.340044
1035.340044
1035.340044
1035.340044
1035.340044
1035.340044
1035.340044
1035.340044
1035.340044
1035.340044
1035.340044
1035.340044
1035.340044
1035.340044
1035.340044
1035.340044
1035.340044
1035.340044
1035.340044
1035.340044
1035.340044
1035.340044
1035.340044
1035.340044
1035.340044
1035.340044
1035.340044
1035.340044
1035.340044
1035.340044
1035.340044
1035.340044
1035.340044
1035.340044
1035.340044
1035.340044
1035.340044
1035.340044
1035.340044
1035.340044
1035.340044
1035.340044
1035.340044
1035.340044
1035.340044
1035.340044
1035.340044
1035.340044
1035.340044
1035.340044
1035.340044
1035.340044
1035.340044
1035.340044
1035.340044
1035.340044
1035.340044
1035.340044
1035.340044
1035.340044
1035.340044
1035.340044
1035.340044
1035.340044
1035.340044
1035.340044
1035.340044
1035.340044
1035.340044
1035.340044
1035.340044
1035.340044
1035.340044
1035.340044
1035.340044
1035.340044
1035.340044
1035.340044
1035.340044
1035.340044
1035.340044
1035.340044
1035.340044
1035.340044
1035.340044
1035.340044
1035.340044
1035.340044
1035.340044
1035.340044
1035.340044
1035.340044
1035.340044
1035.340044
1035.340044
1035.340044
1035.340044
1035.340044
1035.340044
1035.340044
1035.340044
1035.340044
1035.340044
1035.340044
1035.340044
1035.340044
1035.340044
1035.340044
1035.340044
1035.340044
1035.340044
1035.340044
1035.340044
1035.340044
1035.340044
1035.340044
1035.340044
1035.340044
1035.340044
1035.340044
1035.340044
1035.340044
1035.340044
1035.340044
1035.340044
1035.340044
1035.340044
1035.340044
1035.340044
1035.340044
1035.340044
1035.340044
1035.340044
1035.340044
1035.340044
1035.340044
1035.340044
1035.340044
1035.340044
1035.340044
1035.340044
1035.340044
1035.340044
1035.340044
1035.340044
1035.340044
1035.340044
1035.340044
1035.340044
1035.340044
1035.340044
1035.340044
1035.340044
1035.340044
1035.340044
1035.340044
1035.340044
1035.340044
1035.340044
1035.340044
1035.340044
1035.340044
1035.340044
1035.340044
1035.340044
1035.340044
1035.340044
1035.340044
1035.340044
1035.340044
1035.340044
1035.340044
1035.340044
1035.340044
1035.340044
1035.340044
1035.340044
1035.340044
1035.340044
1035.340044
1035.340044
1035.340044
1035.340044
1035.340044
1035.340044
1035.340044
1035.340044
1035.340044
1035.340044
1035.340044
1035.340044
1035.340044
1035.340044
1035.340044
1035.340044
1035.340044
1035.340044
1035.340044
1035.340044
1035.340044
1035.340044
1035.340044
1035.340044
1035.340044
1035.340044
1035.340044
1035.340044
1035.340044
1035.340044
1035.340044
1035.340044
1035.340044
1035.340044
1035.340044
1035.340044
1035.340044
1035.340044
1035.340044
1035.340044
1035.340044
1035.340044
1035.340044
1035.340044
1035.340044
1035.340044
1035.340044
1035.340044
1035.340044
1035.340044
1035.340044
1035.340044
1035.340044
1035.340044
1035.340044
1035.340044
1035.340044
1035.340044
1035.340044
1035.340044
1035.340044
1035.340044
1035.340044
1035.340044
1035.340044
1035.340044
1035.340044
1035.340044
1035.340044
1035.340044
1035.340044
1035.340044
1035.340044
1035.340044
1035.340044
1035.340044
1035.340044
1035.340044
1035.340044
1035.340044
1035.340044
1035.340044
1035.340044
1035.340044
1035.340044
1035.340044
1035.340044
1035.340044
1035.340044
1035.340044
1035.340044
1035.340044
1035.340044
1035.340044
1035.340044
1035.340044
1035.340044
1035.340044
1035.340044
1035.340044
1035.340044
1035.340044
1035.340044
1035.340044
1035.340044
1035.340044
1035.340044
1035.340044
1035.340044
1035.340044
1035.340044
1035.340044
1035.340044
1035.340044
1035.340044
1035.340044
1035.340044
1035.340044
1035.340044
1035.340044
1035.340044
1035.340044
1035.340044
1035.340044
1035.340044
1035.340044
1035.340044
1035.340044
1035.340044
1035.340044
1035.340044
1035.340044
1035.340044
1035.340044
1035.340044
1035.340044
1035.340044
1035.340044
1035.340044
1035.340044
1035.340044
1035.340044
1035.340044
1035.340044
1035.340044
1035.340044
1035.340044
1035.340044
1035.340044
1035.340044
1035.340044
1035.340044
1035.340044
1035.340044
1035.340044
1035.340044
1035.340044
1035.340044
1035.340044
1035.340044
1035.340044
1035.340044
1035.340044
1035.340044
1035.340044
1035.340044
1035.340044
1035.340044
1035.340044
1035.340044
1035.340044
1035.340044
1035.340044
1035.340044
1035.340044
1035.340044
1035.340044
1035.340044
1035.340044
1035.340044
1035.340044
1035.340044
1035.340044
1035.340044
1035.340044
1035.340044
1035.340044
1035.340044
1035.340044
1035.340044
1035.340044
1035.340044
1035.340044
1035.340044
1035.340044
1035.340044
1035.340044
1035.340044
1035.340044
1035.340044
1035.340044
1035.340044
1035.340044
1035.340044
1035.340044
1035.340044
1035.340044
1035.340044
1035.340044
1035.340044
1035.340044
1035.340044
1035.340044
1035.340044
1035.340044
1035.340044
1035.340044
1035.340044
1035.340044
1035.340044
1035.340044
1035.340044
1035.340044
1035.340044
1035.340044
1035.340044
1035.340044
1035.340044
1035.340044
1035.340044
1035.340044
1035.340044
1035.340044
1035.340044
1035.340044
1035.340044
1035.340044
1035.340044
1035.340044
1035.340044
1035.340044
1035.340044
1035.340044
1035.340044
1035.340044
1035.340044
1035.340044
1035.340044
1035.340044
1035.340044
1035.340044
1035.340044
1035.340044
1035.340044
1035.340044
1035.340044
1035.340044
1035.340044
1035.340044
1035.340044
1035.340044
1035.340044
1035.340044
1035.340044
1035.340044
1035.340044
1035.340044
1035.340044
1035.340044
1035.340044
1035.340044
1035.340044
1035.340044
1035.340044
1035.340044
1035.340044
1035.340044
1035.340044
1035.340044
1035.340044
1035.340044
1035.340044
1035.340044
1035.340044
1035.340044
1035.340044
1035.340044
1035.340044
1035.340044
1035.340044
1035.340044
1035.340044
1035.340044
1035.340044
1035.340044
1035.340044
1035.340044
1035.340044
1035.340044
1035.340044
1035.340044
1035.340044
1035.340044
1035.340044
1035.340044
1035.340044
1035.340044
1035.340044
1035.340044
1035.340044
1035.340044
1035.340044
1035.340044
1035.340044
1035.340044
1035.340044
1035.340044
1035.340044
1035.340044
1035.340044
1035.340044
1035.340044
1035.340044
1035.340044
1035.340044
1035.340044
1035.340044
1035.340044
1035.340044
1035.340044
1035.340044
1035.340044
1035.340044
1035.340044
1035.340044
1035.340044
1035.340044
1035.340044
1035.340044
1035.340044
1035.340044
1035.340044
1035.340044
1035.340044
1035.340044
1035.340044
1035.340044
1035.340044
1035.340044
1035.340044
1035.340044
1035.340044
1035.340044
1035.340044
1035.340044
1035.340044
1035.340044
1035.340044
1035.340044
1035.340044
1035.340044
1035.340044
1035.340044
1035.340044
1035.340044
1035.340044
1035.340044
1035.340044
1035.340044
1035.340044
1035.340044
1035.340044
1035.340044
1035.340044
1035.340044
1035.340044
1035.340044
1035.340044
1035.340044
1035.340044
1035.340044
1035.340044
1035.340044
1035.340044
1035.340044
1035.340044
1035.340044
1035.340044
1035.340044
1035.340044
1035.340044
1035.340044
1035.340044
1035.340044
1035.340044
1035.340044
1035.340044
1035.340044
1035.340044
1035.340044
1035.340044
1035.340044
1035.340044
1035.340044
1035.340044
1035.340044
1035.340044
1035.340044
1035.340044
1035.340044
1035.340044
1035.340044
1035.340044
1035.340044
1035.340044
1035.340044
1035.340044
1035.340044
1035.340044
1035.340044
1035.340044
1035.340044
1035.340044
1035.340044
1035.340044
1035.340044
1035.340044
1035.340044
1035.340044
1035.340044
1035.340044
1035.340044
1035.340044
1035.340044
1035.340044
1035.340044
1035.340044
1035.340044
1035.340044
1035.340044
1035.340044
1035.340044
1035.340044
1035.340044
1035.340044
1035.340044
1035.340044
1035.340044
1035.340044
1035.340044
1035.340044
1035.340044
1035.340044
1035.340044
1035.340044
1035.340044
1035.340044
1035.340044
1035.340044
1035.340044
1035.340044
1035.340044
1035.340044
1035.340044
1035.340044
1035.340044
1035.340044
1035.340044
1035.340044
1035.340044
1035.340044
1035.340044
1035.340044
1035.340044
1035.340044
1035.340044
1035.340044
1035.340044
1035.340044
1035.340044
1035.340044
1035.340044
1035.340044
1035.340044
1035.340044
1035.340044
1035.340044
1035.340044
1035.340044
1035.340044
1035.340044
1035.340044
1035.340044
1035.340044
1035.340044
1035.340044
1035.340044
1035.340044
1035.340044
1035.340044
1035.340044
1035.340044
1035.340044
1035.340044
1035.340044
1035.340044
1035.340044
1035.340044
1035.340044
1035.340044
1035.340044
1035.340044
1035.340044
1035.340044
1035.340044
1035.340044
1035.340044
1035.340044
1035.340044
1035.340044
1035.340044
1035.340044
1035.340044
1035.340044
1035.340044
1035.340044
1035.340044
1035.340044
1035.340044
1035.340044
1035.340044
1035.340044
1035.340044
1035.340044
1035.340044
1035.340044
1035.340044
1035.340044
1035.340044
1035.340044
1035.340044
1035.340044
1035.340044
1035.340044
1035.340044
1035.340044
1035.340044
1035.340044
1035.340044
1035.340044
1035.340044
1035.340044
1035.340044
1035.340044
1035.340044
1035.340044
1035.340044
1035.340044
1035.340044
1035.340044
1035.340044
1035.340044
1035.340044
1035.340044
1035.340044
1035.340044
1035.340044
1035.340044
1035.340044
1035.340044
1035.340044
1035.340044
1035.340044
1035.340044
1035.340044
1035.340044
1035.340044
1035.340044
1035.340044
1035.340044
1035.340044
1035.340044
1035.340044
1035.340044
1035.340044
1035.340044
1035.340044
1035.340044
1035.340044
1035.340044
1035.340044
1035.340044
1035.340044
1035.340044
1035.340044
1035.340044
1035.340044
1035.340044
1035.340044
1035.340044
1035.340044
1035.340044
1035.340044
1035.340044
1035.340044
1035.340044
1035.340044
1035.340044
1035.340044
1035.340044
1035.340044
1035.340044
1035.340044
1035.340044
1035.340044
1035.340044
1035.340044
1035.340044
1035.340044
1035.340044
1035.340044
1035.340044
1035.340044
1035.340044
1035.340044
1035.340044
1035.340044
1035.340044
1035.340044
1035.340044
1035.340044
1035.340044
1035.340044
1035.340044
1035.340044
1035.340044
1035.340044
1035.340044
1035.340044
1035.340044
1035.340044
1035.340044
1035.340044
1035.340044
1035.340044
1035.340044
1035.340044
1035.340044
1035.340044
1035.340044
1035.340044
1035.340044
1035.340044
1035.340044
1035.340044
1035.340044
1035.340044
1035.340044
1035.340044
1035.340044
1035.340044
1035.340044
1035.340044
1035.340044
1035.340044
1035.340044
1035.340044
1035.340044
1035.340044
1035.340044
1035.340044
1035.340044
1035.340044
1035.340044
1035.340044
1035.340044
1035.340044
1035.340044
1035.340044
1035.340044
1035.340044
1035.340044
1035.340044
1035.340044
1035.340044
1035.340044
1035.340044
1035.340044
1035.340044
1035.340044
1035.340044
1035.340044
1035.340044
1035.340044
1035.340044
1035.340044
1035.340044
1035.340044
1035.340044
1035.340044
1035.340044
1035.340044
1035.340044
1035.340044
1035.340044
1035.340044
1035.340044
1035.340044
1035.340044
1035.340044
1035.340044
1035.340044
1035.340044
1035.340044
1035.340044
1035.340044
1035.340044
1035.340044
1035.340044
1035.340044
1035.340044
1035.340044
1035.340044
1035.340044
1035.340044
1035.340044
1035.340044
1035.340044
1035.340044
1035.340044
1035.340044
1035.340044
1035.340044
1035.340044
1035.340044
1035.340044
1035.340044
1035.340044
1035.340044
1035.340044
1035.340044
1035.340044
1035.340044
1035.340044
1035.340044
1035.340044
1035.340044
1035.340044
1035.340044
1035.340044
1035.340044
1035.340044
1035.340044
1035.340044
1035.340044
1035.340044
1035.340044
1035.340044
1035.340044
1035.340044
1035.340044
1035.340044
1035.340044
1035.340044
1035.340044
1035.340044
1035.340044
1035.340044
1035.340044
1035.340044
1035.340044
1035.340044
1035.340044
1035.340044
1035.340044
1035.340044
1035.340044
1035.340044
1035.340044
1035.340044
1035.340044
1035.340044
1035.340044
1035.340044
1035.340044
1035.340044
1035.340044
1035.340044
1035.340044
1035.340044
1035.340044
1035.340044
1035.340044
1035.340044
1035.340044
1035.340044
1035.340044
1035.340044
1035.340044
1035.340044
1035.340044
1035.340044
1035.340044
1035.340044
1035.340044
1035.340044
1035.340044
1035.340044
1035.340044
1035.340044
1035.340044
1035.340044
1035.340044
1035.340044
1035.340044
1035.340044
1035.340044
1035.340044
1035.340044
1035.340044
1035.340044
1035.340044
1035.340044
1035.340044
1035.340044
1035.340044
1035.340044
1035.340044
1035.340044
1035.340044
1035.340044
1035.340044
1035.340044
1035.340044
1035.340044
1035.340044
1035.340044
1035.340044
1035.340044
1035.340044
1035.340044
1035.340044
1035.340044
1035.340044
1035.340044
1035.340044
1035.340044
1035.340044
1035.340044
1035.340044
1035.340044
1035.340044
1035.340044
1035.340044
1035.340044
1035.340044
1035.340044
1035.340044
1035.340044
1035.340044
1035.340044
1035.340044
1035.340044
1035.340044
1035.340044
1035.340044
1035.340044
1035.340044
1035.340044
1035.340044
1035.340044
1035.340044
1035.340044
1035.340044
1035.340044
1035.340044
1035.340044
1035.340044
1035.340044
1035.340044
1035.340044
1035.340044
1035.340044
1035.340044
1035.340044
1035.340044
1035.340044
1035.340044
1035.340044
1035.340044
1035.340044
1035.340044
1035.340044
1035.340044
1035.340044
1035.340044
1035.340044
1035.340044
1035.340044
1035.340044
1035.340044
1035.340044
1035.340044
1035.340044
1035.340044
1035.340044
1035.340044
1035.340044
1035.340044
1035.340044
1035.340044
1035.340044
1035.340044
1035.340044
1035.340044
1035.340044
1035.340044
1035.340044
1035.340044
1035.340044
1035.340044
1035.340044
1035.340044
1035.340044
1035.340044
1035.340044
1035.340044
1035.340044
1035.340044
1035.340044
1035.340044
1035.340044
1035.340044
1035.340044
1035.340044
1035.340044
1035.340044
1035.340044
1035.340044
1035.340044
1035.340044
1035.340044
1035.340044
1035.340044
1035.340044
1035.340044
1035.340044
1035.340044
1035.340044
1035.340044
1035.340044
1035.340044
1035.340044
1035.340044
1035.340044
1035.340044
1035.340044
1035.340044
1035.340044
1035.340044
1035.340044
1035.340044
1035.340044
1035.340044
1035.340044
1035.340044
1035.340044
1035.340044
1035.340044
1035.340044
1035.340044
1035.340044
1035.340044
1035.340044
1035.340044
1035.340044
1035.340044
1035.340044
1035.340044
1035.340044
1035.340044
1035.340044
1035.340044
1035.340044
1035.340044
1035.340044
1035.340044
1035.340044
1035.340044
1035.340044
1035.340044
1035.340044
1035.340044
1035.340044
1035.340044
1035.340044
1035.340044
1035.340044
1035.340044
1035.340044
1035.340044
1035.340044
1035.340044
1035.340044
1035.340044
1035.340044
1035.340044
1035.340044
1035.340044
1035.340044
1035.340044
1035.340044
1035.340044
1035.340044
1035.340044
1035.340044
1035.340044
1035.340044
1035.340044
1035.340044
1035.340044
1035.340044
1035.340044
1035.340044
1035.340044
1035.340044
1035.340044
1035.340044
1035.340044
1035.340044
1035.340044
1035.340044
1035.340044
1035.340044
1035.340044
1035.340044
1035.340044
1035.340044
1035.340044
1035.340044
1035.340044
1035.340044
1035.340044
1035.340044
1035.340044
1035.340044
1035.340044
1035.340044
1035.340044
1035.340044
1035.340044
1035.340044
1035.340044
1035.340044
1035.340044
1035.340044
1035.340044
1035.340044
1035.340044
1035.340044
1035.340044
1035.340044
1035.340044
1035.340044
1035.340044
1035.340044
1035.340044
1035.340044
1035.340044
1035.340044
1035.340044
1035.340044
1035.340044
1035.340044
1035.340044
1035.340044
1035.340044
1035.340044
1035.340044
1035.340044
1035.340044
1035.340044
1035.340044
1035.340044
1035.340044
1035.340044
1035.340044
1035.340044
1035.340044
1035.340044
1035.340044
1035.340044
1035.340044
1035.340044
1035.340044
1035.340044
1035.340044
1035.340044
1035.340044
1035.340044
1035.340044
1035.340044
1035.340044
1035.340044
1035.340044
1035.340044
1035.340044
1035.340044
1035.340044
1035.340044
1035.340044
1035.340044
1035.340044
1035.340044
1035.340044
1035.340044
1035.340044
1035.340044
1035.340044
1035.340044
1035.340044
1035.340044
1035.340044
1035.340044
1035.340044
1035.340044
1035.340044
1035.340044
1035.340044
1035.340044
1035.340044
1035.340044
1035.340044
1035.340044
1035.340044
1035.340044
1035.340044
1035.340044
1035.340044
1035.340044
1035.340044
1035.340044
1035.340044
1035.340044
1035.340044
1035.340044
1035.340044
1035.340044
1035.340044
1035.340044
1035.340044
1035.340044
1035.340044
1035.340044
1035.340044
1035.340044
1035.340044
1035.340044
1035.340044
1035.340044
1035.340044
1035.340044
1035.340044
1035.340044
1035.340044
1035.340044
1035.340044
1035.340044
1035.340044
1035.340044
1035.340044
1035.340044
1035.340044
1035.340044
1035.340044
1035.340044
1035.340044
1035.340044
1035.340044
1035.340044
1035.340044
1035.340044
1035.340044
1035.340044
1035.340044
1035.340044
1035.340044
1035.340044
1035.340044
1035.340044
1035.340044
1035.340044
1035.340044
1035.340044
1035.340044
1035.340044
1035.340044
1035.340044
1035.340044
1035.340044
1035.340044
1035.340044
1035.340044
1035.340044
1035.340044
1035.340044
1035.340044
1035.340044
1035.340044
1035.340044
1035.340044
1035.340044
1035.340044
1035.340044
1035.340044
1035.340044
1035.340044
1035.340044
1035.340044
1035.340044
1035.340044
1035.340044
1035.340044
1035.340044
1035.340044
1035.340044
1035.340044
1035.340044
1035.340044
1035.340044
1035.340044
1035.340044
1035.340044
1035.340044
1035.340044
1035.340044
1035.340044
1035.340044
1035.340044
1035.340044
1035.340044
1035.340044
1035.340044
1035.340044
1035.340044
1035.340044
1035.340044
1035.340044
1035.340044
1035.340044
1035.340044
1035.340044
1035.340044
1035.340044
1035.340044
1035.340044
1035.340044
1035.340044
1035.340044
1035.340044
1035.340044
1035.340044
1035.340044
1035.340044
1035.340044
1035.340044
1035.340044
1035.340044
1035.340044
1035.340044
1035.340044
1035.340044
1035.340044
1035.340044
1035.340044
1035.340044
1035.340044
1035.340044
1035.340044
1035.340044
1035.340044
1035.340044
1035.340044
1035.340044
1035.340044
1035.340044
1035.340044
1035.340044
1035.340044
1035.340044
1035.340044
1035.340044
1035.340044
1035.340044
1035.340044
1035.340044
1035.340044
1035.340044
1035.340044
1035.340044
1035.340044
1035.340044
1035.340044
1035.340044
1035.340044
1035.340044
1035.340044
1035.340044
1035.340044
1035.340044
1035.340044
1035.340044
1035.340044
1035.340044
1035.340044
1035.340044
1035.340044
1035.340044
1035.340044
1035.340044
1035.340044
1035.340044
1035.340044
1035.340044
1035.340044
1035.340044
1035.340044
1035.340044
1035.340044
1035.340044
1035.340044
1035.340044
1035.340044
1035.340044
1035.340044
1035.340044
1035.340044
1035.340044
1035.340044
1035.340044
1035.340044
1035.340044
1035.340044
1035.340044
1035.340044
1035.340044
1035.340044
1035.340044
1035.340044
1035.340044
1035.340044
1035.340044
1035.340044
1035.340044
1035.340044
1035.340044
1035.340044
1035.340044
1035.340044
1035.340044
1035.340044
1035.340044
1035.340044
1035.340044
1035.340044
1035.340044
1035.340044
1035.340044
1035.340044
1035.340044
1035.340044
1035.340044
1035.340044
1035.340044
1035.340044
1035.340044
1035.340044
1035.340044
1035.340044
1035.340044
1035.340044
1035.340044
1035.340044
1035.340044
1035.340044
1035.340044
1035.340044
1035.340044
1035.340044
1035.340044
1035.340044
1035.340044
1035.340044
1035.340044
1035.340044
1035.340044
1035.340044
1035.340044
1035.340044
1035.340044
1035.340044
1035.340044
1035.340044
1035.340044
1035.340044
1035.340044
1035.340044
1035.340044
1035.340044
1035.340044
1035.340044
1035.340044
1035.340044
1035.340044
1035.340044
1035.340044
1035.340044
1035.340044
1035.340044
1035.340044
1035.340044
1035.340044
1035.340044
1035.340044
1035.340044
1035.340044
1035.340044
1035.340044
1035.340044
1035.340044
1035.340044
1035.340044
1035.340044
1035.340044
1035.340044
1035.340044
1035.340044
1035.340044
1035.340044
1035.340044
1035.340044
1035.340044
1035.340044
1035.340044
1035.340044
1035.340044
1035.340044
1035.340044
1035.340044
1035.340044
1035.340044
1035.340044
1035.340044
1035.340044
1035.340044
1035.340044
1035.340044
1035.340044
1035.340044
1035.340044
1035.340044
1035.340044
1035.340044
1035.340044
1035.340044
1035.340044
1035.340044
1035.340044
1035.340044
1035.340044
1035.340044
1035.340044
1035.340044
1035.340044
1035.340044
1035.340044
1035.340044
1035.340044
1035.340044
1035.340044
1035.340044
1035.340044
1035.340044
1035.340044
1035.340044
1035.340044
1035.340044
1035.340044
1035.340044
1035.340044
1035.340044
1035.340044
1035.340044
1035.340044
1035.340044
1035.340044
1035.340044
1035.340044
1035.340044
1035.340044
1035.340044
1035.340044
1035.340044
1035.340044
1035.340044
1035.340044
1035.340044
1035.340044
1035.340044
1035.340044
1035.340044
1035.340044
1035.340044
1035.340044
1035.340044
1035.340044
1035.340044
1035.340044
1035.340044
1035.340044
1035.340044
1035.340044
1035.340044
1035.340044
1035.340044
1035.340044
1035.340044
1035.340044
1035.340044
1035.340044
1035.340044
1035.340044
1035.340044
1035.340044
1035.340044
1035.340044
1035.340044
1035.340044
1035.340044
1035.340044
1035.340044
1035.340044
1035.340044
1035.340044
1035.340044
1035.340044
1035.340044
1035.340044
1035.340044
1035.340044
1035.340044
1035.340044
1035.340044
1035.340044
1035.340044
1035.340044
1035.340044
1035.340044
1035.340044
1035.340044
1035.340044
1035.340044
1035.340044
1035.340044
1035.340044
1035.340044
1035.340044
1035.340044
1035.340044
1035.340044
1035.340044
1035.340044
1035.340044
1035.340044
1035.340044
1035.340044
1035.340044
1035.340044
1035.340044
1035.340044
1035.340044
1035.340044
1035.340044
1035.340044
1035.340044
1035.340044
1035.340044
1035.340044
1035.340044
1035.340044
1035.340044
1035.340044
1035.340044
1035.340044
1035.340044
1035.340044
1035.340044
1035.340044
1035.340044
1035.340044
1035.340044
1035.340044
1035.340044
1035.340044
1035.340044
1035.340044
1035.340044
1035.340044
1035.340044
1035.340044
1035.340044
1035.340044
1035.340044
1035.340044
1035.340044
1035.340044
1035.340044
1035.340044
1035.340044
1035.340044
1035.340044
1035.340044
1035.340044
1035.340044
1035.340044
1035.340044
1035.340044
1035.340044
1035.340044
1035.340044
1035.340044
1035.340044
1035.340044
1035.340044
1035.340044
1035.340044
1035.340044
1035.340044
1035.340044
1035.340044
1035.340044
1035.340044
1035.340044
1035.340044
1035.340044
1035.340044
1035.340044
1035.340044
1035.340044
1035.340044
1035.340044
1035.340044
1035.340044
1035.340044
1035.340044
1035.340044
1035.340044
1035.340044
1035.340044
1035.340044
1035.340044
1035.340044
1035.340044
1035.340044
1035.340044
1035.340044
1035.340044
1035.340044
1035.340044
1035.340044
1035.340044
1035.340044
1035.340044
1035.340044
1035.340044
1035.340044
1035.340044
1035.340044
1035.340044
1035.340044
1035.340044
1035.340044
1035.340044
1035.340044
1035.340044
1035.340044
1035.340044
1035.340044
1035.340044
1035.340044
1035.340044
1035.340044
1035.340044
1035.340044
1035.340044
1035.340044
1035.340044
1035.340044
1035.340044
1035.340044
1035.340044
1035.340044
1035.340044
1035.340044
1035.340044
1035.340044
1035.340044
1035.340044
1035.340044
1035.340044
1035.340044
1035.340044
1035.340044
1035.340044
1035.340044
1035.340044
1035.340044
1035.340044
1035.340044
1035.340044
1035.340044
1035.340044
1035.340044
1035.340044
1035.340044
1035.340044
1035.340044
1035.340044
1035.340044
1035.340044
1035.340044
1035.340044
1035.340044
1035.340044
1035.340044
1035.340044
1035.340044
1035.340044
1035.340044
1035.340044
1035.340044
1035.340044
1035.340044
1035.340044
1035.340044
1035.340044
1035.340044
1035.340044
1035.340044
1035.340044
1035.340044
1035.340044
1035.340044
1035.340044
1035.340044
1035.340044
1035.340044
1035.340044
1035.340044
1035.340044
1035.340044
1035.340044
1035.340044
1035.340044
1035.340044
1035.340044
1035.340044
1035.340044
1035.340044
1035.340044
1035.340044
1035.340044
1035.340044
1035.340044
1035.340044
1035.340044
1035.340044
1035.340044
1035.340044
1035.340044
1035.340044
1035.340044
1035.340044
1035.340044
1035.340044
1035.340044
1035.340044
1035.340044
1035.340044
1035.340044
1035.340044
1035.340044
1035.340044
1035.340044
1035.340044
1035.340044
1035.340044
1035.340044
1035.340044
1035.340044
1035.340044
1035.340044
1035.340044
1035.340044
1035.340044
1035.340044
1035.340044
1035.340044
1035.340044
1035.340044
1035.340044
1035.340044
1035.340044
1035.340044
1035.340044
1035.340044
1035.340044
1035.340044
1035.340044
1035.340044
1035.340044
1035.340044
1035.340044
1035.340044
1035.340044
1035.340044
1035.340044
1035.340044
1035.340044
1035.340044
1035.340044
)
;

boundaryField
{
    sides
    {
        type            calculated;
        value           nonuniform List<scalar> 2(1035.340044 1037.680088);
    }
    empty1
    {
        type            empty;
    }
    empty2
    {
        type            empty;
    }
}


// ************************************************************************* //
