/*--------------------------------*- C++ -*----------------------------------*\
| =========                 |                                                 |
| \\      /  F ield         | OpenFOAM: The Open Source CFD Toolbox           |
|  \\    /   O peration     | Version:  2012                                  |
|   \\  /    A nd           | Website:  www.openfoam.com                      |
|    \\/     M anipulation  |                                                 |
\*---------------------------------------------------------------------------*/
FoamFile
{
    version     2.0;
    format      ascii;
    class       volVectorField;
    location    "0.17";
    object      U;
}
// * * * * * * * * * * * * * * * * * * * * * * * * * * * * * * * * * * * * * //

dimensions      [0 1 -1 0 0 0 0];


internalField   nonuniform List<vector> 
2268
(
(0.0306163 -0.014661 0)
(0.0935781 -0.0147111 0)
(0.155271 -0.0149558 0)
(0.220266 -0.0152076 0)
(0.284045 -0.0154725 0)
(0.351385 -0.0160227 0)
(0.419645 -0.0163339 0)
(0.489855 -0.0167835 0)
(0.561673 -0.0173144 0)
(0.636566 -0.0176075 0)
(0.710644 -0.0176158 0)
(0.785882 -0.0174874 0)
(0.857992 -0.0168407 0)
(0.927828 -0.0165787 0)
(0.996396 -0.0134216 0)
(1.03735 -0.00896109 0)
(1.06677 -0.00318244 0)
(1.05532 0.0038945 0)
(1.00899 0.0112737 0)
(0.911989 0.0194871 0)
(0.756051 0.0309338 0)
(0.514187 0.0467931 0)
(0.217866 0.0803548 0)
(0.0305031 -0.0440315 0)
(0.0935066 -0.0442043 0)
(0.155082 -0.0449047 0)
(0.219986 -0.0456729 0)
(0.283715 -0.0464555 0)
(0.35098 -0.0481144 0)
(0.419241 -0.0490407 0)
(0.48948 -0.0504149 0)
(0.561352 -0.0519277 0)
(0.636302 -0.0529175 0)
(0.710761 -0.0527937 0)
(0.786536 -0.0523467 0)
(0.858613 -0.0499946 0)
(0.930121 -0.0491396 0)
(0.997539 -0.0379612 0)
(1.04311 -0.0247155 0)
(1.07051 -0.00478659 0)
(1.06737 0.0230028 0)
(1.02444 0.0569835 0)
(0.92812 0.0999096 0)
(0.771668 0.15748 0)
(0.530331 0.207663 0)
(0.227484 0.265048 0)
(0.0303052 -0.0732653 0)
(0.0933509 -0.0735896 0)
(0.154691 -0.0747172 0)
(0.21942 -0.0760206 0)
(0.283053 -0.0773413 0)
(0.350171 -0.0801246 0)
(0.41842 -0.0817238 0)
(0.488734 -0.0840194 0)
(0.560709 -0.0866125 0)
(0.635851 -0.0883376 0)
(0.710995 -0.0884714 0)
(0.787804 -0.0875569 0)
(0.860646 -0.0844781 0)
(0.935259 -0.0825263 0)
(1.00118 -0.066534 0)
(1.05487 -0.0437932 0)
(1.084 -0.0144874 0)
(1.09335 0.0253059 0)
(1.06185 0.0772069 0)
(0.975377 0.138251 0)
(0.823293 0.218638 0)
(0.566001 0.303835 0)
(0.236142 0.439029 0)
(0.0300873 -0.102471 0)
(0.0930594 -0.102994 0)
(0.154071 -0.104474 0)
(0.218553 -0.10636 0)
(0.282047 -0.10821 0)
(0.348929 -0.112142 0)
(0.417144 -0.114459 0)
(0.487531 -0.117736 0)
(0.559652 -0.121361 0)
(0.635018 -0.124059 0)
(0.711029 -0.124448 0)
(0.788851 -0.123259 0)
(0.863747 -0.119422 0)
(0.941235 -0.11586 0)
(1.00665 -0.0940681 0)
(1.06548 -0.064251 0)
(1.10403 -0.0223307 0)
(1.11826 0.0331302 0)
(1.09656 0.113671 0)
(1.01238 0.213251 0)
(0.852651 0.352689 0)
(0.586594 0.486527 0)
(0.242829 0.642765 0)
(0.0299135 -0.13146 0)
(0.0925524 -0.132185 0)
(0.153211 -0.134012 0)
(0.217354 -0.136522 0)
(0.280668 -0.138917 0)
(0.347241 -0.144021 0)
(0.415358 -0.147164 0)
(0.485842 -0.151441 0)
(0.558148 -0.15623 0)
(0.633882 -0.15999 0)
(0.710947 -0.16105 0)
(0.790322 -0.159908 0)
(0.867995 -0.156313 0)
(0.949121 -0.150354 0)
(1.01684 -0.124998 0)
(1.0845 -0.090225 0)
(1.13306 -0.0392251 0)
(1.16437 0.0282482 0)
(1.16342 0.127044 0)
(1.10222 0.25208 0)
(0.964611 0.417533 0)
(0.694339 0.58864 0)
(0.317575 0.831872 0)
(0.0297106 -0.16035 0)
(0.0918786 -0.161271 0)
(0.152128 -0.163447 0)
(0.215797 -0.166621 0)
(0.278894 -0.169558 0)
(0.34506 -0.175849 0)
(0.41301 -0.179897 0)
(0.483529 -0.185292 0)
(0.556068 -0.191231 0)
(0.632136 -0.196381 0)
(0.710354 -0.19823 0)
(0.791323 -0.197645 0)
(0.87218 -0.194219 0)
(0.955919 -0.186471 0)
(1.02949 -0.157582 0)
(1.10505 -0.119608 0)
(1.16298 -0.0592716 0)
(1.21066 0.0183876 0)
(1.22226 0.144254 0)
(1.16416 0.308338 0)
(1.01108 0.549564 0)
(0.721113 0.798362 0)
(0.289674 1.12133 0)
(0.0294572 -0.188915 0)
(0.0910356 -0.190036 0)
(0.1508 -0.192558 0)
(0.213874 -0.196447 0)
(0.27669 -0.199966 0)
(0.342389 -0.207451 0)
(0.410089 -0.212544 0)
(0.480633 -0.219119 0)
(0.553426 -0.226384 0)
(0.630024 -0.233007 0)
(0.709505 -0.236184 0)
(0.792676 -0.236541 0)
(0.877023 -0.233971 0)
(0.965059 -0.224963 0)
(1.04569 -0.195299 0)
(1.13273 -0.153746 0)
(1.20324 -0.089008 0)
(1.27763 -0.000269897 0)
(1.30558 0.148581 0)
(1.28009 0.350332 0)
(1.15458 0.622784 0)
(0.886996 0.920383 0)
(0.444415 1.30516 0)
(0.0291748 -0.217299 0)
(0.0900394 -0.218627 0)
(0.149266 -0.221493 0)
(0.211653 -0.226143 0)
(0.274086 -0.23026 0)
(0.339197 -0.238946 0)
(0.406551 -0.245168 0)
(0.476999 -0.253105 0)
(0.550086 -0.261741 0)
(0.627107 -0.270242 0)
(0.707857 -0.274958 0)
(0.792983 -0.276946 0)
(0.880898 -0.275457 0)
(0.972935 -0.266386 0)
(1.06117 -0.236322 0)
(1.15873 -0.194537 0)
(1.24436 -0.126609 0)
(1.341 -0.0307072 0)
(1.38144 0.144733 0)
(1.37139 0.380468 0)
(1.26203 0.740895 0)
(0.971422 1.1441 0)
(0.448389 1.76374 0)
(-0.0681855 -0.035136 0)
(-0.133166 -0.0472517 0)
(-0.237279 -0.0524634 0)
(-0.203613 -0.034789 0)
(-0.214497 -0.0310056 0)
(-0.174857 -0.0166265 0)
(-0.146861 -0.0185501 0)
(-0.121262 -0.0109394 0)
(-0.0854402 -0.0128902 0)
(-0.0760052 -0.00786731 0)
(-0.0415717 -0.00894714 0)
(-0.0455949 -0.00544455 0)
(-0.0145135 -0.00603721 0)
(-0.0274626 -0.00376167 0)
(0.000324681 -0.0040509 0)
(-0.0178556 -0.00269925 0)
(0.00751988 -0.00282228 0)
(-0.0133068 -0.00218779 0)
(0.0108064 -0.00222593 0)
(-0.0732343 0.120682 0)
(-0.143789 0.122603 0)
(-0.232586 0.0793687 0)
(-0.200022 0.0296396 0)
(-0.20997 0.0151373 0)
(-0.171971 -0.00842801 0)
(-0.14411 -0.00728715 0)
(-0.118993 -0.0125907 0)
(-0.0839432 -0.00847892 0)
(-0.0742732 -0.00916118 0)
(-0.0405509 -0.00530538 0)
(-0.0443243 -0.00512366 0)
(-0.0138156 -0.00244514 0)
(-0.0265939 -0.00203325 0)
(0.00076548 -0.000471383 0)
(-0.0173219 -9.96473e-05 0)
(0.00772493 0.000663297 0)
(-0.0130471 0.000876378 0)
(0.010784 0.00109845 0)
(-0.0694962 0.0538315 0)
(-0.170081 0.0185691 0)
(-0.274523 -0.0321142 0)
(-0.232035 -0.0442097 0)
(-0.229009 -0.0463401 0)
(-0.181715 -0.0427808 0)
(-0.149396 -0.0438483 0)
(-0.121317 -0.034545 0)
(-0.084265 -0.0339286 0)
(-0.0747896 -0.0248488 0)
(-0.0399153 -0.0230104 0)
(-0.044429 -0.0159005 0)
(-0.0132145 -0.0143996 0)
(-0.0266399 -0.00945771 0)
(0.00114165 -0.00849559 0)
(-0.0173702 -0.00542396 0)
(0.00793401 -0.00492875 0)
(-0.0131161 -0.00344592 0)
(0.0108973 -0.0033087 0)
(-0.0816433 0.227782 0)
(-0.187363 0.219567 0)
(-0.260842 0.103569 0)
(-0.217536 0.0194566 0)
(-0.213132 -0.0101062 0)
(-0.1734 -0.0366635 0)
(-0.141238 -0.0362272 0)
(-0.114254 -0.0370844 0)
(-0.0795398 -0.0304408 0)
(-0.0694352 -0.0262411 0)
(-0.0367662 -0.0195004 0)
(-0.0405788 -0.0155173 0)
(-0.0111012 -0.0107156 0)
(-0.0240205 -0.00761504 0)
(0.00246214 -0.00477829 0)
(-0.0157614 -0.00270291 0)
(0.0085488 -0.00130349 0)
(-0.0123326 -0.000254934 0)
(0.010828 0.000147452 0)
(-0.082978 0.15537 0)
(-0.270588 0.0854654 0)
(-0.357557 -0.0252213 0)
(-0.282483 -0.06892 0)
(-0.250346 -0.0685902 0)
(-0.188657 -0.0734619 0)
(-0.150355 -0.0715809 0)
(-0.117963 -0.0595176 0)
(-0.0799653 -0.054931 0)
(-0.0702391 -0.0417977 0)
(-0.0354516 -0.0366205 0)
(-0.0407579 -0.0259688 0)
(-0.00992547 -0.0223145 0)
(-0.024139 -0.0147508 0)
(0.00318631 -0.0125731 0)
(-0.0158923 -0.00781069 0)
(0.0089462 -0.00673822 0)
(-0.012489 -0.00441739 0)
(0.0110536 -0.00412451 0)
(-0.101438 0.399966 0)
(-0.260268 0.355109 0)
(-0.326296 0.110018 0)
(-0.258099 -0.011854 0)
(-0.222407 -0.0536539 0)
(-0.174721 -0.071593 0)
(-0.136695 -0.069612 0)
(-0.106642 -0.0631345 0)
(-0.0716915 -0.0528931 0)
(-0.0614271 -0.0431896 0)
(-0.0300895 -0.033251 0)
(-0.0343375 -0.0253611 0)
(-0.00638238 -0.0184049 0)
(-0.0197624 -0.0126484 0)
(0.00537437 -0.00857044 0)
(-0.0132008 -0.00484043 0)
(0.00995668 -0.00283904 0)
(-0.0111766 -0.000980308 0)
(0.0109284 -0.000413794 0)
(-0.132971 0.268319 0)
(-0.442423 0.162073 0)
(-0.47644 -0.0387538 0)
(-0.344933 -0.122119 0)
(-0.27439 -0.108173 0)
(-0.192227 -0.111982 0)
(-0.148246 -0.10299 0)
(-0.110385 -0.0867416 0)
(-0.0716724 -0.0760144 0)
(-0.0620275 -0.0585879 0)
(-0.0279953 -0.0494751 0)
(-0.0345182 -0.0353367 0)
(-0.0046642 -0.0294289 0)
(-0.0199725 -0.019335 0)
(0.00641249 -0.0159879 0)
(-0.01344 -0.00960062 0)
(0.0105284 -0.00801012 0)
(-0.0114348 -0.00487867 0)
(0.0112678 -0.0044596 0)
(-0.151201 0.713335 0)
(-0.383619 0.530551 0)
(-0.359518 0.0789359 0)
(-0.317484 -0.0789942 0)
(-0.239786 -0.121113 0)
(-0.177539 -0.115924 0)
(-0.129844 -0.107586 0)
(-0.0970122 -0.0910873 0)
(-0.0594923 -0.0755337 0)
(-0.0504814 -0.0595036 0)
(-0.0201599 -0.0460707 0)
(-0.0256605 -0.0341712 0)
(0.000389821 -0.0251189 0)
(-0.0138664 -0.0167755 0)
(0.00945181 -0.0115503 0)
(-0.0096625 -0.00624642 0)
(0.0118814 -0.00371092 0)
(-0.00957355 -0.00108299 0)
(0.0110649 -0.000381068 0)
(0.0286898 -0.261002 0)
(0.0882448 -0.262664 0)
(0.146537 -0.266093 0)
(0.20769 -0.271974 0)
(0.269289 -0.277079 0)
(0.333388 -0.287652 0)
(0.40003 -0.295894 0)
(0.47016 -0.306132 0)
(0.543516 -0.317264 0)
(0.62137 -0.328752 0)
(0.704035 -0.336778 0)
(0.792717 -0.341849 0)
(0.886537 -0.343456 0)
(0.986677 -0.335161 0)
(1.08896 -0.309407 0)
(1.20651 -0.26681 0)
(1.31827 -0.202584 0)
(1.45337 -0.0853129 0)
(1.50859 0.127248 0)
(1.61119 0.418952 0)
(1.56475 0.844207 0)
(1.59742 1.37487 0)
(1.29322 2.05333 0)
(0.0278907 -0.319094 0)
(0.0851573 -0.321232 0)
(0.141882 -0.325466 0)
(0.200817 -0.333068 0)
(0.260934 -0.339672 0)
(0.3232 -0.352921 0)
(0.388533 -0.364253 0)
(0.457514 -0.378377 0)
(0.530902 -0.393563 0)
(0.609282 -0.410705 0)
(0.694371 -0.424689 0)
(0.787019 -0.437247 0)
(0.889109 -0.445594 0)
(1.00044 -0.44537 0)
(1.12472 -0.430187 0)
(1.26499 -0.399946 0)
(1.41823 -0.344703 0)
(1.56895 -0.204574 0)
(1.70982 -0.00273813 0)
(1.88453 0.309549 0)
(1.90062 0.726572 0)
(1.86215 1.34568 0)
(1.66885 1.99168 0)
(0.0268364 -0.374634 0)
(0.0812409 -0.377259 0)
(0.135829 -0.38233 0)
(0.191912 -0.391688 0)
(0.249877 -0.400031 0)
(0.309638 -0.416003 0)
(0.372894 -0.430792 0)
(0.439944 -0.449369 0)
(0.512261 -0.469679 0)
(0.590447 -0.493244 0)
(0.676641 -0.515286 0)
(0.772378 -0.537824 0)
(0.881231 -0.557933 0)
(1.00572 -0.572212 0)
(1.1472 -0.575647 0)
(1.30746 -0.56239 0)
(1.47311 -0.508601 0)
(1.63686 -0.381838 0)
(1.81414 -0.191582 0)
(1.93527 0.213869 0)
(1.94188 0.849201 0)
(1.91773 1.59221 0)
(1.61685 2.18193 0)
(0.025633 -0.427735 0)
(0.0766154 -0.430811 0)
(0.12874 -0.436691 0)
(0.181409 -0.447756 0)
(0.236738 -0.457953 0)
(0.293277 -0.476667 0)
(0.353775 -0.495145 0)
(0.417714 -0.518594 0)
(0.487665 -0.544731 0)
(0.563498 -0.57607 0)
(0.649109 -0.607404 0)
(0.744724 -0.643003 0)
(0.857592 -0.679955 0)
(0.989513 -0.712759 0)
(1.1401 -0.733108 0)
(1.29605 -0.727609 0)
(1.44966 -0.67506 0)
(1.58127 -0.548293 0)
(1.69341 -0.308296 0)
(1.82333 0.177269 0)
(1.92407 0.781054 0)
(1.87641 1.66572 0)
(1.48654 2.36139 0)
(0.0241663 -0.477407 0)
(0.0711373 -0.480916 0)
(0.120247 -0.487646 0)
(0.168853 -0.500289 0)
(0.220739 -0.512432 0)
(0.273137 -0.533723 0)
(0.329763 -0.555774 0)
(0.38914 -0.584052 0)
(0.455188 -0.616073 0)
(0.526502 -0.655675 0)
(0.608829 -0.697291 0)
(0.702068 -0.747571 0)
(0.814261 -0.803925 0)
(0.949865 -0.856293 0)
(1.09127 -0.884204 0)
(1.22886 -0.873581 0)
(1.34529 -0.797887 0)
(1.45211 -0.639886 0)
(1.61811 -0.425715 0)
(1.70902 0.0111528 0)
(1.86445 0.763362 0)
(1.58466 2.12151 0)
(1.3097 2.65003 0)
(0.0224955 -0.523532 0)
(0.0649539 -0.527408 0)
(0.110659 -0.534885 0)
(0.154631 -0.548793 0)
(0.20261 -0.562719 0)
(0.250159 -0.586311 0)
(0.302162 -0.611681 0)
(0.355787 -0.644766 0)
(0.415878 -0.682772 0)
(0.480199 -0.730581 0)
(0.554546 -0.783829 0)
(0.641507 -0.849411 0)
(0.746909 -0.929129 0)
(0.872749 -0.991222 0)
(0.99121 -1.01353 0)
(1.10897 -0.985359 0)
(1.22075 -0.916438 0)
(1.46022 -0.789175 0)
(1.42066 -0.552856 0)
(1.24287 -0.075416 0)
(1.14761 0.86482 0)
(1.17402 2.26634 0)
(1.1196 2.7585 0)
(0.0206525 -0.565307 0)
(0.058269 -0.56956 0)
(0.100216 -0.577786 0)
(0.13902 -0.592773 0)
(0.182488 -0.608459 0)
(0.224273 -0.633871 0)
(0.270046 -0.661901 0)
(0.316506 -0.698398 0)
(0.367327 -0.740985 0)
(0.422925 -0.795111 0)
(0.484016 -0.859196 0)
(0.560279 -0.941322 0)
(0.652584 -1.036 0)
(0.75063 -1.10245 0)
(0.865194 -1.1239 0)
(0.987758 -1.12257 0)
(1.19737 -1.08284 0)
(1.0887 -0.86267 0)
(0.645864 -0.225759 0)
(0.402972 0.290244 0)
(0.392662 0.828537 0)
(0.870867 2.13125 0)
(0.974811 2.77714 0)
(0.0187444 -0.602859 0)
(0.0510443 -0.607394 0)
(0.0890565 -0.616009 0)
(0.121885 -0.631467 0)
(0.160904 -0.648322 0)
(0.195788 -0.674295 0)
(0.235837 -0.70432 0)
(0.273713 -0.742605 0)
(0.315662 -0.78984 0)
(0.360228 -0.847938 0)
(0.405593 -0.922065 0)
(0.469343 -1.01841 0)
(0.542259 -1.12136 0)
(0.62716 -1.20654 0)
(0.732182 -1.2638 0)
(0.866421 -1.28587 0)
(0.781671 -1.03632 0)
(0.238657 -0.248209 0)
(-0.181582 0.14504 0)
(-0.0835627 0.177808 0)
(-0.0639829 0.405603 0)
(0.557672 1.68749 0)
(0.812443 2.66603 0)
(0.0169347 -0.635446 0)
(0.0441916 -0.640257 0)
(0.0784564 -0.649014 0)
(0.105559 -0.665088 0)
(0.140396 -0.682827 0)
(0.167874 -0.709368 0)
(0.202792 -0.740231 0)
(0.230309 -0.778754 0)
(0.266886 -0.827597 0)
(0.29716 -0.885603 0)
(0.338826 -0.96815 0)
(0.376199 -1.08008 0)
(0.44466 -1.19507 0)
(0.524303 -1.29272 0)
(0.648192 -1.36293 0)
(0.697802 -1.18004 0)
(0.0549501 -0.446302 0)
(-0.326373 0.09577 0)
(-0.353532 0.102478 0)
(-0.288637 0.164266 0)
(-0.314456 0.169863 0)
(0.069023 1.25003 0)
(0.572429 2.35514 0)
(0.0150278 -0.664328 0)
(0.0380348 -0.669241 0)
(0.068066 -0.677667 0)
(0.0904181 -0.693619 0)
(0.120161 -0.710813 0)
(0.142639 -0.736767 0)
(0.172939 -0.766976 0)
(0.196128 -0.806901 0)
(0.228813 -0.857463 0)
(0.25253 -0.920426 0)
(0.288115 -1.00244 0)
(0.308309 -1.12451 0)
(0.394416 -1.26897 0)
(0.553653 -1.42439 0)
(0.531547 -1.39852 0)
(0.216713 -0.7175 0)
(-0.434618 0.0147375 0)
(-0.43727 0.151116 0)
(-0.521244 0.121112 0)
(-0.512805 0.127328 0)
(-0.538628 0.0672752 0)
(-0.497767 0.789125 0)
(0.15536 1.90481 0)
(0.0134756 -0.688738 0)
(0.0332795 -0.693542 0)
(0.0601509 -0.701716 0)
(0.0800343 -0.717538 0)
(0.10604 -0.735622 0)
(0.126227 -0.762759 0)
(0.151447 -0.794391 0)
(0.172931 -0.835209 0)
(0.199467 -0.884348 0)
(0.22779 -0.94477 0)
(0.267403 -1.02362 0)
(0.386042 -1.18163 0)
(0.496506 -1.4458 0)
(0.297482 -1.40824 0)
(0.340976 -1.04736 0)
(-0.287879 -0.209471 0)
(-0.479997 0.21224 0)
(-0.548166 0.170472 0)
(-0.603222 0.185563 0)
(-0.690722 0.167406 0)
(-0.763338 0.158733 0)
(-0.940938 0.536027 0)
(-0.51634 1.633 0)
(0.0124894 -0.711576 0)
(0.0304165 -0.716372 0)
(0.0546153 -0.724879 0)
(0.0726682 -0.739835 0)
(0.094578 -0.757268 0)
(0.114171 -0.782117 0)
(0.137969 -0.813682 0)
(0.167714 -0.854713 0)
(0.214638 -0.912698 0)
(0.420198 -0.9934 0)
(0.495686 -1.17453 0)
(0.585234 -1.31611 0)
(0.422455 -1.24148 0)
(0.165532 -1.25812 0)
(0.113223 -0.79355 0)
(-0.492018 0.0942621 0)
(-0.44954 0.29609 0)
(-0.610443 0.264483 0)
(-0.648172 0.278762 0)
(-0.777816 0.283744 0)
(-0.891241 0.326262 0)
(-1.09342 0.545651 0)
(-1.02376 1.30366 0)
(0.0117333 -0.731667 0)
(0.0285066 -0.735646 0)
(0.0532625 -0.744042 0)
(0.0813077 -0.757692 0)
(0.131529 -0.779465 0)
(0.199334 -0.808512 0)
(0.265349 -0.849669 0)
(0.369883 -0.913759 0)
(0.468619 -1.13706 0)
(0.626194 -1.20858 0)
(0.66406 -1.21531 0)
(0.674265 -1.10249 0)
(0.288904 -1.00307 0)
(0.114576 -1.10443 0)
(-0.0439464 -0.373708 0)
(-0.58618 0.332782 0)
(-0.468333 0.344157 0)
(-0.652394 0.354866 0)
(-0.650186 0.360091 0)
(-0.779031 0.400165 0)
(-0.8523 0.476909 0)
(-0.988664 0.660947 0)
(-1.00722 1.11237 0)
(0.018433 -0.752287 0)
(0.0372369 -0.758062 0)
(0.0778668 -0.777961 0)
(0.109088 -0.815985 0)
(0.158982 -0.871472 0)
(0.217502 -0.913999 0)
(0.287409 -0.987002 0)
(0.397267 -1.05497 0)
(0.487425 -1.18197 0)
(0.571601 -1.19769 0)
(0.62276 -1.20411 0)
(0.650341 -0.931677 0)
(0.305223 -0.693514 0)
(0.0741679 -0.930487 0)
(-0.10947 -0.0593912 0)
(-0.530534 0.495891 0)
(-0.458117 0.386479 0)
(-0.625072 0.43558 0)
(-0.61936 0.418937 0)
(-0.71741 0.481928 0)
(-0.747019 0.544091 0)
(-0.79779 0.699667 0)
(-0.779408 0.940499 0)
(0.0112173 -0.787817 0)
(0.0318278 -0.794976 0)
(0.0591484 -0.818942 0)
(0.0825078 -0.84399 0)
(0.109573 -0.889351 0)
(0.121485 -0.937966 0)
(0.170046 -1.02888 0)
(0.193955 -1.11467 0)
(0.302285 -1.30413 0)
(0.352125 -1.34175 0)
(0.544986 -1.30182 0)
(0.504315 -0.785687 0)
(0.389204 -0.419727 0)
(0.0703825 -0.695962 0)
(-0.311944 0.249273 0)
(-0.526452 0.660372 0)
(-0.510399 0.450277 0)
(-0.618826 0.504064 0)
(-0.601143 0.458723 0)
(-0.658724 0.519592 0)
(-0.646009 0.562218 0)
(-0.652242 0.685822 0)
(-0.583175 0.822801 0)
(0.00187174 -0.795316 0)
(0.00367757 -0.804876 0)
(0.00890542 -0.82915 0)
(0.00570952 -0.859297 0)
(0.0173196 -0.913662 0)
(0.0119233 -0.971826 0)
(0.0416556 -1.06481 0)
(0.0314342 -1.18546 0)
(0.123765 -1.3497 0)
(0.0776531 -1.44069 0)
(0.254645 -1.36069 0)
(0.0666207 -0.764926 0)
(0.354185 -0.271248 0)
(-0.156769 -0.22424 0)
(-0.615997 0.547599 0)
(-0.576187 0.690442 0)
(-0.5922 0.489736 0)
(-0.617406 0.521534 0)
(-0.595487 0.467213 0)
(-0.613941 0.523495 0)
(-0.58278 0.543704 0)
(-0.564038 0.634178 0)
(-0.480796 0.714389 0)
(-0.00478265 -0.794139 0)
(-0.0168282 -0.80206 0)
(-0.0228832 -0.823118 0)
(-0.0395357 -0.852625 0)
(-0.046174 -0.897624 0)
(-0.0791771 -0.960832 0)
(-0.0857636 -1.04904 0)
(-0.140687 -1.19365 0)
(-0.142541 -1.35078 0)
(-0.247001 -1.46651 0)
(-0.266535 -1.30009 0)
(-0.504248 -0.872976 0)
(-0.353007 -0.203359 0)
(-0.759688 0.287416 0)
(-0.867297 0.664504 0)
(-0.708793 0.63196 0)
(-0.682471 0.494259 0)
(-0.629827 0.501026 0)
(-0.604799 0.458045 0)
(-0.575693 0.501669 0)
(-0.537078 0.515044 0)
(-0.50039 0.578708 0)
(-0.419648 0.633899 0)
(-0.00794963 -0.773208 0)
(-0.03233 -0.785882 0)
(-0.0479368 -0.806239 0)
(-0.081078 -0.834216 0)
(-0.102604 -0.874438 0)
(-0.155483 -0.930442 0)
(-0.193737 -1.00542 0)
(-0.290541 -1.1263 0)
(-0.391398 -1.24906 0)
(-0.576224 -1.31147 0)
(-0.745093 -1.10992 0)
(-0.998446 -0.660462 0)
(-1.08383 -0.0237429 0)
(-1.11289 0.296564 0)
(-0.991103 0.503785 0)
(-0.802477 0.502443 0)
(-0.727467 0.415605 0)
(-0.638953 0.442123 0)
(-0.603051 0.417021 0)
(-0.551754 0.453477 0)
(-0.506332 0.472129 0)
(-0.462505 0.513776 0)
(-0.388465 0.555103 0)
(-0.00739421 -0.754247 0)
(-0.0392697 -0.761843 0)
(-0.0637447 -0.775417 0)
(-0.107664 -0.796904 0)
(-0.143148 -0.824812 0)
(-0.209225 -0.867577 0)
(-0.271514 -0.915087 0)
(-0.389908 -0.991589 0)
(-0.537716 -1.06614 0)
(-0.768535 -1.1059 0)
(-0.980089 -0.88328 0)
(-1.18262 -0.52679 0)
(-1.20188 -0.0895547 0)
(-1.09078 0.193425 0)
(-0.991231 0.351935 0)
(-0.801585 0.362696 0)
(-0.718235 0.331664 0)
(-0.629751 0.37205 0)
(-0.57899 0.37242 0)
(-0.526231 0.400898 0)
(-0.473313 0.42759 0)
(-0.427224 0.457025 0)
(-0.360357 0.492438 0)
(-0.013957 -0.725974 0)
(-0.0535976 -0.728624 0)
(-0.0844427 -0.737523 0)
(-0.133484 -0.753423 0)
(-0.174775 -0.772707 0)
(-0.245869 -0.800286 0)
(-0.312793 -0.82496 0)
(-0.430136 -0.857945 0)
(-0.561539 -0.871394 0)
(-0.780622 -0.86497 0)
(-0.983999 -0.697614 0)
(-1.11353 -0.435525 0)
(-1.11341 -0.121321 0)
(-1.02578 0.0857296 0)
(-0.910802 0.21253 0)
(-0.763221 0.227673 0)
(-0.681861 0.24503 0)
(-0.614628 0.300744 0)
(-0.556629 0.31587 0)
(-0.506763 0.345471 0)
(-0.453086 0.375352 0)
(-0.406147 0.398638 0)
(-0.346222 0.430383 0)
(-0.0169886 -0.686814 0)
(-0.059781 -0.691003 0)
(-0.0938961 -0.696056 0)
(-0.144218 -0.705623 0)
(-0.18828 -0.713262 0)
(-0.257944 -0.727693 0)
(-0.323753 -0.73127 0)
(-0.427606 -0.739396 0)
(-0.532032 -0.715432 0)
(-0.688431 -0.678892 0)
(-0.828394 -0.550405 0)
(-0.93005 -0.393244 0)
(-0.938546 -0.176992 0)
(-0.873414 -0.0102928 0)
(-0.786855 0.0893927 0)
(-0.680621 0.130583 0)
(-0.630509 0.18424 0)
(-0.572095 0.243468 0)
(-0.520763 0.265909 0)
(-0.472675 0.294355 0)
(-0.422866 0.327989 0)
(-0.37789 0.347634 0)
(-0.324243 0.37898 0)
(-0.0164279 -0.648592 0)
(-0.0599081 -0.650831 0)
(-0.0964558 -0.652716 0)
(-0.147086 -0.657758 0)
(-0.191727 -0.658839 0)
(-0.256132 -0.663257 0)
(-0.316402 -0.655517 0)
(-0.401667 -0.647919 0)
(-0.483565 -0.610948 0)
(-0.5886 -0.566562 0)
(-0.679614 -0.456393 0)
(-0.750937 -0.325773 0)
(-0.772126 -0.18011 0)
(-0.733633 -0.0668397 0)
(-0.678808 0.0180735 0)
(-0.614832 0.0701109 0)
(-0.582457 0.136814 0)
(-0.527999 0.189381 0)
(-0.486305 0.217613 0)
(-0.440977 0.245898 0)
(-0.398877 0.281658 0)
(-0.35596 0.298699 0)
(-0.310412 0.32955 0)
(-0.0170529 -0.6104 0)
(-0.0603958 -0.610559 0)
(-0.0969263 -0.609063 0)
(-0.145577 -0.609477 0)
(-0.188912 -0.604486 0)
(-0.248133 -0.601446 0)
(-0.303278 -0.585774 0)
(-0.376556 -0.569887 0)
(-0.444462 -0.528169 0)
(-0.524002 -0.480063 0)
(-0.589708 -0.38777 0)
(-0.632244 -0.297999 0)
(-0.64333 -0.193816 0)
(-0.624219 -0.103323 0)
(-0.592849 -0.0294727 0)
(-0.553582 0.0335157 0)
(-0.529699 0.0977515 0)
(-0.480785 0.145615 0)
(-0.450456 0.17959 0)
(-0.407043 0.205058 0)
(-0.372708 0.243369 0)
(-0.331425 0.2577 0)
(-0.292925 0.28978 0)
(-0.0179213 -0.570612 0)
(-0.0610897 -0.570199 0)
(-0.0980171 -0.567226 0)
(-0.144399 -0.5648 0)
(-0.185569 -0.556239 0)
(-0.238385 -0.547787 0)
(-0.286499 -0.527306 0)
(-0.346691 -0.505563 0)
(-0.400403 -0.463851 0)
(-0.458961 -0.420248 0)
(-0.503298 -0.348368 0)
(-0.533769 -0.272387 0)
(-0.547416 -0.188936 0)
(-0.540849 -0.117875 0)
(-0.523859 -0.0532991 0)
(-0.501263 0.00643262 0)
(-0.476808 0.0637891 0)
(-0.440971 0.109258 0)
(-0.414311 0.144256 0)
(-0.376534 0.167176 0)
(-0.348385 0.206377 0)
(-0.310341 0.218275 0)
(-0.278594 0.251037 0)
(-0.0170042 -0.53117 0)
(-0.0574928 -0.529996 0)
(-0.0926981 -0.525691 0)
(-0.13583 -0.521112 0)
(-0.17445 -0.510487 0)
(-0.221699 -0.499294 0)
(-0.264284 -0.477396 0)
(-0.314117 -0.454466 0)
(-0.357409 -0.41573 0)
(-0.402508 -0.375674 0)
(-0.438337 -0.312872 0)
(-0.463726 -0.252612 0)
(-0.473596 -0.18654 0)
(-0.473167 -0.12644 0)
(-0.463155 -0.0690178 0)
(-0.44921 -0.0137339 0)
(-0.427893 0.0375193 0)
(-0.402322 0.0823639 0)
(-0.376542 0.115331 0)
(-0.345785 0.138181 0)
(-0.322308 0.177109 0)
(-0.288215 0.187199 0)
(-0.261682 0.220682 0)
(-0.0160294 -0.495718 0)
(-0.0535377 -0.493932 0)
(-0.0863842 -0.488656 0)
(-0.125574 -0.482349 0)
(-0.160551 -0.470316 0)
(-0.202162 -0.457167 0)
(-0.239205 -0.434978 0)
(-0.281404 -0.411657 0)
(-0.317375 -0.375642 0)
(-0.354803 -0.338756 0)
(-0.38298 -0.287326 0)
(-0.403782 -0.237148 0)
(-0.413456 -0.179869 0)
(-0.416748 -0.128544 0)
(-0.41066 -0.0776279 0)
(-0.402318 -0.0291502 0)
(-0.384469 0.016671 0)
(-0.365938 0.057415 0)
(-0.340875 0.0877362 0)
(-0.318106 0.112451 0)
(-0.297058 0.148759 0)
(-0.267882 0.157421 0)
(-0.245593 0.190846 0)
(-0.0152969 -0.461302 0)
(-0.0504827 -0.459163 0)
(-0.0814684 -0.453468 0)
(-0.117403 -0.446277 0)
(-0.149262 -0.433794 0)
(-0.18597 -0.419776 0)
(-0.218282 -0.398079 0)
(-0.253976 -0.375317 0)
(-0.283964 -0.342238 0)
(-0.314233 -0.309118 0)
(-0.336195 -0.263798 0)
(-0.354462 -0.221432 0)
(-0.362911 -0.173477 0)
(-0.367635 -0.128898 0)
(-0.363803 -0.0834225 0)
(-0.358394 -0.0399598 0)
(-0.344097 0.00111508 0)
(-0.329757 0.038385 0)
(-0.308121 0.0674703 0)
(-0.29151 0.093879 0)
(-0.271211 0.126657 0)
(-0.24726 0.135411 0)
(-0.228261 0.167796 0)
(-0.0140131 -0.42963 0)
(-0.0458011 -0.427325 0)
(-0.0740228 -0.421533 0)
(-0.106137 -0.414021 0)
(-0.134658 -0.401652 0)
(-0.166833 -0.38755 0)
(-0.194862 -0.366965 0)
(-0.225336 -0.34542 0)
(-0.250471 -0.315454 0)
(-0.276178 -0.286163 0)
(-0.295046 -0.247215 0)
(-0.311232 -0.210332 0)
(-0.319368 -0.166888 0)
(-0.32485 -0.127707 0)
(-0.322497 -0.0870791 0)
(-0.319486 -0.0490177 0)
(-0.308008 -0.0121355 0)
(-0.297231 0.0211595 0)
(-0.2791 0.0494283 0)
(-0.266466 0.0752848 0)
(-0.247062 0.104363 0)
(-0.227562 0.114425 0)
(-0.211459 0.145002 0)
(-0.0127781 -0.401213 0)
(-0.041678 -0.398764 0)
(-0.0672807 -0.392943 0)
(-0.0962285 -0.385149 0)
(-0.121776 -0.372984 0)
(-0.15033 -0.358984 0)
(-0.174792 -0.339507 0)
(-0.201366 -0.319075 0)
(-0.222781 -0.291331 0)
(-0.24483 -0.263939 0)
(-0.260148 -0.228679 0)
(-0.274251 -0.196682 0)
(-0.281241 -0.159812 0)
(-0.286744 -0.125549 0)
(-0.285519 -0.0887933 0)
(-0.283662 -0.0544455 0)
(-0.274625 -0.0212053 0)
(-0.266488 0.00927117 0)
(-0.251614 0.0366136 0)
(-0.241534 0.0615591 0)
(-0.223922 0.0874868 0)
(-0.208651 0.0996497 0)
(-0.194121 0.127963 0)
(-0.0116271 -0.374891 0)
(-0.0375738 -0.372452 0)
(-0.0606889 -0.366779 0)
(-0.0863591 -0.359096 0)
(-0.108947 -0.347429 0)
(-0.13379 -0.334073 0)
(-0.154859 -0.315881 0)
(-0.177657 -0.297009 0)
(-0.195746 -0.272009 0)
(-0.214544 -0.248504 0)
(-0.227811 -0.217842 0)
(-0.240368 -0.189089 0)
(-0.247121 -0.154483 0)
(-0.25269 -0.123394 0)
(-0.252267 -0.0902724 0)
(-0.251447 -0.0599639 0)
(-0.244359 -0.02942 0)
(-0.238453 -0.00197711 0)
(-0.226247 0.0244035 0)
(-0.218006 0.047473 0)
(-0.2026 0.0713317 0)
(-0.190817 0.0846562 0)
(-0.177302 0.110509 0)
(-0.0102931 -0.351806 0)
(-0.0333243 -0.349419 0)
(-0.0537638 -0.344007 0)
(-0.0765075 -0.336542 0)
(-0.0963582 -0.325454 0)
(-0.118293 -0.31267 0)
(-0.13664 -0.295578 0)
(-0.1567 -0.27777 0)
(-0.172295 -0.25439 0)
(-0.188827 -0.231494 0)
(-0.200193 -0.202827 0)
(-0.211296 -0.17711 0)
(-0.217061 -0.147486 0)
(-0.222145 -0.120264 0)
(-0.222198 -0.0900746 0)
(-0.222092 -0.0623486 0)
(-0.216667 -0.0342846 0)
(-0.212249 -0.00895495 0)
(-0.202319 0.0160352 0)
(-0.195431 0.0377419 0)
(-0.182373 0.0600441 0)
(-0.173086 0.0742532 0)
(-0.160768 0.0975401 0)
(-0.00915277 -0.331018 0)
(-0.0294972 -0.328664 0)
(-0.0475998 -0.323401 0)
(-0.0675737 -0.31615 0)
(-0.084943 -0.305518 0)
(-0.103982 -0.29343 0)
(-0.11976 -0.277409 0)
(-0.136958 -0.261025 0)
(-0.150245 -0.239871 0)
(-0.164282 -0.220352 0)
(-0.173986 -0.195371 0)
(-0.183635 -0.172046 0)
(-0.18907 -0.143657 0)
(-0.194095 -0.118173 0)
(-0.194697 -0.0903719 0)
(-0.195112 -0.065476 0)
(-0.19092 -0.0393211 0)
(-0.187757 -0.016352 0)
(-0.179743 0.00752299 0)
(-0.174177 0.0275055 0)
(-0.163202 0.0488698 0)
(-0.155805 0.0631232 0)
(-0.144683 0.08454 0)
(-0.00792424 -0.313013 0)
(-0.0256144 -0.310777 0)
(-0.0412476 -0.305826 0)
(-0.0585955 -0.298961 0)
(-0.0735173 -0.288977 0)
(-0.0900622 -0.277583 0)
(-0.103611 -0.262555 0)
(-0.118617 -0.247008 0)
(-0.130016 -0.227031 0)
(-0.142396 -0.207515 0)
(-0.150978 -0.183478 0)
(-0.159699 -0.161873 0)
(-0.16448 -0.137056 0)
(-0.168935 -0.114558 0)
(-0.169648 -0.0891168 0)
(-0.170446 -0.066129 0)
(-0.167314 -0.0417384 0)
(-0.165071 -0.0202025 0)
(-0.158649 0.00230513 0)
(-0.154119 0.0210968 0)
(-0.145122 0.0414369 0)
(-0.139025 0.0556698 0)
(-0.129397 0.0754488 0)
(-0.00682824 -0.297257 0)
(-0.0220449 -0.295073 0)
(-0.0355204 -0.290243 0)
(-0.0504416 -0.28359 0)
(-0.0632746 -0.273926 0)
(-0.0774522 -0.263045 0)
(-0.0890336 -0.248779 0)
(-0.10176 -0.234356 0)
(-0.111493 -0.216057 0)
(-0.121925 -0.199165 0)
(-0.129114 -0.178033 0)
(-0.136468 -0.158362 0)
(-0.140765 -0.134401 0)
(-0.145041 -0.11289 0)
(-0.146141 -0.0888664 0)
(-0.147251 -0.0677416 0)
(-0.144998 -0.0447183 0)
(-0.143502 -0.024977 0)
(-0.138366 -0.00347227 0)
(-0.134904 0.0140235 0)
(-0.127526 0.0336888 0)
(-0.122646 0.0474991 0)
(-0.114382 0.0662226 0)
(-0.00568026 -0.284056 0)
(-0.0184589 -0.281967 0)
(-0.0296918 -0.277374 0)
(-0.0422707 -0.271062 0)
(-0.0529992 -0.261933 0)
(-0.0650063 -0.251657 0)
(-0.0747204 -0.238229 0)
(-0.0855966 -0.224376 0)
(-0.0938015 -0.206858 0)
(-0.102839 -0.189754 0)
(-0.109205 -0.168966 0)
(-0.115894 -0.150147 0)
(-0.119801 -0.128539 0)
(-0.123612 -0.109148 0)
(-0.12471 -0.0869824 0)
(-0.125963 -0.0672866 0)
(-0.124392 -0.0455946 0)
(-0.123468 -0.0268874 0)
(-0.119529 -0.00644332 0)
(-0.116848 0.0101861 0)
(-0.110987 0.0289636 0)
(-0.107026 0.042478 0)
(-0.100213 0.0601167 0)
(-0.00463249 -0.272924 0)
(-0.0150853 -0.270837 0)
(-0.0243106 -0.266269 0)
(-0.0346755 -0.260042 0)
(-0.043575 -0.251066 0)
(-0.053515 -0.241084 0)
(-0.0616574 -0.228104 0)
(-0.0706744 -0.215054 0)
(-0.0776115 -0.19876 0)
(-0.0850911 -0.183561 0)
(-0.0903308 -0.164919 0)
(-0.0957817 -0.147584 0)
(-0.0991274 -0.126632 0)
(-0.102616 -0.107846 0)
(-0.103951 -0.0864871 0)
(-0.105393 -0.0679602 0)
(-0.104507 -0.0472046 0)
(-0.104124 -0.0297591 0)
(-0.101185 -0.0101072 0)
(-0.0993047 0.0055664 0)
(-0.0947085 0.023817 0)
(-0.0916812 0.0368448 0)
(-0.0861164 0.0538532 0)
(-0.00351514 -0.264319 0)
(-0.0116265 -0.262244 0)
(-0.0186928 -0.25778 0)
(-0.0268299 -0.251733 0)
(-0.0337355 -0.243102 0)
(-0.0416601 -0.233493 0)
(-0.0481115 -0.221083 0)
(-0.0554949 -0.208335 0)
(-0.0612017 -0.192464 0)
(-0.0675658 -0.176973 0)
(-0.0722392 -0.15833 0)
(-0.0772567 -0.141334 0)
(-0.0804359 -0.121781 0)
(-0.0836357 -0.104331 0)
(-0.0849986 -0.0842912 0)
(-0.086502 -0.0667609 0)
(-0.0860945 -0.0469722 0)
(-0.0860972 -0.0302615 0)
(-0.0840431 -0.0114032 0)
(-0.0827654 0.00364827 0)
(-0.0793316 0.0211533 0)
(-0.0770552 0.0338376 0)
(-0.0727625 0.05007 0)
(-0.00252244 -0.257612 0)
(-0.00841354 -0.255468 0)
(-0.0134818 -0.250918 0)
(-0.0193772 -0.244798 0)
(-0.0243619 -0.236115 0)
(-0.0301808 -0.226508 0)
(-0.035039 -0.214175 0)
(-0.0407093 -0.201774 0)
(-0.045307 -0.186611 0)
(-0.0505109 -0.172338 0)
(-0.0544175 -0.155144 0)
(-0.0585301 -0.139209 0)
(-0.0613826 -0.120173 0)
(-0.0643316 -0.103139 0)
(-0.0659463 -0.0835615 0)
(-0.0676304 -0.066746 0)
(-0.0678337 -0.047569 0)
(-0.0683093 -0.0317057 0)
(-0.0671408 -0.0134196 0)
(-0.0665585 0.000961669 0)
(-0.0641903 0.0180986 0)
(-0.0627007 0.030402 0)
(-0.0594772 0.0462366 0)
(-0.00155176 -0.253431 0)
(-0.00535965 -0.251317 0)
(-0.00842663 -0.246871 0)
(-0.0121934 -0.240868 0)
(-0.0152202 -0.232353 0)
(-0.0190248 -0.222814 0)
(-0.0221031 -0.210606 0)
(-0.0259715 -0.198056 0)
(-0.029138 -0.182716 0)
(-0.0330455 -0.167868 0)
(-0.0363353 -0.150386 0)
(-0.0401667 -0.134401 0)
(-0.0431447 -0.116067 0)
(-0.0462458 -0.0998085 0)
(-0.0482303 -0.0810827 0)
(-0.0502171 -0.0649254 0)
(-0.0509493 -0.0463955 0)
(-0.0517663 -0.0310159 0)
(-0.0512556 -0.0132769 0)
(-0.0510796 0.000632176 0)
(-0.0496567 0.0171424 0)
(-0.0488083 0.0290661 0)
(-0.0467082 0.0443035 0)
(-0.000873682 -0.250544 0)
(-0.00304957 -0.248427 0)
(-0.00466302 -0.243947 0)
(-0.00677136 -0.237837 0)
(-0.00841484 -0.229169 0)
(-0.0105898 -0.219461 0)
(-0.0123373 -0.207131 0)
(-0.0146013 -0.194578 0)
(-0.0164653 -0.179444 0)
(-0.0187564 -0.164971 0)
(-0.0206731 -0.147915 0)
(-0.0229444 -0.132226 0)
(-0.0249328 -0.113986 0)
(-0.0272745 -0.0979015 0)
(-0.0292431 -0.0794991 0)
(-0.0313964 -0.0638965 0)
(-0.0329181 -0.0459466 0)
(-0.0345212 -0.0312829 0)
(-0.0351949 -0.0140528 0)
(-0.0359634 -0.000523474 0)
(-0.035531 0.0158613 0)
(-0.0353891 0.027576 0)
(-0.0341967 0.0425921 0)
(-0.000376984 -0.249623 0)
(-0.00154158 -0.247632 0)
(-0.00239996 -0.24326 0)
(-0.0036724 -0.237206 0)
(-0.00459958 -0.228637 0)
(-0.0058436 -0.218964 0)
(-0.00670207 -0.206687 0)
(-0.00780526 -0.193992 0)
(-0.00857463 -0.178652 0)
(-0.00959649 -0.16373 0)
(-0.0104294 -0.146296 0)
(-0.0115249 -0.13022 0)
(-0.0124904 -0.111832 0)
(-0.0136688 -0.0955706 0)
(-0.0147462 -0.0770474 0)
(-0.0160714 -0.0613185 0)
(-0.0172438 -0.0433557 0)
(-0.0186471 -0.0288061 0)
(-0.0197153 -0.0119271 0)
(-0.0209081 0.000899746 0)
(-0.0214126 0.0164569 0)
(-0.0219609 0.0276641 0)
(-0.0218542 0.0421573 0)
(-0.000231701 -0.248457 0)
(-0.000913564 -0.246235 0)
(-0.00160168 -0.241664 0)
(-0.00248038 -0.235473 0)
(-0.00329914 -0.226863 0)
(-0.00421587 -0.217203 0)
(-0.00501757 -0.205052 0)
(-0.00580449 -0.192558 0)
(-0.00640512 -0.177543 0)
(-0.00686761 -0.162969 0)
(-0.00712724 -0.145874 0)
(-0.0072527 -0.130018 0)
(-0.00729994 -0.111731 0)
(-0.0073242 -0.0955093 0)
(-0.00733662 -0.0769928 0)
(-0.0073526 -0.0612745 0)
(-0.00736088 -0.0432779 0)
(-0.00741077 -0.0286969 0)
(-0.00745988 -0.0117123 0)
(-0.00761941 0.00128202 0)
(-0.00785015 0.0169825 0)
(-0.00816815 0.0281244 0)
(-0.00834442 0.0424747 0)
(1.27098 2.15256 0)
(-0.539252 2.16148 0)
(-1.24071 1.12822 0)
(-2.09454 -0.19061 0)
(1.68795 2.20994 0)
(1.5726 2.39089 0)
(1.52109 2.44265 0)
(1.07469 2.35604 0)
(1.57418 2.37887 0)
(1.45473 2.4934 0)
(1.4381 2.56578 0)
(1.36409 2.57094 0)
(1.40694 2.55416 0)
(1.2789 2.65419 0)
(1.23213 2.70596 0)
(1.13263 2.71482 0)
(1.20495 2.77477 0)
(1.10365 2.85605 0)
(1.03654 2.91917 0)
(0.945502 2.94601 0)
(1.06643 2.91676 0)
(1.00511 3.00778 0)
(0.968964 3.05407 0)
(0.918911 3.05895 0)
(0.977651 2.9697 0)
(0.953844 3.06383 0)
(0.949254 3.10921 0)
(0.929767 3.12789 0)
(0.921048 2.96127 0)
(0.925293 3.06156 0)
(0.936961 3.10908 0)
(0.928751 3.14349 0)
(0.766533 2.82565 0)
(0.860396 3.03194 0)
(0.909177 3.10129 0)
(0.909857 3.14062 0)
(0.210391 2.51742 0)
(0.38594 2.75917 0)
(0.462247 2.96717 0)
(0.660135 3.11008 0)
(-0.38086 2.36647 0)
(-0.193317 2.48734 0)
(-0.0232539 2.56778 0)
(0.212228 2.64721 0)
(-0.695452 1.92003 0)
(-0.461209 2.01125 0)
(-0.233107 2.07499 0)
(0.00892078 2.04428 0)
(-0.722999 1.41773 0)
(-0.517779 1.50538 0)
(-0.310747 1.56146 0)
(-0.100737 1.52029 0)
(-0.576265 1.07893 0)
(-0.460255 1.14994 0)
(-0.299887 1.17187 0)
(-0.172871 1.16054 0)
(-0.465342 0.883749 0)
(-0.386488 0.929104 0)
(-0.280449 0.938379 0)
(-0.203205 0.939121 0)
(-0.400936 0.740667 0)
(-0.342579 0.766934 0)
(-0.270563 0.771093 0)
(-0.215642 0.767445 0)
(-0.360055 0.642876 0)
(-0.313281 0.659586 0)
(-0.262229 0.659844 0)
(-0.217325 0.653455 0)
(-0.337856 0.553988 0)
(-0.299827 0.565223 0)
(-0.259369 0.560804 0)
(-0.223142 0.553861 0)
(-0.316696 0.487813 0)
(-0.284545 0.497009 0)
(-0.252111 0.491428 0)
(-0.222086 0.487701 0)
(-0.306523 0.422961 0)
(-0.279017 0.431424 0)
(-0.251232 0.424888 0)
(-0.226253 0.424656 0)
(-0.289106 0.372435 0)
(-0.265685 0.381349 0)
(-0.242324 0.376439 0)
(-0.221542 0.379441 0)
(-0.278414 0.324087 0)
(-0.258895 0.333442 0)
(-0.238287 0.329897 0)
(-0.220735 0.335188 0)
(-0.263505 0.286279 0)
(-0.247009 0.296403 0)
(-0.228694 0.294258 0)
(-0.213438 0.30096 0)
(-0.251473 0.24891 0)
(-0.23771 0.25963 0)
(-0.221038 0.258579 0)
(-0.207965 0.266417 0)
(-0.237149 0.220046 0)
(-0.225493 0.231196 0)
(-0.210575 0.231043 0)
(-0.199165 0.239505 0)
(-0.223501 0.191267 0)
(-0.213614 0.202668 0)
(-0.200172 0.203278 0)
(-0.190331 0.21217 0)
(-0.208773 0.169348 0)
(-0.200263 0.180747 0)
(-0.188359 0.182066 0)
(-0.179753 0.191149 0)
(-0.194379 0.147331 0)
(-0.187093 0.158605 0)
(-0.176553 0.160543 0)
(-0.169105 0.169673 0)
(-0.179652 0.131077 0)
(-0.173291 0.141978 0)
(-0.164142 0.144469 0)
(-0.157625 0.153427 0)
(-0.165177 0.114741 0)
(-0.159624 0.12501 0)
(-0.151722 0.128075 0)
(-0.146044 0.13674 0)
(-0.15089 0.10316 0)
(-0.145835 0.112622 0)
(-0.139293 0.116179 0)
(-0.134129 0.124354 0)
(-0.136876 0.0910708 0)
(-0.132059 0.0998703 0)
(-0.126896 0.103886 0)
(-0.121945 0.111526 0)
(-0.123123 0.0826011 0)
(-0.118742 0.0908013 0)
(-0.114638 0.0951183 0)
(-0.110045 0.102312 0)
(-0.1094 0.0736628 0)
(-0.105491 0.0814612 0)
(-0.102271 0.0859639 0)
(-0.0981172 0.0928808 0)
(-0.096201 0.0677409 0)
(-0.0928644 0.0751574 0)
(-0.0903077 0.0797628 0)
(-0.0866916 0.0864308 0)
(-0.0829969 0.0614802 0)
(-0.0801846 0.0686688 0)
(-0.0782072 0.0732908 0)
(-0.0751101 0.0798503 0)
(-0.07035 0.0576683 0)
(-0.0681083 0.064592 0)
(-0.0665909 0.0691829 0)
(-0.064061 0.0755957 0)
(-0.0577445 0.0537297 0)
(-0.055993 0.0605151 0)
(-0.0548905 0.0650308 0)
(-0.0528728 0.0713995 0)
(-0.045565 0.0516567 0)
(-0.04435 0.0582427 0)
(-0.0436193 0.0626523 0)
(-0.0421507 0.0689123 0)
(-0.0335912 0.0498123 0)
(-0.0328086 0.056312 0)
(-0.0323917 0.0605994 0)
(-0.0313951 0.0668199 0)
(-0.0218078 0.0491642 0)
(-0.0215445 0.0555126 0)
(-0.0214685 0.0596583 0)
(-0.0210067 0.0657845 0)
(-0.00848969 0.0493264 0)
(-0.00849833 0.0556047 0)
(-0.00857136 0.0595974 0)
(-0.00850058 0.0656403 0)
(-2.26196 0.195251 0)
(-0.943234 0.0538792 0)
(-0.776239 -0.191056 0)
(-0.399427 -0.24268 0)
(-0.338922 -0.203904 0)
(-0.197165 -0.188404 0)
(-0.154115 -0.158048 0)
(-0.102492 -0.131939 0)
(-0.0622057 -0.110029 0)
(-0.0531023 -0.0835935 0)
(-0.017425 -0.0699601 0)
(-0.0272695 -0.0488942 0)
(0.00311508 -0.0411829 0)
(-0.0149592 -0.0263118 0)
(0.0112249 -0.022341 0)
(-0.0104651 -0.012946 0)
(0.012934 -0.0112198 0)
(-0.010234 -0.0066221 0)
(0.0117764 -0.00620321 0)
(-0.768713 0.0480449 0)
(-0.152098 -0.630876 0)
(-0.407846 -0.284619 0)
(-0.225734 -0.395913 0)
(-0.16632 -0.277832 0)
(-0.105227 -0.242604 0)
(-0.0618047 -0.181556 0)
(-0.0376177 -0.150988 0)
(-0.0125185 -0.112241 0)
(-0.00706601 -0.0868136 0)
(0.0105387 -0.063273 0)
(0.00400065 -0.0451787 0)
(0.0195809 -0.0316609 0)
(0.0052818 -0.0195246 0)
(0.0205532 -0.0122533 0)
(0.00160573 -0.00476103 0)
(0.0169727 -0.00137379 0)
(-0.00440688 0.00228114 0)
(0.0110674 0.00320171 0)
(1.03089 1.78911 0)
(-0.554492 -0.125739 0)
(-0.329469 -0.230012 0)
(-0.331381 -0.435846 0)
(-0.200271 -0.334019 0)
(-0.119523 -0.281805 0)
(-0.0673499 -0.223887 0)
(-0.0369456 -0.177078 0)
(-0.00647376 -0.13998 0)
(-0.00754629 -0.104135 0)
(0.0174297 -0.0818439 0)
(0.00209832 -0.0564274 0)
(0.0243859 -0.0438628 0)
(0.00305258 -0.0266613 0)
(0.0233808 -0.0201783 0)
(-0.000281455 -0.00945612 0)
(0.0187203 -0.00658926 0)
(-0.00590619 -0.00136542 0)
(0.0124494 -0.000624486 0)
(0.981794 2.25944 0)
(-0.254746 0.443639 0)
(-0.178691 -0.387288 0)
(-0.168905 -0.528984 0)
(-0.0503437 -0.459877 0)
(-0.00936487 -0.355173 0)
(0.0324807 -0.260484 0)
(0.0391476 -0.198583 0)
(0.0538204 -0.142806 0)
(0.0470322 -0.104014 0)
(0.0537947 -0.0741589 0)
(0.0401368 -0.049205 0)
(0.0461988 -0.0334776 0)
(0.0281767 -0.0174468 0)
(0.0357571 -0.00957539 0)
(0.0147661 0.000113122 0)
(0.024032 0.00369172 0)
(0.0013146 0.00834217 0)
(0.011634 0.00930717 0)
(0.85155 2.91224 0)
(-0.0151014 1.03122 0)
(-0.199953 -0.382785 0)
(-0.0471857 -0.538853 0)
(0.00756653 -0.491386 0)
(0.0594561 -0.358524 0)
(0.0716724 -0.269322 0)
(0.0674599 -0.19841 0)
(0.0739614 -0.148007 0)
(0.0555666 -0.104726 0)
(0.0637504 -0.076868 0)
(0.0403373 -0.0494372 0)
(0.0510018 -0.0343673 0)
(0.0256225 -0.0169528 0)
(0.0381183 -0.00920554 0)
(0.0121311 0.00126716 0)
(0.0255121 0.00470674 0)
(-0.000604692 0.00967935 0)
(0.0131257 0.0105651 0)
(0.88209 3.1218 0)
(0.546124 1.47157 0)
(0.226868 -0.375958 0)
(0.234632 -0.696641 0)
(0.220283 -0.566572 0)
(0.199259 -0.401395 0)
(0.184914 -0.27447 0)
(0.157384 -0.193609 0)
(0.140193 -0.135787 0)
(0.115514 -0.090893 0)
(0.103714 -0.0620912 0)
(0.0801369 -0.0356446 0)
(0.0749668 -0.0208032 0)
(0.0516234 -0.00468438 0)
(0.0516206 0.00248728 0)
(0.0277678 0.0122014 0)
(0.0314045 0.0153108 0)
(0.00687068 0.0199988 0)
(0.0123943 0.0209059 0)
(0.907741 3.18383 0)
(0.897641 1.70477 0)
(0.568733 -0.145462 0)
(0.48921 -0.525309 0)
(0.362428 -0.46397 0)
(0.289589 -0.328282 0)
(0.234494 -0.230989 0)
(0.184607 -0.15994 0)
(0.159589 -0.110489 0)
(0.120266 -0.0725101 0)
(0.111394 -0.0459711 0)
(0.0781505 -0.0235084 0)
(0.0779728 -0.00988781 0)
(0.0481224 0.00429453 0)
(0.0528917 0.0111701 0)
(0.0246092 0.0195794 0)
(0.0322929 0.0226756 0)
(0.0046297 0.0266339 0)
(0.0137292 0.0274005 0)
(0.935589 3.14482 0)
(1.16614 1.81586 0)
(1.01999 -0.023491 0)
(0.789859 -0.496447 0)
(0.604832 -0.395426 0)
(0.450601 -0.276812 0)
(0.354119 -0.184359 0)
(0.275953 -0.120657 0)
(0.222982 -0.0799417 0)
(0.17658 -0.0443177 0)
(0.147156 -0.0249318 0)
(0.113982 -0.00371926 0)
(0.0988761 0.00610351 0)
(0.0705949 0.0190382 0)
(0.0645962 0.0237947 0)
(0.0380717 0.0315444 0)
(0.0373938 0.0335799 0)
(0.0112794 0.0373054 0)
(0.0131014 0.0378586 0)
(0.92829 2.96741 0)
(1.3467 1.64576 0)
(1.3677 0.196532 0)
(0.95314 -0.151168 0)
(0.695592 -0.152821 0)
(0.491936 -0.105195 0)
(0.376999 -0.0714061 0)
(0.280513 -0.0433396 0)
(0.228924 -0.0211722 0)
(0.171548 -0.00461538 0)
(0.148666 0.00930878 0)
(0.107536 0.0201011 0)
(0.0989069 0.0279021 0)
(0.0653079 0.0353915 0)
(0.0643132 0.0393108 0)
(0.0341787 0.044156 0)
(0.0374895 0.0459262 0)
(0.00879384 0.0483088 0)
(0.0141537 0.0488113 0)
(0.755398 2.74979 0)
(1.34059 1.39833 0)
(1.24859 0.344021 0)
(0.927682 0.102388 0)
(0.692412 0.0220203 0)
(0.522637 0.0134402 0)
(0.406902 0.00568515 0)
(0.318121 0.0161072 0)
(0.256061 0.0179185 0)
(0.202217 0.0303466 0)
(0.167751 0.0327779 0)
(0.129848 0.0426655 0)
(0.111379 0.044352 0)
(0.0804777 0.0512956 0)
(0.0717911 0.0521184 0)
(0.0437343 0.0565387 0)
(0.0407577 0.0568014 0)
(0.0137431 0.0589759 0)
(0.0134023 0.0590119 0)
(0.665042 2.2798 0)
(1.1441 1.19965 0)
(1.02403 0.575663 0)
(0.793671 0.345097 0)
(0.626089 0.216513 0)
(0.479108 0.150124 0)
(0.385224 0.113668 0)
(0.296345 0.0918826 0)
(0.246184 0.0823711 0)
(0.187677 0.0749654 0)
(0.162316 0.0731067 0)
(0.119387 0.0711692 0)
(0.10795 0.0709871 0)
(0.073158 0.0713105 0)
(0.0696672 0.0712311 0)
(0.0389729 0.07217 0)
(0.0399517 0.0720563 0)
(0.0110986 0.0727219 0)
(0.014189 0.072702 0)
(0.50092 1.74511 0)
(0.796962 1.07768 0)
(0.73577 0.668922 0)
(0.626636 0.459867 0)
(0.52439 0.307975 0)
(0.425646 0.232289 0)
(0.353784 0.171054 0)
(0.284867 0.143578 0)
(0.239225 0.116246 0)
(0.190854 0.107683 0)
(0.163081 0.0946675 0)
(0.126428 0.0929849 0)
(0.110535 0.0863288 0)
(0.0798602 0.0868226 0)
(0.0718604 0.083243 0)
(0.0439537 0.0841447 0)
(0.0408077 0.0822929 0)
(0.0140423 0.0828533 0)
(0.0132414 0.0822961 0)
(0.256962 1.37418 0)
(0.475924 0.98769 0)
(0.49757 0.729393 0)
(0.461476 0.535047 0)
(0.416495 0.397822 0)
(0.348913 0.303674 0)
(0.305742 0.23963 0)
(0.246281 0.195374 0)
(0.216377 0.165604 0)
(0.168741 0.144032 0)
(0.151102 0.129613 0)
(0.112471 0.118961 0)
(0.103758 0.111557 0)
(0.0708907 0.10645 0)
(0.0680473 0.102443 0)
(0.0385037 0.100202 0)
(0.0392223 0.0981524 0)
(0.0112959 0.0973264 0)
(0.013738 0.096736 0)
(0.0826956 1.08795 0)
(0.248214 0.864362 0)
(0.321358 0.683106 0)
(0.329975 0.534625 0)
(0.321485 0.410138 0)
(0.283231 0.333992 0)
(0.258427 0.26396 0)
(0.215649 0.225816 0)
(0.193608 0.186473 0)
(0.156102 0.167904 0)
(0.140523 0.145674 0)
(0.108435 0.136773 0)
(0.0989871 0.124077 0)
(0.070526 0.119928 0)
(0.0658524 0.112723 0)
(0.0394105 0.110892 0)
(0.0379457 0.107169 0)
(0.0124575 0.106448 0)
(0.0126147 0.105333 0)
(-0.0133768 0.894361 0)
(0.106182 0.774704 0)
(0.192094 0.65259 0)
(0.218773 0.535899 0)
(0.233563 0.437905 0)
(0.212639 0.361203 0)
(0.207188 0.298705 0)
(0.173592 0.254511 0)
(0.164933 0.21757 0)
(0.130599 0.192512 0)
(0.124227 0.171076 0)
(0.0925313 0.15688 0)
(0.0895378 0.14445 0)
(0.0605991 0.136587 0)
(0.0605474 0.129456 0)
(0.0335764 0.125383 0)
(0.0355886 0.121665 0)
(0.00970464 0.119924 0)
(0.0127791 0.11882 0)
(-0.075468 0.7341 0)
(0.00828597 0.682408 0)
(0.104905 0.579771 0)
(0.135612 0.499448 0)
(0.166997 0.415229 0)
(0.159659 0.359623 0)
(0.164496 0.299111 0)
(0.141865 0.265348 0)
(0.139213 0.225334 0)
(0.112844 0.205733 0)
(0.10924 0.180147 0)
(0.0832168 0.168969 0)
(0.0809553 0.153056 0)
(0.0561262 0.146845 0)
(0.0556819 0.137324 0)
(0.0318486 0.13406 0)
(0.0329239 0.129004 0)
(0.00962717 0.127566 0)
(0.0115669 0.126028 0)
(-0.118543 0.636283 0)
(-0.0515502 0.614397 0)
(0.0410926 0.534031 0)
(0.0665 0.481332 0)
(0.106004 0.413545 0)
(0.105439 0.364369 0)
(0.121124 0.312685 0)
(0.104661 0.278033 0)
(0.110906 0.242099 0)
(0.0882673 0.220091 0)
(0.0914654 0.196462 0)
(0.0672605 0.182757 0)
(0.0700646 0.167786 0)
(0.0460481 0.159554 0)
(0.0494018 0.150465 0)
(0.0259657 0.145879 0)
(0.0299974 0.14102 0)
(0.00699131 0.138941 0)
(0.0114329 0.137465 0)
(-0.149247 0.545359 0)
(-0.0893318 0.54097 0)
(-0.00572253 0.471459 0)
(0.0171384 0.44287 0)
(0.0654654 0.379334 0)
(0.0671708 0.347628 0)
(0.0894141 0.299526 0)
(0.0784153 0.275804 0)
(0.0885333 0.240067 0)
(0.071157 0.224203 0)
(0.076559 0.199165 0)
(0.0567121 0.189022 0)
(0.0604934 0.172329 0)
(0.0399844 0.166123 0)
(0.0435071 0.155634 0)
(0.022955 0.152121 0)
(0.0267045 0.146385 0)
(0.00622407 0.14478 0)
(0.0102132 0.143008 0)
(-0.167452 0.485363 0)
(-0.111345 0.486435 0)
(-0.0436048 0.435079 0)
(-0.0205755 0.418261 0)
(0.026179 0.366045 0)
(0.0288821 0.343514 0)
(0.0561279 0.300665 0)
(0.0483313 0.279364 0)
(0.0642369 0.247208 0)
(0.0496995 0.23126 0)
(0.0598767 0.208366 0)
(0.042056 0.197465 0)
(0.0496267 0.181966 0)
(0.0304741 0.174944 0)
(0.0369809 0.165088 0)
(0.0173973 0.160949 0)
(0.023539 0.155533 0)
(0.00384474 0.15357 0)
(0.00986922 0.151875 0)
(-0.180946 0.423977 0)
(-0.12923 0.430773 0)
(-0.0721915 0.388352 0)
(-0.0456056 0.381359 0)
(-0.00176557 0.334027 0)
(0.00477146 0.3219 0)
(0.0343063 0.281691 0)
(0.0290102 0.269529 0)
(0.0471687 0.238751 0)
(0.0356533 0.228927 0)
(0.0473227 0.206107 0)
(0.0324821 0.198895 0)
(0.0408574 0.182899 0)
(0.0244375 0.178062 0)
(0.0312174 0.167608 0)
(0.0141054 0.164709 0)
(0.0202014 0.158848 0)
(0.00282945 0.157503 0)
(0.00872296 0.155689 0)
(-0.184444 0.379393 0)
(-0.137755 0.389011 0)
(-0.0908991 0.35772 0)
(-0.0641407 0.355352 0)
(-0.0262933 0.318891 0)
(-0.0182074 0.311397 0)
(0.0103826 0.277329 0)
(0.00718142 0.268018 0)
(0.0275377 0.240042 0)
(0.0182926 0.231273 0)
(0.0328883 0.210305 0)
(0.0199495 0.203351 0)
(0.0309333 0.188485 0)
(0.0160466 0.183594 0)
(0.0249809 0.17381 0)
(0.00913506 0.170738 0)
(0.0170064 0.165225 0)
(0.000720977 0.163672 0)
(0.00814236 0.16193 0)
(-0.187767 0.334218 0)
(-0.147035 0.347119 0)
(-0.105292 0.321312 0)
(-0.0788055 0.323899 0)
(-0.0443715 0.292166 0)
(-0.0327103 0.289659 0)
(-0.00545574 0.258623 0)
(-0.00514692 0.254818 0)
(0.0151968 0.228733 0)
(0.0082979 0.224718 0)
(0.0231907 0.204708 0)
(0.0125305 0.201159 0)
(0.023747 0.186568 0)
(0.0110342 0.183855 0)
(0.0200522 0.174029 0)
(0.00628623 0.172272 0)
(0.0141224 0.166662 0)
(-0.000120098 0.165821 0)
(0.00716515 0.163954 0)
(-0.184483 0.299892 0)
(-0.148704 0.314711 0)
(-0.11234 0.29506 0)
(-0.0877662 0.300582 0)
(-0.0574619 0.276217 0)
(-0.0454222 0.276404 0)
(-0.0208878 0.251458 0)
(-0.0191581 0.249389 0)
(0.000695728 0.227043 0)
(-0.00429316 0.223994 0)
(0.0114243 0.205776 0)
(0.00263553 0.202738 0)
(0.0151397 0.189257 0)
(0.00409678 0.18677 0)
(0.0144068 0.177619 0)
(0.0020921 0.17588 0)
(0.0110797 0.17061 0)
(-0.00181435 0.169687 0)
(0.0065498 0.167959 0)
(-0.1817 0.265147 0)
(-0.151156 0.282243 0)
(-0.117819 0.266138 0)
(-0.0956458 0.274735 0)
(-0.0673452 0.253813 0)
(-0.054604 0.257099 0)
(-0.0313227 0.234915 0)
(-0.0271879 0.235808 0)
(-0.00823988 0.215435 0)
(-0.010626 0.215467 0)
(0.00447947 0.198634 0)
(-0.00231245 0.198173 0)
(0.00981217 0.185451 0)
(0.000590534 0.184835 0)
(0.0106108 0.176049 0)
(7.21443e-05 0.175559 0)
(0.00880584 0.170408 0)
(-0.00238219 0.170168 0)
(0.00570636 0.168463 0)
(-0.175814 0.238669 0)
(-0.149054 0.25682 0)
(-0.11912 0.244436 0)
(-0.098987 0.254912 0)
(-0.0734082 0.238581 0)
(-0.0611762 0.243791 0)
(-0.0399934 0.226106 0)
(-0.0352909 0.228396 0)
(-0.0177493 0.211523 0)
(-0.0189237 0.2123 0)
(-0.00420478 0.197764 0)
(-0.00938518 0.197687 0)
(0.0029663 0.186204 0)
(-0.00468826 0.185802 0)
(0.00584513 0.177716 0)
(-0.00322269 0.177254 0)
(0.00608011 0.172499 0)
(-0.00368952 0.172216 0)
(0.00500457 0.170666 0)
(-0.169342 0.211608 0)
(-0.146327 0.230995 0)
(-0.119103 0.221052 0)
(-0.101336 0.233527 0)
(-0.0775796 0.219766 0)
(-0.065945 0.22709 0)
(-0.0458794 0.211678 0)
(-0.0403018 0.215944 0)
(-0.0235246 0.200856 0)
(-0.0230721 0.20348 0)
(-0.00907495 0.190263 0)
(-0.0124543 0.191939 0)
(-0.000759131 0.181455 0)
(-0.00680337 0.18246 0)
(0.00320371 0.174961 0)
(-0.00442011 0.175559 0)
(0.00446636 0.171051 0)
(-0.00397755 0.171348 0)
(0.00433456 0.16986 0)
(-0.161204 0.191251 0)
(-0.141053 0.211049 0)
(-0.116721 0.203645 0)
(-0.100806 0.217114 0)
(-0.0792675 0.206368 0)
(-0.068425 0.214913 0)
(-0.050053 0.202642 0)
(-0.0444184 0.207951 0)
(-0.0289127 0.195637 0)
(-0.0278346 0.198969 0)
(-0.0146731 0.187852 0)
(-0.0170721 0.189882 0)
(-0.00570533 0.180796 0)
(-0.0104766 0.181936 0)
(-0.000507899 0.175281 0)
(-0.00678043 0.175841 0)
(0.00223519 0.171832 0)
(-0.00487194 0.172073 0)
(0.00369265 0.170729 0)
(-0.152583 0.170247 0)
(-0.13512 0.190617 0)
(-0.113208 0.184982 0)
(-0.0991582 0.199596 0)
(-0.0794644 0.190756 0)
(-0.0695005 0.200686 0)
(-0.0524064 0.190226 0)
(-0.0466703 0.196896 0)
(-0.0320399 0.186128 0)
(-0.0301635 0.190709 0)
(-0.0176599 0.180809 0)
(-0.0189225 0.183959 0)
(-0.00815127 0.175762 0)
(-0.0117187 0.177902 0)
(-0.00228828 0.171864 0)
(-0.00741167 0.173229 0)
(0.00108813 0.169541 0)
(-0.00490843 0.170197 0)
(0.00314176 0.168979 0)
(-0.143137 0.15465 0)
(-0.12788 0.175016 0)
(-0.108413 0.171185 0)
(-0.0958979 0.186243 0)
(-0.0781606 0.179521 0)
(-0.0690441 0.190138 0)
(-0.0534645 0.181901 0)
(-0.0479463 0.189243 0)
(-0.03448 0.180568 0)
(-0.0323262 0.185672 0)
(-0.020691 0.177516 0)
(-0.0213305 0.180991 0)
(-0.0111679 0.174091 0)
(-0.0138866 0.176354 0)
(-0.0048083 0.171185 0)
(-0.00891761 0.172528 0)
(-0.000534572 0.169358 0)
(-0.00544614 0.169978 0)
(0.00257462 0.168909 0)
(-0.133324 0.138478 0)
(-0.120088 0.159003 0)
(-0.10281 0.156432 0)
(-0.0917283 0.172091 0)
(-0.0757629 0.166798 0)
(-0.0674678 0.178266 0)
(-0.0532283 0.171445 0)
(-0.0479182 0.179692 0)
(-0.0354452 0.172289 0)
(-0.0329869 0.178245 0)
(-0.0220982 0.171142 0)
(-0.0220884 0.175386 0)
(-0.0125295 0.169291 0)
(-0.0144281 0.17222 0)
(-0.00590227 0.167602 0)
(-0.00913541 0.169462 0)
(-0.0013155 0.166598 0)
(-0.00533053 0.167513 0)
(0.00213802 0.166542 0)
(-0.123372 0.12672 0)
(-0.111628 0.146994 0)
(-0.096551 0.145663 0)
(-0.0866788 0.1614 0)
(-0.0724763 0.157642 0)
(-0.0649675 0.16942 0)
(-0.0521111 0.164225 0)
(-0.0471475 0.172851 0)
(-0.035761 0.167023 0)
(-0.0332624 0.17331 0)
(-0.0232272 0.167581 0)
(-0.0228691 0.172061 0)
(-0.0139678 0.167054 0)
(-0.0152934 0.170104 0)
(-0.00725198 0.166264 0)
(-0.00976166 0.168149 0)
(-0.00228343 0.165758 0)
(-0.00549359 0.166651 0)
(0.00172183 0.165839 0)
(-0.113423 0.114584 0)
(-0.102602 0.134542 0)
(-0.0897266 0.134233 0)
(-0.0808566 0.150149 0)
(-0.0683757 0.147495 0)
(-0.0615644 0.159723 0)
(-0.0500568 0.155631 0)
(-0.0454045 0.164821 0)
(-0.0350727 0.160011 0)
(-0.0325174 0.166861 0)
(-0.0233149 0.162002 0)
(-0.0226169 0.166998 0)
(-0.0144008 0.162675 0)
(-0.0151968 0.166167 0)
(-0.00776482 0.162803 0)
(-0.00963528 0.165024 0)
(-0.00274479 0.162906 0)
(-0.00525398 0.163983 0)
(0.00136095 0.16326 0)
(-0.103401 0.106264 0)
(-0.0934721 0.125186 0)
(-0.082625 0.126124 0)
(-0.074675 0.141731 0)
(-0.063797 0.140283 0)
(-0.057686 0.152525 0)
(-0.0474588 0.149657 0)
(-0.0432028 0.159003 0)
(-0.0338976 0.155377 0)
(-0.0314428 0.162404 0)
(-0.0230704 0.158602 0)
(-0.0222205 0.16375 0)
(-0.0146796 0.160287 0)
(-0.0151271 0.163878 0)
(-0.00824306 0.161148 0)
(-0.00963272 0.163412 0)
(-0.00319172 0.161681 0)
(-0.00514687 0.16277 0)
(0.00107203 0.162176 0)
(-0.0929999 0.097492 0)
(-0.083881 0.11559 0)
(-0.0750554 0.117557 0)
(-0.0678166 0.13297 0)
(-0.058566 0.132436 0)
(-0.0530361 0.144822 0)
(-0.044127 0.142813 0)
(-0.0402123 0.152459 0)
(-0.031982 0.14963 0)
(-0.0296048 0.157001 0)
(-0.0221202 0.153892 0)
(-0.0211202 0.159372 0)
(-0.0143299 0.156463 0)
(-0.0144544 0.16034 0)
(-0.00823397 0.158007 0)
(-0.00918195 0.160484 0)
(-0.00336295 0.158986 0)
(-0.00480624 0.160192 0)
(0.000804216 0.159675 0)
(-0.0827303 0.0916177 0)
(-0.0745966 0.108643 0)
(-0.0674975 0.111691 0)
(-0.0610077 0.126507 0)
(-0.0531998 0.126996 0)
(-0.0482816 0.139174 0)
(-0.040553 0.138114 0)
(-0.0370444 0.147753 0)
(-0.0297851 0.145811 0)
(-0.0275885 0.153245 0)
(-0.0209121 0.150928 0)
(-0.019888 0.15649 0)
(-0.0137804 0.154232 0)
(-0.0137183 0.158177 0)
(-0.00808575 0.156325 0)
(-0.00873145 0.158845 0)
(-0.00343443 0.157642 0)
(-0.00451152 0.158867 0)
(0.00061143 0.158449 0)
(-0.0720954 0.0853695 0)
(-0.064957 0.101707 0)
(-0.0593933 0.105538 0)
(-0.0536061 0.119929 0)
(-0.0472435 0.12119 0)
(-0.0428471 0.133283 0)
(-0.036363 0.132894 0)
(-0.0332043 0.142637 0)
(-0.0269997 0.141298 0)
(-0.0249593 0.148913 0)
(-0.0191894 0.147123 0)
(-0.0181371 0.152882 0)
(-0.0128179 0.151052 0)
(-0.0125782 0.155175 0)
(-0.00764852 0.153636 0)
(-0.00800681 0.156291 0)
(-0.00335858 0.155278 0)
(-0.00407994 0.156578 0)
(0.000421262 0.156224 0)
(-0.0617924 0.0813802 0)
(-0.0558157 0.096906 0)
(-0.051471 0.101476 0)
(-0.0465121 0.115267 0)
(-0.0413895 0.117315 0)
(-0.0375732 0.129092 0)
(-0.0321671 0.129432 0)
(-0.0294149 0.139063 0)
(-0.024127 0.138377 0)
(-0.0223115 0.145983 0)
(-0.0173289 0.144763 0)
(-0.0163342 0.150552 0)
(-0.0117012 0.14919 0)
(-0.0113824 0.153351 0)
(-0.00706534 0.152155 0)
(-0.00724755 0.154839 0)
(-0.00316563 0.154033 0)
(-0.00365604 0.155347 0)
(0.000297652 0.15506 0)
(-0.0512266 0.077294 0)
(-0.046351 0.0923217 0)
(-0.0430831 0.0973386 0)
(-0.0389237 0.11075 0)
(-0.0349738 0.113317 0)
(-0.0317117 0.124879 0)
(-0.0274214 0.125713 0)
(-0.0250395 0.135309 0)
(-0.0207566 0.135052 0)
(-0.019146 0.142719 0)
(-0.015058 0.141872 0)
(-0.0141138 0.147761 0)
(-0.0102815 0.146705 0)
(-0.00988393 0.150968 0)
(-0.00629366 0.150003 0)
(-0.00629989 0.152771 0)
(-0.00289106 0.152111 0)
(-0.00314402 0.153476 0)
(0.000168034 0.153241 0)
(-0.0410688 0.0748781 0)
(-0.0374028 0.0893511 0)
(-0.0350442 0.0947642 0)
(-0.0318058 0.107743 0)
(-0.0288194 0.110805 0)
(-0.0262018 0.12208 0)
(-0.0228613 0.123411 0)
(-0.0209027 0.132869 0)
(-0.0174781 0.133055 0)
(-0.016123 0.140681 0)
(-0.0128026 0.140213 0)
(-0.011968 0.146105 0)
(-0.0088255 0.145354 0)
(-0.00841988 0.149636 0)
(-0.00546017 0.148891 0)
(-0.00537251 0.151674 0)
(-0.00255358 0.151142 0)
(-0.00265558 0.15251 0)
(8.55311e-05 0.152315 0)
(-0.0307491 0.0727649 0)
(-0.0281786 0.0868705 0)
(-0.0266007 0.0924362 0)
(-0.0242303 0.105105 0)
(-0.0221475 0.108402 0)
(-0.0201579 0.119465 0)
(-0.0177688 0.121062 0)
(-0.0162255 0.130412 0)
(-0.0137184 0.130854 0)
(-0.0126046 0.138463 0)
(-0.0101357 0.13822 0)
(-0.00939665 0.144142 0)
(-0.0070396 0.143582 0)
(-0.00661357 0.147911 0)
(-0.00438443 0.147313 0)
(-0.00419659 0.15014 0)
(-0.00207715 0.149701 0)
(-0.00204206 0.151102 0)
(1.08846e-05 0.150946 0)
(-0.0208474 0.0716934 0)
(-0.0194797 0.0854715 0)
(-0.018639 0.0911652 0)
(-0.0172219 0.103593 0)
(-0.0159236 0.107105 0)
(-0.0146317 0.118008 0)
(-0.0130463 0.119847 0)
(-0.0119729 0.129107 0)
(-0.0102558 0.129779 0)
(-0.00942827 0.137358 0)
(-0.00770099 0.137312 0)
(-0.00710509 0.143238 0)
(-0.00543664 0.142837 0)
(-0.00504033 0.147183 0)
(-0.00345158 0.146702 0)
(-0.00320925 0.149549 0)
(-0.00169167 0.149184 0)
(-0.00154697 0.150596 0)
(-6.0329e-05 0.150461 0)
(-0.00858156 0.0714298 0)
(-0.00827232 0.0849018 0)
(-0.00808125 0.0904894 0)
(-0.00764896 0.102662 0)
(-0.00721077 0.106142 0)
(-0.00673348 0.11686 0)
(-0.00612705 0.118725 0)
(-0.00566584 0.127872 0)
(-0.00496914 0.128604 0)
(-0.00456079 0.136129 0)
(-0.0038351 0.136154 0)
(-0.00349367 0.142066 0)
(-0.00277831 0.141734 0)
(-0.00250307 0.146086 0)
(-0.00181392 0.145663 0)
(-0.00159531 0.148521 0)
(-0.000931191 0.148192 0)
(-0.000746318 0.149603 0)
(-8.92809e-05 0.149476 0)
)
;

boundaryField
{
    leftWall
    {
        type            noSlip;
    }
    rightWall
    {
        type            noSlip;
    }
    lowerWall
    {
        type            noSlip;
    }
    atmosphere
    {
        type            zeroGradient;
    }
    defaultFaces
    {
        type            empty;
    }
}


// ************************************************************************* //
