/*--------------------------------*- C++ -*----------------------------------*\
| =========                 |                                                 |
| \\      /  F ield         | OpenFOAM: The Open Source CFD Toolbox           |
|  \\    /   O peration     | Version:  2012                                  |
|   \\  /    A nd           | Website:  www.openfoam.com                      |
|    \\/     M anipulation  |                                                 |
\*---------------------------------------------------------------------------*/
FoamFile
{
    version     2.0;
    format      ascii;
    class       volScalarField;
    location    "0.71";
    object      T;
}
// * * * * * * * * * * * * * * * * * * * * * * * * * * * * * * * * * * * * * //

dimensions      [0 0 0 1 0 0 0];


internalField   nonuniform List<scalar> 
2268
(
273
273
273
273
273
273
273
273
273
273
273
273
273
273
273
273
273
273
273
273
273
273
273
273
273
273
273
273
273
273
273
273
273
273
273
273
273
273
273
273
273
273
273
273
273
273
273
273
273
273
273
273
273
273
273
273
273
273
273
273
273
273
273
273
273
273
273
273
273
273
273
273
273
273
273
273
273
273
273
273
273
273
273
273
273
273
273
273
273
273
273
273
273
272.999
273
273
273
273
273
273
273
273
273
273
273
273
273
273
273
273
273
273
273
273
273
272.998
272.997
272.998
272.998
272.999
272.999
272.999
272.999
273
273
273
273
273
273
273
273
273
273
273
273
273
273
273
272.992
272.992
272.992
272.994
272.995
272.996
272.997
272.998
272.998
272.999
272.999
273
273
273
273
273
273
273
273
273
273
273
273
272.986
272.985
272.986
272.987
272.989
272.99
272.991
272.994
272.995
272.997
272.998
272.999
272.999
272.999
273
273
273
273
273
273
273
273.001
273.002
273.113
273.12
273.123
273.125
273.126
273.133
273.14
273.147
273.158
273.173
273.188
273.202
273.214
273.225
273.235
273.243
273.249
273.252
273.254
273.11
273.106
273.093
273.086
273.085
273.098
273.13
273.157
273.176
273.205
273.226
273.237
273.243
273.246
273.25
273.254
273.256
273.254
273.249
273.104
273.082
273.062
273.058
273.064
273.063
273.056
273.14
273.181
273.231
273.261
273.268
273.266
273.26
273.257
273.257
273.245
273.233
273.234
273.103
273.092
273.102
273.12
273.129
273.083
273.049
273.047
273.113
273.168
273.207
273.16
273.195
273.241
273.221
273.185
273.176
273.201
273.225
273.104
273.101
273.03
273.098
273.171
273.09
273.051
273.023
273.039
273.076
273.118
273.142
273.178
273.154
273.167
273.19
273.185
273.178
273.219
273.106
273.108
273.032
273.106
273.18
273.087
273.046
273.035
273.015
273.016
273.024
273.043
273.071
273.108
273.161
273.136
273.145
273.158
273.216
273.107
273.115
273.033
273.08
273.147
273.067
273.045
273.043
273.03
273.016
273.003
273.001
273.005
273.024
273.063
273.106
273.141
273.107
273.218
273.109
273.132
273.046
273.09
273.114
273.052
273.054
273.076
273.065
273.047
273.029
273.013
273.001
273
273.007
273.028
273.042
273.066
273.237
272.981
272.981
272.981
272.982
272.983
272.983
272.984
272.985
272.987
272.99
272.992
272.994
272.995
272.996
272.998
272.998
272.999
272.999
273
273
273
273.004
273.023
272.98
272.98
272.982
272.983
272.983
272.981
272.98
272.98
272.979
272.98
272.981
272.982
272.985
272.987
272.99
272.993
272.994
272.995
272.997
272.999
273.001
273.013
273.08
272.988
272.988
272.988
272.99
272.991
272.986
272.981
272.98
272.981
272.981
272.981
272.979
272.979
272.979
272.981
272.982
272.983
272.985
272.989
272.992
272.994
273
273.019
272.998
272.998
272.997
272.999
272.999
272.995
272.988
272.986
272.986
272.986
272.985
272.985
272.985
272.983
272.981
272.981
272.981
272.981
272.982
272.982
272.984
272.988
272.997
273.002
273.002
273.002
273.002
273.002
273
272.997
272.995
272.994
272.991
272.99
272.988
272.987
272.985
272.985
272.987
272.998
273.007
273.008
273.004
272.995
272.988
272.987
273.003
273.003
273.003
273.003
273.003
273.002
273.001
273
272.999
272.997
272.995
272.993
272.992
272.994
273.007
273.021
273.029
273.031
273.031
273.025
273.02
273.009
272.997
273.003
273.003
273.003
273.003
273.003
273.003
273.003
273.002
273.002
273.001
272.999
272.998
272.997
273.001
273.016
273.027
273.031
273.031
273.03
273.033
273.043
273.061
273.09
273.003
273.003
273.003
273.003
273.003
273.003
273.003
273.003
273.003
273.002
273.001
273
272.999
273
273.011
273.021
273.022
273.019
273.019
273.029
273.043
273.062
273.105
273.003
273.003
273.003
273.003
273.003
273.003
273.003
273.003
273.003
273.003
273.002
273.002
273.001
273
273.003
273.012
273.015
273.013
273.012
273.02
273.026
273.029
273.038
273.003
273.003
273.003
273.003
273.003
273.003
273.003
273.003
273.003
273.002
273.002
273.002
273.002
273.001
273
273.003
273.005
273.006
273.006
273.012
273.017
273.023
273.026
273.002
273.002
273.002
273.002
273.002
273.002
273.002
273.002
273.002
273.002
273.002
273.002
273.002
273.002
273.001
273.001
273.001
273.002
273.001
273.005
273.011
273.014
273.016
273.002
273.002
273.002
273.002
273.002
273.002
273.002
273.002
273.002
273.002
273.002
273.002
273.002
273.002
273.001
273.001
273.001
273.001
273.001
273.001
273.007
273.011
273.011
273.002
273.002
273.002
273.002
273.002
273.002
273.002
273.002
273.002
273.002
273.002
273.002
273.002
273.002
273.002
273.001
273.001
273.001
273.001
273.001
273.002
273.006
273.01
273.002
273.002
273.002
273.002
273.002
273.002
273.002
273.002
273.002
273.002
273.002
273.002
273.002
273.002
273.002
273.001
273.001
273.001
273.001
273.001
273.001
273.002
273.004
273.002
273.002
273.002
273.002
273.002
273.002
273.002
273.002
273.002
273.002
273.002
273.002
273.002
273.002
273.002
273.001
273.001
273.001
273.001
273.001
273.001
273.001
273.002
273.002
273.002
273.002
273.002
273.002
273.002
273.002
273.002
273.002
273.002
273.002
273.002
273.002
273.002
273.002
273.001
273.001
273.001
273.001
273.001
273.001
273.001
273.001
273.002
273.002
273.002
273.002
273.002
273.002
273.002
273.002
273.002
273.002
273.002
273.002
273.002
273.002
273.002
273.001
273.001
273.001
273.001
273.001
273.001
273.001
273.001
273.002
273.002
273.002
273.002
273.002
273.002
273.002
273.002
273.002
273.002
273.002
273.002
273.002
273.002
273.002
273.002
273.001
273.001
273.001
273.001
273.001
273.001
273.001
273.003
273.003
273.003
273.003
273.003
273.002
273.002
273.002
273.002
273.002
273.002
273.002
273.002
273.002
273.002
273.002
273.002
273.001
273.001
273.001
273.001
273.001
273.001
273.003
273.003
273.003
273.003
273.003
273.003
273.003
273.003
273.003
273.003
273.002
273.002
273.002
273.002
273.002
273.002
273.002
273.002
273.002
273.002
273.001
273.001
273.001
273.005
273.005
273.005
273.004
273.004
273.004
273.004
273.004
273.004
273.003
273.003
273.003
273.003
273.003
273.002
273.002
273.002
273.002
273.002
273.002
273.002
273.002
273.002
273.007
273.007
273.007
273.006
273.006
273.006
273.006
273.006
273.005
273.005
273.005
273.005
273.004
273.004
273.004
273.004
273.003
273.003
273.003
273.003
273.003
273.002
273.002
273.01
273.01
273.009
273.009
273.009
273.009
273.009
273.008
273.008
273.008
273.008
273.007
273.007
273.007
273.007
273.006
273.006
273.006
273.006
273.006
273.005
273.005
273.005
273.013
273.013
273.013
273.013
273.012
273.012
273.012
273.012
273.012
273.012
273.011
273.011
273.011
273.011
273.011
273.011
273.011
273.011
273.012
273.012
273.012
273.012
273.012
273.015
273.015
273.015
273.015
273.015
273.015
273.015
273.015
273.015
273.015
273.015
273.015
273.015
273.015
273.016
273.016
273.016
273.016
273.017
273.017
273.016
273.016
273.016
273.017
273.017
273.017
273.017
273.017
273.017
273.017
273.017
273.017
273.017
273.017
273.017
273.018
273.018
273.018
273.018
273.018
273.018
273.018
273.017
273.017
273.016
273.015
273.018
273.018
273.018
273.018
273.018
273.018
273.018
273.018
273.018
273.018
273.019
273.019
273.019
273.019
273.019
273.018
273.018
273.017
273.016
273.015
273.014
273.014
273.013
273.019
273.019
273.019
273.019
273.019
273.019
273.019
273.019
273.019
273.019
273.019
273.019
273.019
273.019
273.018
273.018
273.016
273.014
273.013
273.013
273.013
273.013
273.013
273.019
273.019
273.019
273.019
273.019
273.019
273.019
273.019
273.019
273.019
273.019
273.019
273.018
273.018
273.016
273.014
273.012
273.012
273.013
273.014
273.015
273.015
273.015
273.019
273.019
273.019
273.019
273.019
273.019
273.019
273.019
273.019
273.019
273.018
273.018
273.017
273.015
273.013
273.011
273.011
273.014
273.016
273.016
273.016
273.016
273.017
273.019
273.019
273.019
273.019
273.019
273.019
273.019
273.019
273.018
273.018
273.017
273.016
273.014
273.012
273.011
273.012
273.016
273.018
273.018
273.017
273.017
273.017
273.019
273.019
273.019
273.019
273.019
273.019
273.019
273.018
273.018
273.018
273.017
273.016
273.014
273.012
273.011
273.013
273.017
273.019
273.019
273.017
273.017
273.017
273.019
273.02
273.018
273.018
273.018
273.018
273.018
273.018
273.018
273.017
273.016
273.015
273.014
273.012
273.011
273.013
273.018
273.021
273.02
273.018
273.017
273.018
273.018
273.019
273.021
273.017
273.017
273.017
273.017
273.017
273.017
273.016
273.016
273.015
273.014
273.012
273.011
273.013
273.018
273.021
273.022
273.019
273.018
273.018
273.018
273.019
273.02
273.021
273.016
273.016
273.016
273.016
273.016
273.016
273.015
273.015
273.014
273.012
273.012
273.012
273.017
273.022
273.023
273.022
273.019
273.018
273.018
273.018
273.019
273.02
273.021
273.015
273.015
273.015
273.015
273.015
273.014
273.014
273.014
273.013
273.012
273.012
273.014
273.021
273.024
273.024
273.021
273.019
273.018
273.018
273.018
273.019
273.02
273.021
273.014
273.014
273.014
273.014
273.014
273.013
273.013
273.013
273.012
273.011
273.012
273.018
273.024
273.026
273.025
273.022
273.02
273.019
273.018
273.018
273.018
273.019
273.02
273.012
273.012
273.012
273.012
273.012
273.012
273.012
273.012
273.011
273.011
273.014
273.022
273.027
273.029
273.027
273.022
273.02
273.019
273.018
273.018
273.018
273.018
273.02
273.011
273.011
273.011
273.011
273.011
273.011
273.011
273.011
273.01
273.012
273.017
273.026
273.03
273.031
273.029
273.024
273.021
273.019
273.018
273.017
273.017
273.018
273.019
273.009
273.009
273.009
273.009
273.009
273.01
273.01
273.01
273.01
273.012
273.021
273.03
273.034
273.035
273.032
273.025
273.021
273.019
273.017
273.017
273.017
273.017
273.019
273.007
273.007
273.007
273.007
273.008
273.008
273.008
273.008
273.009
273.014
273.025
273.034
273.039
273.04
273.034
273.026
273.021
273.018
273.017
273.016
273.016
273.017
273.018
273.002
273.002
273.002
273.003
273.003
273.004
273.005
273.006
273.008
273.015
273.03
273.042
273.047
273.047
273.038
273.027
273.021
273.018
273.017
273.016
273.016
273.017
273.018
273.077
273.142
273.163
273.137
273.164
273.171
273.158
273.147
273.102
273.157
273.169
273.169
273.024
273.083
273.133
273.151
272.993
273.008
273.032
273.043
272.995
273.002
273.01
273.02
273.119
273.135
273.148
273.157
273.131
273.125
273.087
273.079
273.058
273.081
273.113
273.146
273.029
273.036
273.042
273.053
273.021
273.023
273.023
273.027
273.011
273.011
273.014
273.017
273.009
273.008
273.008
273.008
273.006
273.006
273.006
273.006
273.002
273.003
273.003
273.003
273.001
273.002
273.002
273.002
273.001
273.001
273.001
273.001
273.001
273.001
273.001
273.001
273.001
273.001
273.001
273.001
273.001
273.001
273.001
273.001
273.002
273.002
273.002
273.001
273.002
273.002
273.002
273.002
273.005
273.005
273.005
273.004
273.012
273.012
273.012
273.011
273.016
273.015
273.015
273.015
273.015
273.015
273.015
273.014
273.013
273.013
273.013
273.013
273.013
273.013
273.013
273.013
273.015
273.015
273.016
273.016
273.017
273.018
273.019
273.019
273.02
273.02
273.021
273.021
273.021
273.022
273.022
273.023
273.022
273.022
273.023
273.024
273.022
273.023
273.023
273.024
273.022
273.023
273.023
273.024
273.022
273.023
273.023
273.024
273.021
273.022
273.023
273.023
273.021
273.021
273.022
273.023
273.02
273.021
273.022
273.022
273.02
273.02
273.021
273.022
273.019
273.02
273.021
273.021
273.019
273.02
273.021
273.021
273.118
273.068
273.091
273.164
273.076
273.045
273.084
273.116
273.113
273.105
273.095
273.082
273.062
273.035
273.017
273.017
273.024
273.07
273.253
273.145
273.108
273.194
273.079
273.029
273.071
273.131
273.077
273.076
273.078
273.08
273.081
273.084
273.094
273.084
273.05
273.047
273.154
273.236
273.172
273.18
273.08
273.019
273.04
273.145
273.086
273.1
273.107
273.11
273.108
273.098
273.089
273.068
273.028
273.048
273.094
273.206
273.215
273.156
273.034
273.005
273.046
273.097
273.1
273.102
273.119
273.126
273.125
273.098
273.069
273.051
273.044
273.046
273.088
273.165
273.256
273.205
273.04
273.003
273.061
273.122
273.072
273.096
273.107
273.128
273.139
273.144
273.145
273.139
273.138
273.144
273.158
273.184
273.235
273.256
273.201
273.047
273.126
273.163
273.08
273.083
273.087
273.09
273.088
273.09
273.115
273.137
273.144
273.144
273.154
273.148
273.161
273.169
273.224
273.194
273.156
273.09
273.097
273.082
273.078
273.075
273.074
273.091
273.114
273.108
273.089
273.107
273.148
273.227
273.204
273.202
273.158
273.184
273.171
273.102
273.109
273.087
273.078
273.073
273.075
273.125
273.155
273.141
273.139
273.061
273.133
273.18
273.184
273.161
273.148
273.147
273.133
273.138
273.181
273.206
273.171
273.088
273.074
273.072
273.141
273.144
273.107
273.121
273.138
273.146
273.146
273.132
273.116
273.105
273.107
273.11
273.089
273.081
273.14
273.164
273.104
273.105
273.105
273.162
273.097
273.078
273.089
273.105
273.108
273.104
273.101
273.095
273.085
273.068
273.061
273.058
273.038
273.061
273.098
273.125
273.134
273.12
273.074
273.055
273.054
273.064
273.074
273.08
273.081
273.078
273.08
273.072
273.056
273.046
273.045
273.02
273.02
273.024
273.028
273.03
273.029
273.027
273.029
273.038
273.049
273.06
273.065
273.059
273.043
273.052
273.055
273.051
273.046
273.044
273.009
273.01
273.012
273.014
273.013
273.012
273.012
273.024
273.036
273.05
273.053
273.045
273.027
273.013
273.007
273.018
273.039
273.047
273.048
273.006
273.006
273.01
273.015
273.017
273.018
273.02
273.027
273.043
273.05
273.039
273.018
273.002
272.988
272.984
272.999
273.02
273.037
273.047
273.003
273.003
273.005
273.015
273.015
273.013
273.014
273.024
273.038
273.043
273.036
273.016
272.998
272.984
272.979
272.996
273.016
273.032
273.043
273.002
273.002
273.004
273.013
273.013
273.01
273.009
273.012
273.023
273.032
273.032
273.023
273.007
272.993
272.988
272.996
273.016
273.029
273.037
273.001
273.002
273.002
273.007
273.012
273.01
273.008
273.009
273.01
273.015
273.023
273.021
273.013
273.003
272.998
273.006
273.024
273.03
273.028
273.001
273.001
273.002
273.003
273.008
273.009
273.009
273.008
273.008
273.008
273.008
273.01
273.009
273.007
273.002
273.011
273.037
273.051
273.027
273.001
273.001
273.001
273.002
273.003
273.006
273.007
273.007
273.007
273.008
273.008
273.007
273.007
273.006
273.004
273.007
273.043
273.067
273.03
273.001
273.001
273.001
273.001
273.002
273.002
273.004
273.005
273.005
273.006
273.006
273.007
273.007
273.006
273.004
273.004
273.031
273.071
273.032
273.001
273.001
273.001
273.001
273.001
273.001
273.002
273.002
273.002
273.003
273.004
273.005
273.006
273.006
273.004
273.004
273.02
273.069
273.032
273.002
273.002
273.002
273.001
273.001
273.001
273.001
273.001
273.001
273.002
273.002
273.003
273.004
273.004
273.004
273.003
273.014
273.063
273.019
273.004
273.003
273.003
273.002
273.002
273.001
273.001
273.001
273.001
273.001
273.001
273.002
273.003
273.003
273.003
273.003
273.01
273.056
273.006
273.011
273.01
273.009
273.007
273.005
273.003
273.002
273.001
273.001
273.001
273.001
273.002
273.002
273.003
273.003
273.002
273.009
273.053
273.016
273.015
273.014
273.014
273.013
273.012
273.01
273.007
273.004
273.003
273.002
273.002
273.002
273.002
273.002
273.003
273.002
273.008
273.044
273.028
273.014
273.014
273.014
273.014
273.013
273.013
273.012
273.011
273.008
273.004
273.003
273.002
273.002
273.002
273.002
273.002
273.007
273.026
273.057
273.013
273.013
273.012
273.012
273.012
273.012
273.012
273.012
273.012
273.01
273.006
273.003
273.002
273.002
273.002
273.002
273.006
273.015
273.076
273.013
273.013
273.013
273.013
273.012
273.012
273.011
273.011
273.011
273.011
273.01
273.006
273.003
273.002
273.002
273.002
273.005
273.012
273.082
273.017
273.017
273.018
273.018
273.017
273.015
273.013
273.011
273.01
273.01
273.01
273.009
273.005
273.003
273.002
273.002
273.004
273.013
273.075
273.02
273.021
273.022
273.022
273.022
273.021
273.019
273.016
273.012
273.01
273.01
273.009
273.007
273.004
273.002
273.002
273.003
273.013
273.059
273.022
273.024
273.025
273.026
273.026
273.025
273.023
273.021
273.017
273.012
273.01
273.009
273.008
273.006
273.003
273.002
273.003
273.013
273.036
273.024
273.025
273.027
273.028
273.029
273.028
273.027
273.025
273.021
273.016
273.012
273.01
273.008
273.006
273.003
273.002
273.002
273.013
273.012
273.025
273.026
273.028
273.03
273.031
273.032
273.031
273.029
273.025
273.02
273.014
273.011
273.009
273.007
273.004
273.002
273.002
273.012
273.009
273.025
273.027
273.029
273.031
273.033
273.034
273.034
273.033
273.029
273.024
273.017
273.012
273.009
273.007
273.004
273.002
273.002
273.011
273.019
273.025
273.027
273.029
273.032
273.035
273.037
273.038
273.036
273.033
273.027
273.02
273.013
273.009
273.007
273.004
273.002
273.002
273.009
273.022
273.025
273.027
273.03
273.033
273.036
273.038
273.04
273.039
273.035
273.029
273.022
273.015
273.01
273.008
273.005
273.002
273.002
273.008
273.023
273.025
273.027
273.03
273.033
273.036
273.039
273.042
273.042
273.037
273.029
273.022
273.015
273.01
273.008
273.005
273.002
273.002
273.007
273.022
273.024
273.027
273.029
273.033
273.037
273.04
273.043
273.043
273.039
273.029
273.021
273.015
273.01
273.008
273.005
273.002
273.002
273.006
273.022
273.024
273.026
273.029
273.033
273.037
273.041
273.043
273.045
273.042
273.029
273.02
273.015
273.01
273.007
273.005
273.002
273.001
273.006
273.021
273.023
273.026
273.029
273.033
273.037
273.041
273.044
273.045
273.044
273.031
273.019
273.014
273.01
273.007
273.004
273.002
273.001
273.005
273.019
273.023
273.025
273.028
273.033
273.037
273.041
273.044
273.046
273.045
273.036
273.02
273.015
273.011
273.007
273.004
273.001
273
273.004
273.016
273.023
273.025
273.028
273.032
273.037
273.041
273.044
273.046
273.045
273.039
273.025
273.017
273.012
273.008
273.004
273
272.999
273.001
273.01
)
;

boundaryField
{
    leftWall
    {
        type            zeroGradient;
    }
    rightWall
    {
        type            zeroGradient;
    }
    lowerWall
    {
        type            zeroGradient;
    }
    atmosphere
    {
        type            zeroGradient;
    }
    defaultFaces
    {
        type            empty;
    }
}


// ************************************************************************* //
