/*--------------------------------*- C++ -*----------------------------------*\
| =========                 |                                                 |
| \\      /  F ield         | OpenFOAM: The Open Source CFD Toolbox           |
|  \\    /   O peration     | Version:  2012                                  |
|   \\  /    A nd           | Website:  www.openfoam.com                      |
|    \\/     M anipulation  |                                                 |
\*---------------------------------------------------------------------------*/
FoamFile
{
    version     2.0;
    format      ascii;
    class       volVectorField;
    location    "0.71";
    object      U;
}
// * * * * * * * * * * * * * * * * * * * * * * * * * * * * * * * * * * * * * //

dimensions      [0 1 -1 0 0 0 0];


internalField   nonuniform List<vector> 
2268
(
(-0.00581765 0.00151822 0)
(-0.0132682 0.00113033 0)
(-0.0219704 0.001345 0)
(-0.0328076 0.00175997 0)
(-0.0468874 0.00178082 0)
(-0.0598795 0.0012072 0)
(-0.0703129 0.00134601 0)
(-0.0838237 0.00217477 0)
(-0.0989232 0.00239874 0)
(-0.109246 0.00265465 0)
(-0.122645 0.0026892 0)
(-0.130665 0.00273148 0)
(-0.140167 0.00171344 0)
(-0.140299 0.000590574 0)
(-0.143462 -0.000415796 0)
(-0.138519 -0.00123445 0)
(-0.139006 -0.00239888 0)
(-0.127166 -0.00360197 0)
(-0.119211 -0.00555336 0)
(-0.0973285 -0.00741862 0)
(-0.0715055 -0.00907621 0)
(-0.0470804 -0.0130477 0)
(0.0121301 -0.000770413 0)
(-0.00603349 0.00750235 0)
(-0.0135114 0.00650615 0)
(-0.0223043 0.00789077 0)
(-0.0327272 0.0100192 0)
(-0.046498 0.0110154 0)
(-0.0593576 0.00986462 0)
(-0.0701467 0.00997107 0)
(-0.0837957 0.011332 0)
(-0.0988734 0.00963335 0)
(-0.10878 0.00851702 0)
(-0.123014 0.00749398 0)
(-0.130866 0.00546119 0)
(-0.140335 0.00296144 0)
(-0.141003 0.000821781 0)
(-0.144352 -0.000240192 0)
(-0.139502 -0.00107607 0)
(-0.139693 -0.00270189 0)
(-0.128069 -0.00602121 0)
(-0.120914 -0.0082082 0)
(-0.100184 -0.0154337 0)
(-0.0778614 -0.0143121 0)
(-0.0558323 -0.0267175 0)
(-0.00270072 -0.0155525 0)
(-0.00631133 0.0107513 0)
(-0.013134 0.00881691 0)
(-0.0219219 0.0104184 0)
(-0.0317584 0.0131864 0)
(-0.0452155 0.0143557 0)
(-0.0583592 0.0123817 0)
(-0.0705801 0.0129044 0)
(-0.0851317 0.0157518 0)
(-0.100361 0.0142405 0)
(-0.110761 0.014028 0)
(-0.124646 0.0131811 0)
(-0.13198 0.0108284 0)
(-0.14108 0.00661369 0)
(-0.141555 0.00233041 0)
(-0.145416 -0.000965873 0)
(-0.140295 -0.00367334 0)
(-0.140859 -0.00759302 0)
(-0.128119 -0.0128146 0)
(-0.121234 -0.0184761 0)
(-0.0994088 -0.0282175 0)
(-0.0769613 -0.0297865 0)
(-0.0504701 -0.0490169 0)
(0.00471874 -0.0285036 0)
(-0.00655874 0.0166983 0)
(-0.0129654 0.0138935 0)
(-0.022389 0.0167056 0)
(-0.031911 0.0210458 0)
(-0.0445968 0.0236049 0)
(-0.0571137 0.0218595 0)
(-0.0700951 0.0226194 0)
(-0.0844452 0.0253799 0)
(-0.0994142 0.021745 0)
(-0.110579 0.0199509 0)
(-0.124724 0.0175858 0)
(-0.133037 0.0131438 0)
(-0.143209 0.00761147 0)
(-0.144737 0.00274628 0)
(-0.148411 -0.000627174 0)
(-0.142919 -0.00339987 0)
(-0.143561 -0.00813284 0)
(-0.131888 -0.0155002 0)
(-0.126374 -0.0213239 0)
(-0.105193 -0.0365333 0)
(-0.0841972 -0.0369035 0)
(-0.0521893 -0.0653973 0)
(0.00671756 -0.0366478 0)
(-0.00546294 0.0199672 0)
(-0.0119986 0.0162866 0)
(-0.021385 0.0193477 0)
(-0.0305558 0.0236552 0)
(-0.0426399 0.0262316 0)
(-0.0552093 0.0244164 0)
(-0.0708931 0.0258299 0)
(-0.0866023 0.0296188 0)
(-0.102165 0.0266407 0)
(-0.114329 0.0259665 0)
(-0.127724 0.0238403 0)
(-0.135466 0.0194853 0)
(-0.145155 0.0122384 0)
(-0.145829 0.00462 0)
(-0.149891 -0.00169265 0)
(-0.144088 -0.00623958 0)
(-0.146229 -0.0126474 0)
(-0.13365 -0.0213595 0)
(-0.130248 -0.0309304 0)
(-0.108065 -0.0488011 0)
(-0.0898534 -0.0546905 0)
(-0.0495114 -0.0927364 0)
(0.0216592 -0.05039 0)
(-0.00353055 0.0249649 0)
(-0.0120402 0.0214392 0)
(-0.0222073 0.0255082 0)
(-0.0315243 0.0311384 0)
(-0.0423036 0.0353065 0)
(-0.0535785 0.0352446 0)
(-0.0699093 0.0374621 0)
(-0.0847359 0.0401278 0)
(-0.0998879 0.0348273 0)
(-0.113505 0.0319747 0)
(-0.128369 0.0276334 0)
(-0.138107 0.0212991 0)
(-0.149592 0.0126307 0)
(-0.151231 0.00488293 0)
(-0.154202 -0.00122172 0)
(-0.148133 -0.0052742 0)
(-0.150905 -0.0126688 0)
(-0.139782 -0.0232033 0)
(-0.13866 -0.032807 0)
(-0.116819 -0.0556726 0)
(-0.102876 -0.063781 0)
(-0.0516195 -0.118099 0)
(0.0305749 -0.0486893 0)
(-0.00137094 0.0273078 0)
(-0.0100337 0.0250891 0)
(-0.0200864 0.0285073 0)
(-0.0294338 0.0330903 0)
(-0.0390551 0.0365715 0)
(-0.0506508 0.0374097 0)
(-0.0702781 0.0405383 0)
(-0.0874974 0.0438012 0)
(-0.104629 0.0403052 0)
(-0.119044 0.0394326 0)
(-0.132593 0.0355106 0)
(-0.141263 0.0294566 0)
(-0.152198 0.0185187 0)
(-0.152768 0.00662527 0)
(-0.155832 -0.00305105 0)
(-0.14986 -0.00809656 0)
(-0.155109 -0.0164845 0)
(-0.143226 -0.0276644 0)
(-0.145772 -0.0416956 0)
(-0.122459 -0.0666472 0)
(-0.114796 -0.0853867 0)
(-0.0511808 -0.156975 0)
(0.0373295 -0.0613161 0)
(-0.000143865 0.0303666 0)
(-0.00884909 0.0303128 0)
(-0.0185743 0.0347338 0)
(-0.0288064 0.0401993 0)
(-0.0369618 0.0454415 0)
(-0.0481948 0.050094 0)
(-0.0678559 0.0549275 0)
(-0.0843887 0.0563368 0)
(-0.102746 0.0496803 0)
(-0.118771 0.0451032 0)
(-0.133487 0.038172 0)
(-0.146272 0.0304807 0)
(-0.159362 0.0181782 0)
(-0.160001 0.00652804 0)
(-0.160215 -0.00236166 0)
(-0.154388 -0.00574719 0)
(-0.160817 -0.0153249 0)
(-0.150698 -0.0277401 0)
(-0.156219 -0.0418172 0)
(-0.13334 -0.0702262 0)
(-0.138301 -0.0963366 0)
(-0.0645077 -0.190428 0)
(-0.0779156 -0.0528545 0)
(-0.596354 0.247423 0)
(-1.17806 0.101835 0)
(-1.54358 0.0488155 0)
(-1.6216 0.0179297 0)
(-1.61752 -0.0190444 0)
(-1.41248 -0.0458626 0)
(-1.2166 -0.00391708 0)
(-1.14891 0.0832232 0)
(-1.35052 0.0697723 0)
(-1.51669 0.0222231 0)
(-1.61614 0.0220625 0)
(-1.64869 0.00702663 0)
(-1.66024 0.00468016 0)
(-1.66177 -0.000560046 0)
(-1.65767 -0.0133129 0)
(-1.61582 -0.0216433 0)
(-1.555 -0.0166958 0)
(-1.35373 -0.0591954 0)
(-0.898703 -0.241286 0)
(-0.489279 0.507658 0)
(-0.947241 0.304345 0)
(-1.21177 0.139538 0)
(-1.24594 0.012389 0)
(-1.27245 -0.0693996 0)
(-1.09939 -0.12335 0)
(-0.876204 -0.106515 0)
(-0.878556 -0.0269186 0)
(-1.13008 0.0847036 0)
(-1.27814 0.0909198 0)
(-1.36723 0.0330915 0)
(-1.39285 0.011455 0)
(-1.39526 0.00103697 0)
(-1.39543 -0.000813433 0)
(-1.39912 -0.0060519 0)
(-1.38796 -0.0232435 0)
(-1.41428 -0.0955473 0)
(-1.26294 -0.216525 0)
(-0.735699 -0.723966 0)
(-0.477175 0.845389 0)
(-0.707289 0.41111 0)
(-0.897797 0.176697 0)
(-0.981794 0.0393791 0)
(-1.03053 -0.0761434 0)
(-0.684663 -0.217865 0)
(-0.309201 -0.106803 0)
(-0.12818 0.199305 0)
(-0.475586 0.249648 0)
(-0.663695 0.124782 0)
(-0.980732 0.0735092 0)
(-1.23858 0.0181187 0)
(-1.40678 0.00482909 0)
(-1.43318 0.000618436 0)
(-1.44747 -0.0165788 0)
(-1.54007 -0.0184365 0)
(-1.63536 -0.0689086 0)
(-1.05221 -0.349114 0)
(-0.307078 -1.08959 0)
(-0.407739 1.01893 0)
(-0.497217 0.48765 0)
(-0.902836 0.253769 0)
(-1.08095 0.0696531 0)
(-0.976547 -0.198808 0)
(-0.287126 -0.423163 0)
(-0.0918358 -0.338398 0)
(0.295883 0.0304061 0)
(0.625532 0.293638 0)
(0.596826 0.306215 0)
(0.437386 0.265791 0)
(0.395696 0.214549 0)
(-0.107697 0.142999 0)
(-0.240497 0.0325723 0)
(-0.852853 0.0558452 0)
(-1.04858 0.0480287 0)
(-0.980693 -0.350305 0)
(-0.504934 -0.778789 0)
(-0.182416 -1.31786 0)
(-0.360837 1.22082 0)
(-0.271661 0.621996 0)
(-0.804473 0.374314 0)
(-1.03132 0.0669947 0)
(-0.549654 -0.418445 0)
(0.0899365 -0.609012 0)
(0.121699 -0.361137 0)
(0.365138 -0.0970396 0)
(0.631683 0.135799 0)
(0.858101 0.205374 0)
(0.970106 0.185553 0)
(1.07183 0.184511 0)
(1.1255 0.200867 0)
(1.14022 0.245198 0)
(0.682633 0.289049 0)
(0.919454 -0.00221567 0)
(-0.00702247 -0.126069 0)
(0.343639 -0.700395 0)
(-0.107215 -1.377 0)
(-0.376946 1.29161 0)
(0.201714 0.69507 0)
(-0.756457 0.624855 0)
(-0.137466 0.0165239 0)
(0.154308 -0.643276 0)
(0.255537 -0.716809 0)
(0.287221 -0.453453 0)
(0.510501 -0.191074 0)
(0.691507 0.077934 0)
(0.886686 0.160804 0)
(0.980564 0.165925 0)
(1.04801 0.168667 0)
(1.10852 0.184151 0)
(1.15424 0.22527 0)
(1.18729 0.270678 0)
(1.17482 0.255249 0)
(0.5647 -0.0723235 0)
(0.789937 -0.737703 0)
(0.0140255 -1.23705 0)
(-0.38591 1.27545 0)
(0.430956 0.879399 0)
(-1.05121 0.262728 0)
(0.630877 -0.146106 0)
(0.473009 -0.606039 0)
(0.373836 -0.689008 0)
(0.396257 -0.474999 0)
(0.558977 -0.264522 0)
(0.693369 -0.0220603 0)
(0.874487 0.0837467 0)
(0.971798 0.117543 0)
(1.03698 0.129977 0)
(1.09642 0.154465 0)
(1.14528 0.200678 0)
(1.18376 0.259824 0)
(1.22741 0.249215 0)
(1.1894 0.0399459 0)
(0.94535 -0.476847 0)
(-0.0609531 -1.03643 0)
(-0.401222 1.26582 0)
(0.460566 1.0556 0)
(-0.764513 0.405186 0)
(0.52422 -0.519171 0)
(0.48949 -0.595974 0)
(0.417345 -0.679962 0)
(0.455955 -0.531184 0)
(0.601627 -0.320175 0)
(0.720271 -0.0588714 0)
(0.856395 0.0413756 0)
(0.93555 0.0958525 0)
(0.995323 0.115236 0)
(1.05589 0.138115 0)
(1.09873 0.188161 0)
(1.1551 0.236986 0)
(1.16535 0.243862 0)
(1.11693 0.0735236 0)
(0.816842 -0.20733 0)
(-0.159363 -0.858046 0)
(0.0018194 0.031993 0)
(-0.00503724 0.0355018 0)
(-0.0115684 0.0394362 0)
(-0.021567 0.0423374 0)
(-0.0303228 0.0455488 0)
(-0.0417329 0.0528271 0)
(-0.0581731 0.0590171 0)
(-0.0730444 0.062514 0)
(-0.0938676 0.0605905 0)
(-0.114475 0.0590391 0)
(-0.134536 0.0544102 0)
(-0.151596 0.047947 0)
(-0.164169 0.0289483 0)
(-0.161761 0.00703923 0)
(-0.160953 -0.00745885 0)
(-0.155291 -0.0094506 0)
(-0.166697 -0.0197594 0)
(-0.155735 -0.0319601 0)
(-0.165929 -0.0544039 0)
(-0.147261 -0.0798756 0)
(-0.188537 -0.130061 0)
(-0.145168 -0.183884 0)
(-0.267587 -0.175498 0)
(-0.00807574 0.032764 0)
(-0.0247711 0.0417114 0)
(-0.0508188 0.0495689 0)
(-0.109916 0.0582713 0)
(-0.145317 0.0656067 0)
(-0.138746 0.077013 0)
(-0.131855 0.0847957 0)
(-0.131238 0.089771 0)
(-0.139472 0.0872494 0)
(-0.145968 0.0807884 0)
(-0.152276 0.0696877 0)
(-0.153066 0.0538569 0)
(-0.152412 0.0246851 0)
(-0.150848 0.00294647 0)
(-0.156524 -0.00664213 0)
(-0.16133 0.000967061 0)
(-0.178569 -0.0123478 0)
(-0.178323 -0.0276003 0)
(-0.198826 -0.0439905 0)
(-0.212829 -0.0449358 0)
(-0.265566 -0.0819727 0)
(-0.31571 -0.119328 0)
(-0.445224 -0.206789 0)
(-0.0246368 0.0668483 0)
(-0.0652474 0.0793486 0)
(-0.107264 0.125876 0)
(-0.144484 0.137811 0)
(-0.158793 0.0742884 0)
(-0.177404 0.0392017 0)
(-0.195211 0.0522747 0)
(-0.202606 0.0707912 0)
(-0.233367 0.0757243 0)
(-0.250815 0.0719942 0)
(-0.254613 0.0616552 0)
(-0.25114 0.0480942 0)
(-0.250895 0.026916 0)
(-0.22039 0.0110919 0)
(-0.175668 0.00329048 0)
(-0.136673 0.0123776 0)
(-0.124691 -0.00244513 0)
(-0.125741 -0.0124685 0)
(-0.165792 -0.0194275 0)
(-0.170554 -0.0157689 0)
(-0.236873 -0.0254794 0)
(-0.260841 -0.00821118 0)
(-0.404912 -0.0246108 0)
(-0.0220565 0.120864 0)
(-0.062878 0.123236 0)
(-0.0989003 0.129084 0)
(-0.0994046 0.11086 0)
(-0.114252 0.0996529 0)
(-0.183301 0.115083 0)
(-0.249249 0.110002 0)
(-0.302427 0.127211 0)
(-0.341805 0.135908 0)
(-0.384449 0.101999 0)
(-0.409599 0.0698705 0)
(-0.428804 0.0498043 0)
(-0.453951 -0.00655297 0)
(-0.42549 -0.0729035 0)
(-0.367139 -0.0907956 0)
(-0.32368 -0.050705 0)
(-0.309916 -0.0228054 0)
(-0.293651 0.0133669 0)
(-0.297643 0.00376784 0)
(-0.231027 0.02808 0)
(-0.214069 0.0131141 0)
(-0.209072 0.0482441 0)
(-0.332023 0.0478082 0)
(-0.0200472 0.15378 0)
(-0.0563915 0.157421 0)
(-0.0948263 0.16245 0)
(-0.127513 0.152201 0)
(-0.178732 0.156949 0)
(-0.227892 0.172704 0)
(-0.285298 0.171331 0)
(-0.352233 0.164177 0)
(-0.408054 0.157981 0)
(-0.473983 0.139932 0)
(-0.581675 0.105328 0)
(-0.675271 0.0918673 0)
(-0.796934 0.0234725 0)
(-0.943563 -0.0733644 0)
(-1.29518 -0.0871397 0)
(-1.71811 -0.0329618 0)
(-1.94507 -0.0210014 0)
(-1.65947 -0.0241186 0)
(-1.34391 -0.0920513 0)
(-1.00762 -0.112044 0)
(-0.709358 -0.0517752 0)
(-0.464822 0.105025 0)
(-0.461379 0.170944 0)
(-0.019832 0.196861 0)
(-0.0553142 0.197855 0)
(-0.093661 0.200789 0)
(-0.130828 0.195742 0)
(-0.184179 0.201787 0)
(-0.232457 0.223694 0)
(-0.291394 0.236663 0)
(-0.360279 0.25057 0)
(-0.451741 0.259785 0)
(-0.562073 0.277832 0)
(-0.735165 0.275737 0)
(-0.94788 0.269316 0)
(-1.2073 0.261766 0)
(-1.59107 0.423762 0)
(-2.10631 0.653962 0)
(-2.49125 0.568987 0)
(-2.59934 -0.0977125 0)
(-2.21754 -0.584786 0)
(-1.97067 -0.63776 0)
(-1.73548 -0.598423 0)
(-1.51783 -0.515975 0)
(-1.2404 -0.196083 0)
(-1.0045 0.0368744 0)
(-0.018285 0.229734 0)
(-0.0515103 0.231826 0)
(-0.0893325 0.238163 0)
(-0.124435 0.242697 0)
(-0.173035 0.258194 0)
(-0.215549 0.27931 0)
(-0.264938 0.298576 0)
(-0.318723 0.324655 0)
(-0.389554 0.35953 0)
(-0.478316 0.423476 0)
(-0.601653 0.490689 0)
(-0.783708 0.56741 0)
(-1.03498 0.66802 0)
(-1.38015 0.833177 0)
(-1.65177 0.857361 0)
(-1.85572 0.472228 0)
(-1.89737 -0.29822 0)
(-1.99778 -0.604554 0)
(-1.96873 -0.620297 0)
(-1.92904 -0.583023 0)
(-1.89903 -0.561821 0)
(-1.81941 -0.417743 0)
(-1.57286 -0.256234 0)
(-0.017534 0.266898 0)
(-0.0488126 0.269239 0)
(-0.0850429 0.27436 0)
(-0.118406 0.280253 0)
(-0.160449 0.294053 0)
(-0.195856 0.316818 0)
(-0.239913 0.341154 0)
(-0.282572 0.376259 0)
(-0.33712 0.420395 0)
(-0.390094 0.490858 0)
(-0.449168 0.582396 0)
(-0.521987 0.701627 0)
(-0.623967 0.86049 0)
(-0.763224 1.03283 0)
(-0.890422 1.10462 0)
(-1.05484 0.80168 0)
(-1.42329 0.0439985 0)
(-1.70382 -0.496207 0)
(-1.65799 -0.707002 0)
(-1.7103 -0.655249 0)
(-1.74604 -0.609179 0)
(-1.73961 -0.52317 0)
(-1.6992 -0.409851 0)
(-0.0160456 0.296366 0)
(-0.0428213 0.299581 0)
(-0.0752168 0.307829 0)
(-0.10237 0.318191 0)
(-0.138651 0.335499 0)
(-0.167744 0.358753 0)
(-0.203812 0.385185 0)
(-0.235275 0.422373 0)
(-0.274199 0.467783 0)
(-0.306959 0.537372 0)
(-0.33725 0.62489 0)
(-0.350436 0.748166 0)
(-0.356931 0.911562 0)
(-0.321969 1.10783 0)
(-0.307122 1.16932 0)
(-0.294452 1.02143 0)
(-0.540127 0.375321 0)
(-0.983027 -0.378429 0)
(-1.40365 -0.61704 0)
(-1.55876 -0.538514 0)
(-1.51585 -0.52101 0)
(-1.50549 -0.468335 0)
(-1.5039 -0.36956 0)
(-0.0148324 0.326222 0)
(-0.0377081 0.328906 0)
(-0.0674943 0.334482 0)
(-0.0904438 0.344313 0)
(-0.12077 0.360109 0)
(-0.142364 0.382709 0)
(-0.170334 0.409219 0)
(-0.19016 0.44721 0)
(-0.214564 0.491912 0)
(-0.227719 0.553761 0)
(-0.236134 0.624435 0)
(-0.219132 0.719853 0)
(-0.177851 0.830124 0)
(-0.0725792 0.976367 0)
(0.074901 1.06624 0)
(0.202965 1.02265 0)
(0.217685 0.7407 0)
(-0.11553 0.362858 0)
(-0.6542 -0.112648 0)
(-1.11739 -0.513326 0)
(-1.37119 -0.66421 0)
(-1.45625 -0.513482 0)
(-1.38185 -0.424502 0)
(-0.0129819 0.348972 0)
(-0.0311007 0.352339 0)
(-0.0570513 0.360543 0)
(-0.075531 0.371565 0)
(-0.100838 0.387337 0)
(-0.116744 0.408466 0)
(-0.138214 0.43294 0)
(-0.149414 0.467133 0)
(-0.163858 0.505709 0)
(-0.163714 0.560117 0)
(-0.161627 0.617384 0)
(-0.135869 0.69178 0)
(-0.0933533 0.766408 0)
(-0.00580418 0.855155 0)
(0.122871 0.901376 0)
(0.274196 0.876227 0)
(0.349863 0.714184 0)
(0.311891 0.489291 0)
(0.100288 0.376911 0)
(-0.275158 0.172457 0)
(-0.937936 -0.218902 0)
(-1.28793 -0.460866 0)
(-1.36747 -0.496529 0)
(-0.011549 0.370745 0)
(-0.02716 0.373434 0)
(-0.049797 0.379368 0)
(-0.0637379 0.388567 0)
(-0.083961 0.40173 0)
(-0.0941845 0.420529 0)
(-0.109456 0.442074 0)
(-0.112869 0.473041 0)
(-0.118966 0.505845 0)
(-0.109317 0.551019 0)
(-0.0954461 0.595435 0)
(-0.0620533 0.649486 0)
(-0.012187 0.698163 0)
(0.0648856 0.754148 0)
(0.173586 0.781856 0)
(0.291229 0.784612 0)
(0.379734 0.702648 0)
(0.374216 0.604774 0)
(0.286059 0.498555 0)
(0.194579 0.521875 0)
(-0.11951 0.385002 0)
(-0.628875 -0.0738086 0)
(-1.19259 -0.37573 0)
(-0.00989138 0.387661 0)
(-0.0215824 0.390609 0)
(-0.0406708 0.39705 0)
(-0.051063 0.405787 0)
(-0.0678382 0.417667 0)
(-0.0742367 0.434091 0)
(-0.086028 0.45149 0)
(-0.0849179 0.47703 0)
(-0.0868867 0.502184 0)
(-0.0726204 0.537299 0)
(-0.0563514 0.570547 0)
(-0.0213244 0.609333 0)
(0.020344 0.640651 0)
(0.0845306 0.669554 0)
(0.160096 0.678438 0)
(0.25219 0.669944 0)
(0.332448 0.637744 0)
(0.378216 0.583264 0)
(0.375407 0.552771 0)
(0.357394 0.576711 0)
(0.362494 0.606086 0)
(0.19324 0.603116 0)
(-0.21975 0.295792 0)
(-0.00866811 0.40258 0)
(-0.0181613 0.404584 0)
(-0.0342114 0.409182 0)
(-0.0413319 0.416075 0)
(-0.0544058 0.425148 0)
(-0.0567966 0.438998 0)
(-0.0642759 0.452768 0)
(-0.0587621 0.47394 0)
(-0.056078 0.49313 0)
(-0.0384163 0.519943 0)
(-0.0184724 0.543195 0)
(0.0173703 0.571148 0)
(0.0594872 0.59101 0)
(0.116124 0.610908 0)
(0.179115 0.612825 0)
(0.247569 0.607018 0)
(0.311028 0.57821 0)
(0.368142 0.555775 0)
(0.39696 0.52641 0)
(0.44211 0.530964 0)
(0.503642 0.553851 0)
(0.582786 0.517713 0)
(0.65318 0.429355 0)
(-0.00732324 0.414444 0)
(-0.0142437 0.416138 0)
(-0.0280131 0.420131 0)
(-0.033192 0.425998 0)
(-0.0443567 0.433001 0)
(-0.0452002 0.444042 0)
(-0.0509457 0.453278 0)
(-0.0441452 0.469083 0)
(-0.0405471 0.48168 0)
(-0.0225579 0.500186 0)
(-0.00468967 0.514723 0)
(0.0286442 0.532024 0)
(0.0637661 0.542189 0)
(0.114091 0.550428 0)
(0.165391 0.547946 0)
(0.225643 0.538158 0)
(0.279613 0.517983 0)
(0.33287 0.497868 0)
(0.380263 0.479395 0)
(0.426183 0.468544 0)
(0.492747 0.468388 0)
(0.574757 0.447574 0)
(0.623851 0.346517 0)
(-0.00642545 0.42441 0)
(-0.0120385 0.425543 0)
(-0.023806 0.428356 0)
(-0.0273277 0.432657 0)
(-0.0360025 0.437284 0)
(-0.0348174 0.445763 0)
(-0.0377824 0.45163 0)
(-0.0290804 0.463557 0)
(-0.0232749 0.471103 0)
(-0.00409405 0.483726 0)
(0.0134252 0.491138 0)
(0.0454926 0.501723 0)
(0.0771471 0.504444 0)
(0.122132 0.507464 0)
(0.166707 0.500377 0)
(0.219075 0.49038 0)
(0.268025 0.471164 0)
(0.318242 0.452214 0)
(0.367873 0.433312 0)
(0.419952 0.415533 0)
(0.479705 0.403096 0)
(0.557812 0.383475 0)
(0.621988 0.351734 0)
(-0.00555537 0.432873 0)
(-0.0101986 0.433509 0)
(-0.0203291 0.435358 0)
(-0.0232247 0.438207 0)
(-0.03076 0.440389 0)
(-0.0297099 0.445878 0)
(-0.0322646 0.447367 0)
(-0.024392 0.454737 0)
(-0.0196049 0.456476 0)
(-0.00190213 0.463838 0)
(0.0130591 0.464887 0)
(0.0426165 0.468807 0)
(0.0702081 0.465361 0)
(0.110685 0.461357 0)
(0.150352 0.450975 0)
(0.197483 0.437069 0)
(0.244023 0.418977 0)
(0.291724 0.398055 0)
(0.340975 0.378222 0)
(0.391434 0.356566 0)
(0.444529 0.332047 0)
(0.503181 0.305201 0)
(0.563792 0.27525 0)
(-0.00506303 0.44034 0)
(-0.00946548 0.440495 0)
(-0.0185891 0.441516 0)
(-0.0213304 0.443232 0)
(-0.0277039 0.443814 0)
(-0.0265931 0.447366 0)
(-0.0276756 0.446206 0)
(-0.0207296 0.450924 0)
(-0.0146391 0.448235 0)
(0.00123428 0.45092 0)
(0.0162683 0.445926 0)
(0.0428667 0.444182 0)
(0.0688411 0.435434 0)
(0.104808 0.426588 0)
(0.140988 0.412626 0)
(0.183793 0.395703 0)
(0.227349 0.376112 0)
(0.274185 0.354089 0)
(0.321719 0.332593 0)
(0.374202 0.310589 0)
(0.424349 0.289582 0)
(0.476265 0.262204 0)
(0.529037 0.248539 0)
(-0.00478624 0.447401 0)
(-0.00953404 0.447052 0)
(-0.0181067 0.44721 0)
(-0.0212953 0.447362 0)
(-0.0271227 0.445612 0)
(-0.0267781 0.445891 0)
(-0.0278989 0.441333 0)
(-0.0224876 0.441721 0)
(-0.0167032 0.434225 0)
(-0.00364214 0.433037 0)
(0.00983289 0.422876 0)
(0.0322495 0.416403 0)
(0.0556994 0.403005 0)
(0.0875955 0.38939 0)
(0.121053 0.371596 0)
(0.160796 0.350819 0)
(0.202419 0.328276 0)
(0.248182 0.303721 0)
(0.295423 0.278147 0)
(0.347097 0.253837 0)
(0.399628 0.230592 0)
(0.451744 0.200318 0)
(0.50803 0.186682 0)
(-0.00493975 0.454785 0)
(-0.0107759 0.453938 0)
(-0.0197781 0.453368 0)
(-0.0240927 0.45233 0)
(-0.0305029 0.449318 0)
(-0.0316462 0.448218 0)
(-0.0335127 0.441939 0)
(-0.0299342 0.439903 0)
(-0.0249903 0.429293 0)
(-0.0141646 0.424495 0)
(5.66614e-05 0.40969 0)
(0.0196154 0.398314 0)
(0.0428202 0.37949 0)
(0.071453 0.361047 0)
(0.103065 0.338653 0)
(0.14044 0.313973 0)
(0.179981 0.287846 0)
(0.225098 0.260572 0)
(0.271439 0.232632 0)
(0.323268 0.205696 0)
(0.376474 0.183701 0)
(0.43049 0.152878 0)
(0.485812 0.140517 0)
(-0.00518979 0.463156 0)
(-0.0127548 0.461941 0)
(-0.0225402 0.460559 0)
(-0.028218 0.45814 0)
(-0.0355523 0.453163 0)
(-0.0379178 0.448889 0)
(-0.0403791 0.439425 0)
(-0.0381766 0.433019 0)
(-0.0339825 0.418047 0)
(-0.0258603 0.407774 0)
(-0.0132709 0.388569 0)
(0.00206781 0.373446 0)
(0.0229634 0.350597 0)
(0.0475717 0.329037 0)
(0.0768697 0.302035 0)
(0.112021 0.273819 0)
(0.15029 0.243062 0)
(0.194955 0.212119 0)
(0.242309 0.179527 0)
(0.295121 0.148484 0)
(0.352051 0.123188 0)
(0.410955 0.0904169 0)
(0.473362 0.0746744 0)
(-0.00589639 0.472847 0)
(-0.0160564 0.471402 0)
(-0.0275056 0.46893 0)
(-0.0353906 0.465422 0)
(-0.0444928 0.459095 0)
(-0.0493143 0.453139 0)
(-0.0539262 0.442321 0)
(-0.0546457 0.43372 0)
(-0.0525528 0.417126 0)
(-0.047892 0.404077 0)
(-0.0374594 0.381806 0)
(-0.0249154 0.362346 0)
(-0.0048875 0.333793 0)
(0.0177487 0.30722 0)
(0.0464435 0.273743 0)
(0.0802864 0.240437 0)
(0.117848 0.204253 0)
(0.162562 0.168281 0)
(0.210767 0.13166 0)
(0.265237 0.0955483 0)
(0.324779 0.0670018 0)
(0.388053 0.0309936 0)
(0.455658 0.0113663 0)
(-0.00708351 0.485208 0)
(-0.0202976 0.483655 0)
(-0.0342605 0.479984 0)
(-0.0451365 0.47521 0)
(-0.0568396 0.467131 0)
(-0.0645892 0.458328 0)
(-0.0716935 0.444647 0)
(-0.0751204 0.431473 0)
(-0.0754384 0.410933 0)
(-0.0736093 0.392322 0)
(-0.0659226 0.364998 0)
(-0.0567591 0.340425 0)
(-0.0401609 0.307227 0)
(-0.0217575 0.277341 0)
(0.00457685 0.238796 0)
(0.0353702 0.202119 0)
(0.0717072 0.160089 0)
(0.115752 0.118857 0)
(0.164887 0.0761401 0)
(0.221066 0.0339466 0)
(0.285064 -0.000267145 0)
(0.354357 -0.04131 0)
(0.431398 -0.06506 0)
(-0.00879674 0.500364 0)
(-0.025731 0.498715 0)
(-0.0430709 0.493893 0)
(-0.0578218 0.488107 0)
(-0.0729854 0.478669 0)
(-0.0845907 0.4681 0)
(-0.0955252 0.453014 0)
(-0.103161 0.437655 0)
(-0.107971 0.415856 0)
(-0.110347 0.394889 0)
(-0.107125 0.365238 0)
(-0.101766 0.336981 0)
(-0.088557 0.298958 0)
(-0.0732815 0.262744 0)
(-0.0485543 0.216474 0)
(-0.0209751 0.173319 0)
(0.0153766 0.123455 0)
(0.0587307 0.0749082 0)
(0.108857 0.0257586 0)
(0.166772 -0.0249846 0)
(0.233945 -0.0669745 0)
(0.307625 -0.115964 0)
(0.391386 -0.147814 0)
(-0.0109586 0.519935 0)
(-0.031859 0.518134 0)
(-0.0533855 0.512268 0)
(-0.0726382 0.505297 0)
(-0.0922112 0.494047 0)
(-0.108585 0.480953 0)
(-0.124347 0.46323 0)
(-0.136647 0.443841 0)
(-0.146413 0.417905 0)
(-0.15304 0.391169 0)
(-0.154976 0.355913 0)
(-0.154655 0.321327 0)
(-0.147797 0.27802 0)
(-0.138534 0.236787 0)
(-0.120171 0.185734 0)
(-0.0990554 0.137767 0)
(-0.0663872 0.0796005 0)
(-0.0287434 0.0249163 0)
(0.0208165 -0.0327735 0)
(0.079501 -0.0918338 0)
(0.149484 -0.141998 0)
(0.227282 -0.199769 0)
(0.319526 -0.238735 0)
(-0.0133946 0.54335 0)
(-0.0387123 0.541314 0)
(-0.0649079 0.534838 0)
(-0.0890887 0.527083 0)
(-0.113457 0.514792 0)
(-0.135141 0.500396 0)
(-0.15621 0.481306 0)
(-0.174082 0.459945 0)
(-0.189964 0.432557 0)
(-0.202826 0.403788 0)
(-0.211696 0.367259 0)
(-0.217479 0.330268 0)
(-0.216155 0.283261 0)
(-0.211349 0.235507 0)
(-0.196575 0.177137 0)
(-0.179791 0.119599 0)
(-0.149362 0.0529105 0)
(-0.117229 -0.0124496 0)
(-0.0683135 -0.0829826 0)
(-0.0132183 -0.154028 0)
(0.0557391 -0.2154 0)
(0.135107 -0.286775 0)
(0.23135 -0.339339 0)
(-0.0158994 0.572394 0)
(-0.0459685 0.570003 0)
(-0.077255 0.562993 0)
(-0.106792 0.55416 0)
(-0.136653 0.540398 0)
(-0.164294 0.523922 0)
(-0.191417 0.502342 0)
(-0.21557 0.477648 0)
(-0.238048 0.446626 0)
(-0.257039 0.412756 0)
(-0.272514 0.370271 0)
(-0.284328 0.325381 0)
(-0.290758 0.271279 0)
(-0.294115 0.216665 0)
(-0.289332 0.153503 0)
(-0.280261 0.0901523 0)
(-0.256568 0.0163656 0)
(-0.229528 -0.0566405 0)
(-0.183649 -0.137659 0)
(-0.137043 -0.21664 0)
(-0.0709827 -0.291307 0)
(0.00659824 -0.376474 0)
(0.101635 -0.440099 0)
(-0.0183542 0.605398 0)
(-0.0532448 0.602858 0)
(-0.0894758 0.59586 0)
(-0.124028 0.586673 0)
(-0.159016 0.572532 0)
(-0.19206 0.555398 0)
(-0.224867 0.532899 0)
(-0.255026 0.506886 0)
(-0.284037 0.474419 0)
(-0.309779 0.43863 0)
(-0.332859 0.395012 0)
(-0.352478 0.348983 0)
(-0.366929 0.293602 0)
(-0.376489 0.234579 0)
(-0.376618 0.163616 0)
(-0.373006 0.0869538 0)
(-0.357625 0.00208223 0)
(-0.34003 -0.085403 0)
(-0.310546 -0.17579 0)
(-0.282266 -0.266851 0)
(-0.22587 -0.359552 0)
(-0.157212 -0.46013 0)
(-0.0725919 -0.541108 0)
(-0.0209205 0.644565 0)
(-0.0610729 0.641695 0)
(-0.102678 0.634333 0)
(-0.142844 0.624197 0)
(-0.183666 0.608908 0)
(-0.222817 0.590145 0)
(-0.261978 0.565651 0)
(-0.298741 0.537027 0)
(-0.334675 0.501558 0)
(-0.367301 0.461632 0)
(-0.397676 0.412967 0)
(-0.423979 0.359323 0)
(-0.4464 0.294983 0)
(-0.465114 0.22596 0)
(-0.479138 0.149584 0)
(-0.488295 0.0708592 0)
(-0.49213 -0.0169558 0)
(-0.499106 -0.104197 0)
(-0.493923 -0.195983 0)
(-0.462862 -0.302077 0)
(-0.403619 -0.41745 0)
(-0.332785 -0.530925 0)
(-0.247349 -0.630099 0)
(-0.0230524 0.687514 0)
(-0.0675496 0.684768 0)
(-0.113597 0.67782 0)
(-0.158298 0.667873 0)
(-0.204001 0.652798 0)
(-0.248171 0.634027 0)
(-0.292932 0.609233 0)
(-0.335438 0.579998 0)
(-0.377918 0.54347 0)
(-0.417305 0.502085 0)
(-0.455773 0.452192 0)
(-0.490933 0.398161 0)
(-0.523881 0.335297 0)
(-0.552842 0.26791 0)
(-0.578497 0.187276 0)
(-0.60675 0.100301 0)
(-0.639042 0.0129432 0)
(-0.66894 -0.0831998 0)
(-0.648012 -0.212291 0)
(-0.602311 -0.357204 0)
(-0.539457 -0.490007 0)
(-0.466953 -0.616896 0)
(-0.380497 -0.732394 0)
(-0.0258783 0.736031 0)
(-0.0761044 0.733086 0)
(-0.127754 0.72588 0)
(-0.178155 0.715303 0)
(-0.229683 0.699439 0)
(-0.279883 0.679605 0)
(-0.330959 0.653415 0)
(-0.380154 0.622382 0)
(-0.429822 0.583783 0)
(-0.476986 0.539754 0)
(-0.524091 0.486859 0)
(-0.568704 0.427653 0)
(-0.613868 0.356981 0)
(-0.661676 0.280511 0)
(-0.716373 0.203476 0)
(-0.773549 0.131462 0)
(-0.81652 0.0457177 0)
(-0.799764 -0.0957333 0)
(-0.753169 -0.262796 0)
(-0.705373 -0.411558 0)
(-0.647397 -0.553741 0)
(-0.576795 -0.691201 0)
(-0.491768 -0.821724 0)
(-0.0271332 0.789516 0)
(-0.0800718 0.786728 0)
(-0.13488 0.780028 0)
(-0.188938 0.770028 0)
(-0.244886 0.754873 0)
(-0.299933 0.735709 0)
(-0.356752 0.710015 0)
(-0.412166 0.679396 0)
(-0.469224 0.640903 0)
(-0.524518 0.596914 0)
(-0.581515 0.54451 0)
(-0.637556 0.48844 0)
(-0.697227 0.428938 0)
(-0.762292 0.371255 0)
(-0.838998 0.299971 0)
(-0.908994 0.201261 0)
(-0.912063 0.0389169 0)
(-0.864039 -0.146458 0)
(-0.833566 -0.307272 0)
(-0.785754 -0.463444 0)
(-0.729942 -0.618988 0)
(-0.654301 -0.773108 0)
(-0.563899 -0.924027 0)
(-0.0304495 0.84431 0)
(-0.0901034 0.84189 0)
(-0.151359 0.835741 0)
(-0.211401 0.826194 0)
(-0.273165 0.81125 0)
(-0.334362 0.792167 0)
(-0.397669 0.766303 0)
(-0.460135 0.735419 0)
(-0.525275 0.696693 0)
(-0.59042 0.652605 0)
(-0.660601 0.600437 0)
(-0.734969 0.544086 0)
(-0.821126 0.482133 0)
(-0.910931 0.422905 0)
(-0.985298 0.35058 0)
(-0.996189 0.204709 0)
(-0.951438 0.000533809 0)
(-0.930132 -0.174577 0)
(-0.89275 -0.341648 0)
(-0.842462 -0.515741 0)
(-0.77835 -0.68589 0)
(-0.698506 -0.858419 0)
(-0.606704 -1.02486 0)
(-0.0305853 0.91026 0)
(-0.0905883 0.907881 0)
(-0.152759 0.901588 0)
(-0.214713 0.892154 0)
(-0.279614 0.878254 0)
(-0.344739 0.860695 0)
(-0.413441 0.836332 0)
(-0.482505 0.807602 0)
(-0.555198 0.771806 0)
(-0.628877 0.732848 0)
(-0.7086 0.689754 0)
(-0.794206 0.64953 0)
(-0.891209 0.606033 0)
(-0.990992 0.536356 0)
(-1.0485 0.385968 0)
(-1.01788 0.166883 0)
(-0.991595 -0.0268205 0)
(-0.968143 -0.205981 0)
(-0.917228 -0.395048 0)
(-0.863688 -0.57856 0)
(-0.79281 -0.763653 0)
(-0.715671 -0.945611 0)
(-0.627855 -1.12382 0)
(-0.0335293 0.966199 0)
(-0.0996448 0.964834 0)
(-0.168039 0.960674 0)
(-0.237108 0.953867 0)
(-0.309564 0.942143 0)
(-0.382678 0.926893 0)
(-0.459315 0.905013 0)
(-0.537456 0.878139 0)
(-0.621057 0.844055 0)
(-0.707778 0.80711 0)
(-0.802186 0.766825 0)
(-0.902337 0.728015 0)
(-1.00415 0.679427 0)
(-1.07706 0.581351 0)
(-1.06879 0.376525 0)
(-1.03711 0.148781 0)
(-1.02182 -0.0503397 0)
(-0.973149 -0.248839 0)
(-0.925917 -0.446721 0)
(-0.864416 -0.64075 0)
(-0.799506 -0.834446 0)
(-0.725297 -1.0243 0)
(-0.646734 -1.21028 0)
(-0.0337835 1.04463 0)
(-0.100322 1.04356 0)
(-0.169084 1.04011 0)
(-0.23802 1.03463 0)
(-0.310558 1.02459 0)
(-0.384489 1.01112 0)
(-0.463153 0.991611 0)
(-0.544965 0.969949 0)
(-0.633893 0.942576 0)
(-0.729325 0.914676 0)
(-0.835294 0.884915 0)
(-0.946838 0.852398 0)
(-1.0515 0.78223 0)
(-1.09535 0.601109 0)
(-1.06562 0.346314 0)
(-1.04192 0.119209 0)
(-1.0107 -0.0912514 0)
(-0.960023 -0.302499 0)
(-0.910301 -0.504712 0)
(-0.848781 -0.705824 0)
(-0.787834 -0.903888 0)
(-0.718428 -1.09941 0)
(-0.647063 -1.29046 0)
(-0.0348694 1.0995 0)
(-0.103976 1.09945 0)
(-0.175857 1.0979 0)
(-0.249236 1.09515 0)
(-0.327429 1.08878 0)
(-0.409075 1.08001 0)
(-0.497057 1.06628 0)
(-0.589206 1.04991 0)
(-0.686698 1.02952 0)
(-0.789853 1.00981 0)
(-0.902651 0.985425 0)
(-1.01332 0.944859 0)
(-1.09869 0.828559 0)
(-1.0961 0.594297 0)
(-1.06358 0.324309 0)
(-1.04011 0.0930585 0)
(-0.989487 -0.131904 0)
(-0.942192 -0.349346 0)
(-0.885498 -0.557994 0)
(-0.829184 -0.763185 0)
(-0.769167 -0.964778 0)
(-0.708515 -1.16507 0)
(-0.642539 -1.35994 0)
(-0.0363009 1.18709 0)
(-0.108085 1.18804 0)
(-0.182175 1.18859 0)
(-0.257001 1.18912 0)
(-0.335698 1.1869 0)
(-0.416535 1.18288 0)
(-0.502914 1.17344 0)
(-0.59322 1.16117 0)
(-0.690888 1.14437 0)
(-0.795146 1.13238 0)
(-0.90925 1.10976 0)
(-1.01825 1.05081 0)
(-1.08499 0.86587 0)
(-1.06292 0.566603 0)
(-1.03165 0.289086 0)
(-1.00288 0.044029 0)
(-0.94927 -0.190125 0)
(-0.903555 -0.408217 0)
(-0.846655 -0.619031 0)
(-0.797137 -0.824159 0)
(-0.739775 -1.02633 0)
(-0.687869 -1.22828 0)
(-0.627816 -1.42596 0)
(-0.0343451 1.23989 0)
(-0.103194 1.2415 0)
(-0.17559 1.24332 0)
(-0.251622 1.24562 0)
(-0.33374 1.2458 0)
(-0.42124 1.24534 0)
(-0.516001 1.24163 0)
(-0.619609 1.23732 0)
(-0.732078 1.231 0)
(-0.854883 1.22839 0)
(-0.971413 1.20737 0)
(-1.07299 1.12105 0)
(-1.09298 0.870634 0)
(-1.05777 0.542791 0)
(-1.02427 0.264001 0)
(-0.973584 0.011899 0)
(-0.91995 -0.230605 0)
(-0.868223 -0.450972 0)
(-0.813273 -0.663187 0)
(-0.764714 -0.868639 0)
(-0.711125 -1.07219 0)
(-0.663044 -1.27525 0)
(-0.609817 -1.4761 0)
(-0.0366169 1.33238 0)
(-0.109614 1.33695 0)
(-0.185639 1.34445 0)
(-0.26418 1.35443 0)
(-0.347652 1.3632 0)
(-0.434755 1.37136 0)
(-0.526864 1.37731 0)
(-0.623903 1.38229 0)
(-0.728182 1.3839 0)
(-0.84186 1.37641 0)
(-0.948104 1.33101 0)
(-1.03297 1.17705 0)
(-1.03786 0.849925 0)
(-0.998553 0.497715 0)
(-0.974028 0.201626 0)
(-0.917846 -0.0618827 0)
(-0.873326 -0.298635 0)
(-0.824009 -0.517465 0)
(-0.777821 -0.726101 0)
(-0.733344 -0.930068 0)
(-0.686493 -1.1322 0)
(-0.641845 -1.3344 0)
(-0.593612 -1.53525 0)
(-0.0320262 1.37708 0)
(-0.0961322 1.3815 0)
(-0.164214 1.38893 0)
(-0.236662 1.39884 0)
(-0.3174 1.40788 0)
(-0.407947 1.4166 0)
(-0.511022 1.42341 0)
(-0.62457 1.4323 0)
(-0.749759 1.44308 0)
(-0.877951 1.4438 0)
(-0.99617 1.39415 0)
(-1.0649 1.20735 0)
(-1.05349 0.836265 0)
(-1.00629 0.481378 0)
(-0.954803 0.184533 0)
(-0.890108 -0.0854759 0)
(-0.841007 -0.322652 0)
(-0.792199 -0.542657 0)
(-0.747623 -0.750236 0)
(-0.704544 -0.95506 0)
(-0.660936 -1.15821 0)
(-0.618813 -1.36202 0)
(-0.575019 -1.56523 0)
(-0.0292507 1.47403 0)
(-0.088179 1.48283 0)
(-0.151496 1.49902 0)
(-0.220029 1.52212 0)
(-0.297734 1.54943 0)
(-0.385992 1.58023 0)
(-0.487162 1.60936 0)
(-0.599034 1.63581 0)
(-0.717823 1.65147 0)
(-0.833688 1.63493 0)
(-0.931995 1.52779 0)
(-0.986218 1.23911 0)
(-0.974601 0.789318 0)
(-0.941099 0.3956 0)
(-0.890012 0.0803183 0)
(-0.83679 -0.179737 0)
(-0.795456 -0.402121 0)
(-0.756184 -0.616743 0)
(-0.718288 -0.821243 0)
(-0.68073 -1.02532 0)
(-0.641478 -1.22786 0)
(-0.602621 -1.43164 0)
(-0.561595 -1.6356 0)
(-0.0230532 -0.157077 0)
(-0.0254423 -0.238201 0)
(0.135777 0.516653 0)
(-0.567114 0.92032 0)
(-0.449641 -0.204413 0)
(-0.588678 -0.0518358 0)
(-0.581413 0.571601 0)
(-0.604809 0.816416 0)
(-0.483219 0.0787388 0)
(-0.602194 0.109102 0)
(-0.606607 0.551658 0)
(-0.495861 0.845683 0)
(-0.38336 0.145072 0)
(-0.399233 0.213814 0)
(-0.399058 0.335752 0)
(-0.232297 0.390977 0)
(-0.453209 0.172994 0)
(-0.420859 0.160572 0)
(-0.357849 0.178731 0)
(-0.265604 0.147501 0)
(-0.86687 0.062046 0)
(-0.776877 0.0129642 0)
(-0.679257 0.00559039 0)
(-0.587548 0.000170978 0)
(-1.41997 -0.211341 0)
(-1.32158 -0.237424 0)
(-1.23388 -0.223694 0)
(-1.15708 -0.160237 0)
(-1.64899 -0.36449 0)
(-1.6429 -0.372585 0)
(-1.6779 -0.194199 0)
(-1.83017 -0.0425536 0)
(-1.49187 -0.290961 0)
(-1.5081 -0.218499 0)
(-1.52955 -0.0967734 0)
(-1.44143 -0.0751566 0)
(-1.35571 -0.343816 0)
(-1.34662 -0.265798 0)
(-1.30234 -0.2143 0)
(-1.23921 -0.186036 0)
(-1.3617 -0.341139 0)
(-1.30004 -0.329579 0)
(-1.24413 -0.326095 0)
(-1.20088 -0.283775 0)
(-1.33269 -0.445108 0)
(-1.28021 -0.527951 0)
(-1.24565 -0.437446 0)
(-1.20594 -0.310226 0)
(-0.519427 -0.263869 0)
(-0.6918 -0.511005 0)
(-0.885762 -0.50326 0)
(-1.01926 -0.45481 0)
(0.573329 0.3265 0)
(0.409547 0.25905 0)
(0.257677 0.237815 0)
(0.130146 0.122374 0)
(0.637845 0.226734 0)
(0.632811 0.147977 0)
(0.632506 0.100052 0)
(0.633058 0.0515478 0)
(0.631411 0.304921 0)
(0.62007 0.267302 0)
(0.597946 0.231432 0)
(0.568403 0.194571 0)
(0.59311 0.243398 0)
(0.608513 0.222792 0)
(0.614027 0.211191 0)
(0.616571 0.199708 0)
(0.556477 0.228832 0)
(0.570321 0.221265 0)
(0.582179 0.212657 0)
(0.590367 0.21142 0)
(0.545264 0.176656 0)
(0.565938 0.170719 0)
(0.588329 0.167753 0)
(0.606872 0.173298 0)
(0.527587 0.133196 0)
(0.551765 0.129601 0)
(0.577798 0.124692 0)
(0.600981 0.130039 0)
(0.521984 0.0676395 0)
(0.553257 0.0649952 0)
(0.58503 0.0618591 0)
(0.61587 0.0656287 0)
(0.508392 -2.17771e-06 0)
(0.543142 -0.003913 0)
(0.578827 -0.00894888 0)
(0.614062 -0.00774588 0)
(0.491398 -0.0790457 0)
(0.531254 -0.0841567 0)
(0.57224 -0.0901456 0)
(0.61365 -0.0904975 0)
(0.456961 -0.166852 0)
(0.500818 -0.175249 0)
(0.54633 -0.184541 0)
(0.592567 -0.188483 0)
(0.392032 -0.262403 0)
(0.440944 -0.273846 0)
(0.491821 -0.286151 0)
(0.54412 -0.292936 0)
(0.307964 -0.369939 0)
(0.359392 -0.387083 0)
(0.413565 -0.40425 0)
(0.469577 -0.416391 0)
(0.179606 -0.476635 0)
(0.232158 -0.49829 0)
(0.288257 -0.521 0)
(0.347442 -0.537195 0)
(0.00408641 -0.588159 0)
(0.0561599 -0.617869 0)
(0.113108 -0.649664 0)
(0.173441 -0.673128 0)
(-0.169836 -0.692359 0)
(-0.117006 -0.730444 0)
(-0.0597724 -0.770922 0)
(-0.000688809 -0.799879 0)
(-0.30403 -0.806124 0)
(-0.251256 -0.851532 0)
(-0.193804 -0.896852 0)
(-0.134167 -0.9366 0)
(-0.413705 -0.909367 0)
(-0.359469 -0.965225 0)
(-0.299648 -1.02046 0)
(-0.237374 -1.07408 0)
(-0.481783 -1.02801 0)
(-0.425978 -1.09368 0)
(-0.365679 -1.15646 0)
(-0.303699 -1.21739 0)
(-0.527881 -1.14055 0)
(-0.475151 -1.21225 0)
(-0.419374 -1.28089 0)
(-0.361496 -1.34685 0)
(-0.556567 -1.24782 0)
(-0.508233 -1.32434 0)
(-0.458357 -1.39821 0)
(-0.405636 -1.46851 0)
(-0.582776 -1.34073 0)
(-0.539732 -1.42101 0)
(-0.495476 -1.49903 0)
(-0.448704 -1.57295 0)
(-0.589492 -1.42694 0)
(-0.550955 -1.51033 0)
(-0.511465 -1.59209 0)
(-0.47024 -1.66946 0)
(-0.592817 -1.50066 0)
(-0.558806 -1.58622 0)
(-0.524601 -1.67029 0)
(-0.489305 -1.75 0)
(-0.584843 -1.569 0)
(-0.554857 -1.65631 0)
(-0.52485 -1.74188 0)
(-0.49427 -1.82366 0)
(-0.57205 -1.62109 0)
(-0.546579 -1.71037 0)
(-0.520563 -1.79746 0)
(-0.495179 -1.88145 0)
(-0.558307 -1.68006 0)
(-0.535165 -1.7697 0)
(-0.510983 -1.85692 0)
(-0.488175 -1.94163 0)
(-0.542485 -1.71144 0)
(-0.521819 -1.80225 0)
(-0.499707 -1.89019 0)
(-0.479522 -1.97588 0)
(-0.530646 -1.78184 0)
(-0.510997 -1.87351 0)
(-0.489601 -1.96161 0)
(-0.470232 -2.04826 0)
(-0.690523 1.22444 0)
(-0.275474 1.05147 0)
(0.437172 -0.163864 0)
(0.467871 -0.459204 0)
(0.461047 -0.586792 0)
(0.432704 -0.676076 0)
(0.477626 -0.569795 0)
(0.602208 -0.405063 0)
(0.687716 -0.169292 0)
(0.759543 -0.0340336 0)
(0.869758 0.0383595 0)
(0.953189 0.0590297 0)
(1.01484 0.0950509 0)
(1.06623 0.142116 0)
(1.09548 0.227041 0)
(1.0012 0.276867 0)
(0.800316 0.237682 0)
(0.27866 0.22145 0)
(-0.196964 -0.71415 0)
(-0.563785 1.09576 0)
(0.204396 0.305028 0)
(0.335796 -0.340929 0)
(0.374794 -0.442181 0)
(0.334893 -0.566736 0)
(0.375656 -0.694345 0)
(0.385396 -0.671206 0)
(0.475341 -0.513108 0)
(0.161583 -0.15713 0)
(0.36211 -0.105302 0)
(0.536525 -0.0609894 0)
(0.782166 0.0015903 0)
(0.889677 0.0518306 0)
(0.913125 0.129685 0)
(0.908596 0.297974 0)
(0.344942 0.495038 0)
(0.0838029 0.668587 0)
(-0.498511 0.536464 0)
(0.0305746 -0.838377 0)
(-0.339807 0.540046 0)
(0.382649 -0.10887 0)
(0.27034 -0.240189 0)
(0.291626 -0.458936 0)
(0.240197 -0.588363 0)
(0.307337 -0.720214 0)
(0.188332 -0.687032 0)
(-1.13568 -0.0501915 0)
(-0.961403 -0.119192 0)
(-1.02289 -0.320029 0)
(-0.664184 -0.352988 0)
(-0.617844 -0.232535 0)
(-0.354859 -0.0405164 0)
(-0.480483 0.141586 0)
(-0.203459 0.699457 0)
(-0.377435 1.06201 0)
(-0.306094 0.970706 0)
(-0.516353 0.267853 0)
(0.0620681 -1.13549 0)
(0.0536422 0.255742 0)
(0.137437 -0.154777 0)
(0.160911 -0.264771 0)
(0.147805 -0.411998 0)
(0.219726 -0.581935 0)
(-0.0318004 -0.617814 0)
(-1.86206 0.67743 0)
(-2.01495 0.411734 0)
(-2.25557 -0.2311 0)
(-2.17622 -0.418228 0)
(-2.29997 -0.445204 0)
(-2.50666 -0.278249 0)
(-2.58444 -0.0806799 0)
(-2.66483 -0.0273401 0)
(-2.27879 0.271257 0)
(-1.07732 0.62311 0)
(-0.430272 0.816724 0)
(-0.23268 0.204534 0)
(0.12162 -1.25046 0)
(-0.110811 0.0814784 0)
(-0.0562104 -0.201334 0)
(-0.100263 -0.25095 0)
(0.140015 -0.511359 0)
(-0.849889 -0.386724 0)
(-2.09232 1.1156 0)
(-2.72245 1.04105 0)
(-2.71868 0.368999 0)
(-2.74073 0.0158317 0)
(-2.55988 -0.23873 0)
(-2.64152 -0.0390656 0)
(-2.97054 0.067762 0)
(-3.08444 0.111992 0)
(-2.81308 -0.0862066 0)
(-2.39744 -0.726182 0)
(-1.41597 -0.677916 0)
(-0.564419 0.178908 0)
(0.129573 -0.241802 0)
(0.0976243 -1.23272 0)
(-0.501382 0.0135765 0)
(-0.433201 -0.166688 0)
(-0.228657 -0.446391 0)
(-0.819096 0.311457 0)
(-2.18178 1.21921 0)
(-2.58659 1.2421 0)
(-2.60958 1.20187 0)
(-2.28431 0.450093 0)
(-1.85032 -0.404534 0)
(-1.52964 -0.535178 0)
(-1.44192 -0.104968 0)
(-1.60609 0.0760552 0)
(-1.26246 -0.271447 0)
(-0.662991 -0.75819 0)
(-0.308769 -0.967195 0)
(-0.348805 -1.02751 0)
(-0.0336343 -0.493737 0)
(0.31173 -0.353501 0)
(0.111986 -1.0485 0)
(-1.14851 -0.092925 0)
(-1.17017 -0.424604 0)
(-1.42082 0.102799 0)
(-1.88816 1.19803 0)
(-2.05591 1.38595 0)
(-2.02317 1.45903 0)
(-1.59982 0.762861 0)
(-0.57389 -0.339946 0)
(-0.398914 -0.616671 0)
(-0.446132 -0.61981 0)
(-0.389444 0.06361 0)
(-0.55892 -0.0176025 0)
(-0.185742 -0.700781 0)
(-0.155363 -0.832165 0)
(-0.151774 -0.968199 0)
(-0.162044 -0.972665 0)
(-0.19907 -0.649291 0)
(0.204965 -0.289505 0)
(0.126886 -0.886366 0)
(-1.83197 0.0227278 0)
(-1.82932 -0.0256694 0)
(-2.01898 0.267727 0)
(-1.64296 0.885326 0)
(-1.66599 1.24859 0)
(-1.43333 0.848378 0)
(-0.400134 -0.126391 0)
(-0.234874 -0.554521 0)
(-0.308792 -0.550939 0)
(-0.394055 -0.532596 0)
(-0.524397 -0.0510999 0)
(-0.102067 -0.138265 0)
(-0.156635 -0.658687 0)
(-0.160059 -0.825734 0)
(-0.147032 -0.958277 0)
(-0.15044 -0.967817 0)
(-0.132686 -0.757206 0)
(0.062531 -0.592537 0)
(0.110765 -0.747151 0)
(-1.36352 -0.0890072 0)
(-1.32035 -0.170033 0)
(-1.38388 -0.0862995 0)
(-1.17959 0.897297 0)
(-0.799785 1.25757 0)
(-0.196024 0.349805 0)
(-0.00768624 -0.361826 0)
(-0.211147 -0.423835 0)
(-0.295766 -0.476287 0)
(-0.416872 -0.41647 0)
(-0.520289 -0.189976 0)
(-0.217579 -0.329386 0)
(-0.228678 -0.64871 0)
(-0.231364 -0.835144 0)
(-0.199226 -0.978724 0)
(-0.152698 -0.983656 0)
(-0.083836 -0.805317 0)
(0.000346254 -0.680989 0)
(0.0996137 -0.679746 0)
(-1.18227 -0.123526 0)
(-1.13254 -0.0245861 0)
(-1.25941 0.14853 0)
(-1.22661 0.290687 0)
(-0.373168 0.307812 0)
(0.0923758 0.138531 0)
(-0.1205 -0.09843 0)
(-0.263611 -0.292105 0)
(-0.362938 -0.365577 0)
(-0.485429 -0.324067 0)
(-0.49132 -0.257832 0)
(-0.354306 -0.395753 0)
(-0.352718 -0.643696 0)
(-0.351124 -0.853249 0)
(-0.300095 -1.02911 0)
(-0.256988 -1.07356 0)
(-0.119807 -0.892416 0)
(-0.0471047 -0.721595 0)
(0.0312042 -0.654299 0)
(-1.16768 -0.203047 0)
(-1.09547 -0.105081 0)
(-0.945711 0.0158381 0)
(-0.780885 0.119907 0)
(-0.578731 0.153115 0)
(-0.407077 0.0947896 0)
(-0.341141 -0.0471684 0)
(-0.386884 -0.203155 0)
(-0.505031 -0.277199 0)
(-0.581288 -0.297114 0)
(-0.550646 -0.308266 0)
(-0.428045 -0.447795 0)
(-0.469725 -0.656926 0)
(-0.517915 -0.881532 0)
(-0.404697 -1.06621 0)
(-0.359766 -1.14641 0)
(-0.243491 -0.997201 0)
(-0.133485 -0.81877 0)
(-0.0330081 -0.695367 0)
(-1.1233 -0.231833 0)
(-1.01695 -0.223047 0)
(-0.914528 -0.138087 0)
(-0.803649 -0.0585707 0)
(-0.66071 -0.0526841 0)
(-0.555886 -0.0715835 0)
(-0.501425 -0.114354 0)
(-0.507253 -0.145379 0)
(-0.602141 -0.189599 0)
(-0.636552 -0.285172 0)
(-0.591182 -0.398656 0)
(-0.564357 -0.469412 0)
(-1.46672 -0.404091 0)
(-0.681128 -0.994243 0)
(-0.497536 -1.17054 0)
(-0.425426 -1.21767 0)
(-0.304027 -1.09569 0)
(-0.208165 -0.912393 0)
(-0.0796278 -0.803302 0)
(-1.10715 -0.411978 0)
(-1.07831 -0.303206 0)
(-0.963002 -0.172115 0)
(-0.869518 -0.110157 0)
(-0.762946 -0.0712294 0)
(-0.642686 -0.0497945 0)
(-0.408965 -0.0904015 0)
(-0.772025 -0.100371 0)
(-0.995439 -0.144751 0)
(-1.45751 -0.29061 0)
(-2.18169 -0.31555 0)
(-2.36817 0.32986 0)
(-1.26094 -1.05225 0)
(-0.911275 -1.42284 0)
(-0.646467 -1.36413 0)
(-0.461127 -1.32149 0)
(-0.322325 -1.19344 0)
(-0.237714 -1.02189 0)
(-0.071264 -0.959293 0)
(-0.0605022 -0.148074 0)
(-0.195653 -0.349299 0)
(-0.301943 -0.32575 0)
(-0.366444 -0.245878 0)
(-0.551679 -0.260757 0)
(-0.683155 -0.394799 0)
(-0.876664 0.0173605 0)
(-0.956298 0.33064 0)
(-1.22749 0.419034 0)
(-1.50008 0.7048 0)
(-2.17679 0.315947 0)
(-1.52318 -1.1311 0)
(-1.05438 -1.53812 0)
(-0.934016 -1.63892 0)
(-0.775329 -1.56177 0)
(-0.853714 -1.49594 0)
(-0.688285 -1.29795 0)
(-0.478026 -1.13743 0)
(-0.156896 -1.07289 0)
(0.578775 -0.0468842 0)
(0.365465 -0.0936532 0)
(0.1078 -0.0119124 0)
(-0.172988 0.114087 0)
(-0.454135 0.220617 0)
(-0.876608 0.23085 0)
(-1.11313 0.171264 0)
(-1.05726 0.237324 0)
(-1.05532 0.412026 0)
(-1.0042 0.526052 0)
(-0.843359 -0.0680608 0)
(-0.930659 -0.90352 0)
(-1.01775 -1.5992 0)
(-0.980445 -1.67718 0)
(-0.96005 -1.44476 0)
(-1.02349 -1.45778 0)
(-0.859938 -1.5066 0)
(-0.68809 -1.49118 0)
(-0.213516 -1.55816 0)
(0.501119 0.115116 0)
(0.326592 0.0842572 0)
(0.150605 0.158731 0)
(-0.0415136 0.267971 0)
(-0.220861 0.36814 0)
(-0.439444 0.21687 0)
(-0.575328 0.175663 0)
(-0.62334 0.258993 0)
(-0.531816 0.346581 0)
(-0.265334 0.495601 0)
(-0.0920951 0.196641 0)
(-0.178095 -0.849662 0)
(-0.532099 -1.49584 0)
(-0.765836 -1.68206 0)
(-0.702333 -1.52734 0)
(-0.537021 -1.54045 0)
(-0.472158 -1.61192 0)
(-0.340955 -1.74699 0)
(-0.105996 -1.89243 0)
(0.599269 0.194399 0)
(0.518939 0.220611 0)
(0.422946 0.319487 0)
(0.312465 0.448677 0)
(0.196524 0.57815 0)
(-0.00546436 0.543533 0)
(-0.245048 0.343883 0)
(-0.362962 0.203819 0)
(-0.289639 0.116572 0)
(0.0480195 0.10834 0)
(0.444463 -0.0833995 0)
(0.52713 -0.571728 0)
(0.187889 -1.07841 0)
(-0.207004 -1.51282 0)
(-0.515363 -1.66103 0)
(-0.482978 -1.68761 0)
(-0.324324 -1.65954 0)
(-0.157539 -1.7927 0)
(-0.019701 -1.96431 0)
(0.599037 0.210817 0)
(0.596928 0.246915 0)
(0.594462 0.344055 0)
(0.615361 0.476243 0)
(0.650978 0.65406 0)
(0.629129 0.627432 0)
(0.577704 0.493386 0)
(0.45713 0.292086 0)
(0.476493 -0.0399997 0)
(0.529486 -0.179901 0)
(0.705752 -0.266436 0)
(0.792755 -0.584704 0)
(0.651531 -0.837529 0)
(0.410316 -1.04607 0)
(-0.0311487 -1.29299 0)
(-0.355386 -1.69065 0)
(-0.378133 -1.91635 0)
(-0.109712 -2.02637 0)
(-0.0149756 -2.05741 0)
(0.640605 0.183962 0)
(0.678808 0.224956 0)
(0.730063 0.301378 0)
(0.819341 0.398217 0)
(0.94554 0.561446 0)
(1.12274 0.606548 0)
(1.17743 0.503873 0)
(1.24201 0.302508 0)
(1.24058 0.066537 0)
(1.13735 -0.100107 0)
(1.13203 -0.300843 0)
(1.0995 -0.531105 0)
(0.949184 -0.737885 0)
(0.802627 -0.883855 0)
(0.502604 -0.971336 0)
(0.254402 -1.38657 0)
(-0.177094 -1.87778 0)
(0.00125701 -2.13204 0)
(-0.010377 -2.07409 0)
(0.648093 0.133568 0)
(0.7074 0.167491 0)
(0.788374 0.216769 0)
(0.888238 0.28373 0)
(1.02903 0.378293 0)
(1.22787 0.424781 0)
(1.38413 0.379844 0)
(1.48131 0.236063 0)
(1.50384 0.0494266 0)
(1.47643 -0.0865149 0)
(1.43349 -0.238878 0)
(1.32471 -0.412399 0)
(1.16243 -0.572184 0)
(0.9626 -0.645896 0)
(0.735937 -0.798631 0)
(0.545005 -1.06564 0)
(0.0990816 -1.67156 0)
(0.0514677 -2.17573 0)
(0.00166152 -2.06398 0)
(0.673556 0.0692961 0)
(0.751839 0.0984857 0)
(0.847487 0.135598 0)
(0.95693 0.181495 0)
(1.08762 0.249962 0)
(1.25079 0.284816 0)
(1.40548 0.273923 0)
(1.5149 0.19332 0)
(1.54212 0.0729885 0)
(1.51756 -0.0351456 0)
(1.47364 -0.161812 0)
(1.37026 -0.281933 0)
(1.21171 -0.415996 0)
(1.05119 -0.489404 0)
(0.83369 -0.600615 0)
(0.634144 -0.813485 0)
(0.31596 -1.44188 0)
(0.0444815 -2.03921 0)
(0.0152069 -2.02439 0)
(0.678776 -0.0104257 0)
(0.767608 0.0112606 0)
(0.873981 0.0310553 0)
(0.983457 0.0683994 0)
(1.10422 0.111546 0)
(1.2373 0.139609 0)
(1.36745 0.139704 0)
(1.46598 0.113726 0)
(1.50617 0.0449955 0)
(1.49651 -0.0258367 0)
(1.4536 -0.108429 0)
(1.34859 -0.174244 0)
(1.22372 -0.285682 0)
(1.04536 -0.302472 0)
(0.863433 -0.422455 0)
(0.617965 -0.587146 0)
(0.417188 -1.11981 0)
(-0.121169 -1.90911 0)
(0.0144408 -2.00436 0)
(0.687365 -0.094243 0)
(0.791148 -0.0775871 0)
(0.908248 -0.0615822 0)
(1.02287 -0.0257472 0)
(1.13881 0.017729 0)
(1.25958 0.0478082 0)
(1.35244 0.0651552 0)
(1.43732 0.0701923 0)
(1.47394 0.0433576 0)
(1.45837 0.0163379 0)
(1.41547 -0.0302932 0)
(1.322 -0.0676146 0)
(1.20805 -0.149217 0)
(1.04715 -0.153852 0)
(0.891265 -0.23218 0)
(0.661819 -0.396368 0)
(0.49143 -0.833726 0)
(0.120187 -1.63567 0)
(0.0173326 -2.12231 0)
(0.675141 -0.197891 0)
(0.792117 -0.187739 0)
(0.922556 -0.178958 0)
(1.04507 -0.138722 0)
(1.1674 -0.103465 0)
(1.2891 -0.0519953 0)
(1.36394 -0.0222001 0)
(1.43648 0.00477958 0)
(1.46024 0.0246353 0)
(1.43763 0.0274193 0)
(1.3926 0.0129042 0)
(1.29968 0.0149494 0)
(1.19463 -0.0402256 0)
(1.04008 -0.010639 0)
(0.885458 -0.0767561 0)
(0.677078 -0.210648 0)
(0.43759 -0.625344 0)
(0.167954 -1.44944 0)
(0.0451498 -1.93684 0)
(0.63655 -0.305648 0)
(0.769926 -0.30087 0)
(0.917612 -0.291939 0)
(1.05633 -0.246203 0)
(1.1933 -0.204832 0)
(1.31515 -0.129122 0)
(1.40864 -0.0692231 0)
(1.45991 -0.0157515 0)
(1.48355 0.0416246 0)
(1.45378 0.0800245 0)
(1.39748 0.092109 0)
(1.29491 0.116435 0)
(1.18162 0.079857 0)
(1.0229 0.133259 0)
(0.861415 0.0862779 0)
(0.656968 0.0116485 0)
(0.365373 -0.381428 0)
(0.098578 -1.29719 0)
(0.0384455 -1.88365 0)
(0.568509 -0.435957 0)
(0.714698 -0.441459 0)
(0.881599 -0.438636 0)
(1.03751 -0.386844 0)
(1.19854 -0.338631 0)
(1.33125 -0.245445 0)
(1.44998 -0.154123 0)
(1.50709 -0.0618889 0)
(1.53052 0.0286795 0)
(1.49918 0.106375 0)
(1.43261 0.154487 0)
(1.31924 0.213188 0)
(1.20378 0.200546 0)
(1.02824 0.286622 0)
(0.881581 0.245221 0)
(0.664957 0.250264 0)
(0.393952 -0.128626 0)
(0.174055 -1.14779 0)
(0.0599325 -1.83419 0)
(0.450899 -0.563868 0)
(0.611996 -0.583711 0)
(0.799588 -0.585056 0)
(0.976962 -0.531964 0)
(1.1666 -0.472128 0)
(1.32107 -0.355536 0)
(1.46414 -0.229537 0)
(1.54674 -0.0872738 0)
(1.57816 0.0475076 0)
(1.55222 0.170794 0)
(1.47877 0.252488 0)
(1.35421 0.32809 0)
(1.23423 0.335623 0)
(1.04261 0.436385 0)
(0.923595 0.399075 0)
(0.693673 0.468636 0)
(0.55773 0.0487728 0)
(0.2818 -0.990937 0)
(-0.000806801 -1.65765 0)
(0.279335 -0.712995 0)
(0.45198 -0.756779 0)
(0.659691 -0.769244 0)
(0.864568 -0.717824 0)
(1.09097 -0.651046 0)
(1.27995 -0.513228 0)
(1.45632 -0.359605 0)
(1.57552 -0.163591 0)
(1.6398 0.0223721 0)
(1.62145 0.19743 0)
(1.55322 0.331561 0)
(1.4086 0.438465 0)
(1.29759 0.475628 0)
(1.06894 0.579874 0)
(1.00194 0.545128 0)
(0.686116 0.606071 0)
(0.763615 0.222584 0)
(0.133301 -0.620734 0)
(0.0153761 -1.58764 0)
(0.108284 -0.854767 0)
(0.283519 -0.92799 0)
(0.494189 -0.958858 0)
(0.708159 -0.921592 0)
(0.958332 -0.849431 0)
(1.16666 -0.684977 0)
(1.38051 -0.49817 0)
(1.53088 -0.252437 0)
(1.65932 0.00480918 0)
(1.67186 0.250786 0)
(1.61901 0.44244 0)
(1.45992 0.564162 0)
(1.34973 0.632777 0)
(1.08882 0.720149 0)
(1.03793 0.716701 0)
(0.669373 0.725494 0)
(0.772906 0.479751 0)
(0.0681437 -0.253667 0)
(0.0345811 -1.54569 0)
(-0.0182511 -1.0096 0)
(0.156528 -1.10586 0)
(0.360446 -1.1534 0)
(0.574798 -1.1372 0)
(0.831339 -1.06687 0)
(1.04023 -0.8933 0)
(1.27661 -0.690965 0)
(1.45041 -0.4139 0)
(1.62208 -0.106652 0)
(1.69226 0.235684 0)
(1.68543 0.521017 0)
(1.51738 0.686522 0)
(1.39958 0.804351 0)
(1.1202 0.876283 0)
(1.06169 0.903551 0)
(0.672401 0.878632 0)
(0.7435 0.726316 0)
(0.0602053 0.0839881 0)
(0.0459146 -1.5096 0)
(-0.120164 -1.16034 0)
(0.0498081 -1.27081 0)
(0.243041 -1.33737 0)
(0.45748 -1.34754 0)
(0.704613 -1.2715 0)
(0.89953 -1.08653 0)
(1.14248 -0.871071 0)
(1.33227 -0.563136 0)
(1.53837 -0.216068 0)
(1.64839 0.19523 0)
(1.72274 0.597623 0)
(1.56949 0.827091 0)
(1.45491 0.982453 0)
(1.17077 1.03946 0)
(1.09616 1.09738 0)
(0.708268 1.04756 0)
(0.73226 0.987504 0)
(0.0570724 0.420733 0)
(0.0406902 -1.46384 0)
(-0.192705 -1.31204 0)
(-0.0278484 -1.4345 0)
(0.151043 -1.52232 0)
(0.355883 -1.55508 0)
(0.571589 -1.46745 0)
(0.745027 -1.28838 0)
(0.993607 -1.08431 0)
(1.20184 -0.770078 0)
(1.4521 -0.394808 0)
(1.58052 0.072466 0)
(1.70898 0.589774 0)
(1.59853 0.932827 0)
(1.47718 1.16014 0)
(1.19247 1.21319 0)
(1.09354 1.30325 0)
(0.719579 1.23697 0)
(0.702743 1.27173 0)
(0.133084 0.746199 0)
(0.035861 -1.43387 0)
(-0.260626 -1.45056 0)
(-0.106944 -1.58183 0)
(0.0509626 -1.68446 0)
(0.231184 -1.72778 0)
(0.402867 -1.6238 0)
(0.564313 -1.46725 0)
(0.814405 -1.28617 0)
(1.03851 -0.975266 0)
(1.32702 -0.562492 0)
(1.48321 -0.0328377 0)
(1.65744 0.576553 0)
(1.60124 1.04034 0)
(1.49009 1.3425 0)
(1.23371 1.39514 0)
(1.1125 1.50985 0)
(0.815307 1.41875 0)
(0.747902 1.50411 0)
(0.430235 1.02753 0)
(0.27975 -1.31245 0)
(-0.315805 -1.57901 0)
(-0.178619 -1.71675 0)
(-0.0385478 -1.82831 0)
(0.111381 -1.87403 0)
(0.253609 -1.76901 0)
(0.422111 -1.65976 0)
(0.677504 -1.5148 0)
(0.924529 -1.23176 0)
(1.23834 -0.799991 0)
(1.41562 -0.222531 0)
(1.60233 0.480762 0)
(1.56933 1.08851 0)
(1.4726 1.49037 0)
(1.22523 1.56065 0)
(1.0986 1.67497 0)
(0.84274 1.57872 0)
(0.765789 1.60941 0)
(0.593298 1.18249 0)
(0.477433 -0.793815 0)
(-0.368938 -1.68857 0)
(-0.248268 -1.83263 0)
(-0.122693 -1.94641 0)
(0.00080284 -1.99165 0)
(0.134292 -1.90385 0)
(0.314329 -1.85044 0)
(0.562204 -1.74138 0)
(0.82792 -1.48102 0)
(1.14783 -1.00906 0)
(1.34577 -0.358613 0)
(1.51778 0.43466 0)
(1.51331 1.15974 0)
(1.43631 1.64902 0)
(1.20802 1.73909 0)
(1.06936 1.84666 0)
(0.841377 1.73272 0)
(0.716702 1.71757 0)
(0.578393 1.29612 0)
(0.42871 -0.339715 0)
(-0.399124 -1.7897 0)
(-0.294592 -1.93986 0)
(-0.182517 -2.05411 0)
(-0.0758631 -2.10725 0)
(0.0576528 -2.05325 0)
(0.235483 -2.04807 0)
(0.46707 -1.98096 0)
(0.737814 -1.76235 0)
(1.05404 -1.27161 0)
(1.2845 -0.556218 0)
(1.4311 0.326923 0)
(1.40838 1.16535 0)
(1.34216 1.76511 0)
(1.12776 1.89286 0)
(0.997763 2.00358 0)
(0.799052 1.90137 0)
(0.655262 1.83853 0)
(0.525178 1.44659 0)
(0.327952 0.105792 0)
(-0.427372 -1.87305 0)
(-0.339222 -2.02803 0)
(-0.238821 -2.14396 0)
(-0.144757 -2.20836 0)
(-0.0172024 -2.18407 0)
(0.132967 -2.22074 0)
(0.350432 -2.19422 0)
(0.577163 -2.01147 0)
(0.883054 -1.50347 0)
(1.10491 -0.698147 0)
(1.26624 0.323114 0)
(1.25068 1.241 0)
(1.21887 1.90224 0)
(1.03941 2.05094 0)
(0.922121 2.1422 0)
(0.752505 2.04586 0)
(0.611896 1.96184 0)
(0.471468 1.59885 0)
(0.268454 0.432842 0)
(-0.439049 -1.94959 0)
(-0.362729 -2.11112 0)
(-0.271797 -2.2313 0)
(-0.189063 -2.30839 0)
(-0.07238 -2.30508 0)
(0.0525068 -2.38276 0)
(0.246768 -2.38292 0)
(0.415732 -2.24773 0)
(0.722958 -1.75026 0)
(0.88515 -0.904002 0)
(1.05817 0.195802 0)
(1.0335 1.20679 0)
(1.03146 1.95607 0)
(0.900092 2.16036 0)
(0.80179 2.26377 0)
(0.664307 2.18638 0)
(0.522295 2.08961 0)
(0.394085 1.76501 0)
(0.18725 0.771402 0)
(-0.44766 -2.01025 0)
(-0.384351 -2.17669 0)
(-0.304962 -2.29965 0)
(-0.235934 -2.38663 0)
(-0.133828 -2.40098 0)
(-0.0303382 -2.50819 0)
(0.118043 -2.52061 0)
(0.257957 -2.44171 0)
(0.500511 -1.92584 0)
(0.615187 -1.00081 0)
(0.768359 0.191952 0)
(0.757126 1.26654 0)
(0.812139 2.02327 0)
(0.755719 2.25537 0)
(0.708723 2.35305 0)
(0.613875 2.29535 0)
(0.494512 2.20106 0)
(0.358387 1.90008 0)
(0.173251 0.9554 0)
(-0.444529 -2.07242 0)
(-0.388753 -2.2442 0)
(-0.316121 -2.37012 0)
(-0.257485 -2.46666 0)
(-0.165622 -2.49401 0)
(-0.084658 -2.61416 0)
(0.0272784 -2.64564 0)
(0.147405 -2.59678 0)
(0.285948 -2.07682 0)
(0.435649 -1.14786 0)
(0.48486 0.0733273 0)
(0.513278 1.16512 0)
(0.605362 1.95838 0)
(0.603317 2.25549 0)
(0.588115 2.39786 0)
(0.51414 2.38751 0)
(0.419683 2.32565 0)
(0.291614 2.06675 0)
(0.139813 1.25567 0)
(-0.440051 -2.10808 0)
(-0.392662 -2.28366 0)
(-0.328257 -2.4105 0)
(-0.279606 -2.51406 0)
(-0.201483 -2.54945 0)
(-0.139068 -2.67637 0)
(-0.0512067 -2.72304 0)
(0.0422016 -2.67235 0)
(0.109943 -2.18157 0)
(0.30131 -1.17686 0)
(0.237628 0.120045 0)
(0.216895 1.16098 0)
(0.391704 1.94123 0)
(0.467535 2.2652 0)
(0.52326 2.42943 0)
(0.499319 2.43773 0)
(0.439475 2.39152 0)
(0.326677 2.14298 0)
(0.168247 1.33401 0)
(-0.431321 -2.18091 0)
(-0.385646 -2.36112 0)
(-0.321896 -2.48913 0)
(-0.274535 -2.59824 0)
(-0.201378 -2.63793 0)
(-0.146865 -2.76694 0)
(-0.0732271 -2.82339 0)
(-0.000639048 -2.75795 0)
(0.0464552 -2.31759 0)
(0.189283 -1.27847 0)
(0.180473 0.165392 0)
(0.14033 1.02174 0)
(0.334848 1.72934 0)
(0.396783 2.13715 0)
(0.480917 2.37533 0)
(0.455218 2.47565 0)
(0.419464 2.49543 0)
(0.313767 2.33282 0)
(0.171704 1.72455 0)
)
;

boundaryField
{
    leftWall
    {
        type            noSlip;
    }
    rightWall
    {
        type            noSlip;
    }
    lowerWall
    {
        type            noSlip;
    }
    atmosphere
    {
        type            zeroGradient;
    }
    defaultFaces
    {
        type            empty;
    }
}


// ************************************************************************* //
