/*--------------------------------*- C++ -*----------------------------------*\
| =========                 |                                                 |
| \\      /  F ield         | OpenFOAM: The Open Source CFD Toolbox           |
|  \\    /   O peration     | Version:  2012                                  |
|   \\  /    A nd           | Website:  www.openfoam.com                      |
|    \\/     M anipulation  |                                                 |
\*---------------------------------------------------------------------------*/
FoamFile
{
    version     2.0;
    format      ascii;
    class       volScalarField;
    location    "0.46";
    object      T;
}
// * * * * * * * * * * * * * * * * * * * * * * * * * * * * * * * * * * * * * //

dimensions      [0 0 0 1 0 0 0];


internalField   nonuniform List<scalar> 
2268
(
273
273
273
273
273
273
273
273
273
273
273
273
273
273
273
273
273
273
273
273
273
273
273
273
273
273
273
273
273
273
273
273
273
273
273
273
273
273
273
273
273
273
273
273
273
273
273
273
273
273
273
273
273
273
273
273
273
273
273
273
273
273
273
273
273
273
273
273
273
273
273
273
273
273
273
273
273
273
273
273
273
273
273
273
273
273
273
273
273
273
273
273
273
273
273
273
273
273
273
273
273
273
273
273
273
273
273
273
273
273
273
273
273
273
273
273
273
273
273
273
273
273
273
273
273
273
273
273
273
273
273
273
273
273
273
273
273
273
273
273
273
273
273
273
273
273
273
273
273
273
273
273
273
273
273
273
273
273
273
273
273
272.998
272.998
272.998
272.998
272.998
272.998
272.998
272.999
272.999
272.999
272.999
272.999
272.999
273
273
273
273
273
273
273
273
273
273
272.978
272.979
272.979
272.979
272.979
272.979
272.979
272.979
272.976
272.936
272.728
272.466
272.39
272.455
272.774
273.118
273.124
273.011
272.947
272.978
272.979
272.979
272.979
272.979
272.979
272.979
272.979
272.976
272.946
272.794
272.643
272.652
272.773
273.011
273.38
273.479
273.208
272.91
272.978
272.979
272.979
272.979
272.979
272.979
272.979
272.979
272.977
272.959
272.874
272.791
272.801
272.88
273.005
273.258
273.595
273.567
272.943
272.978
272.979
272.979
272.979
272.979
272.979
272.979
272.979
272.978
272.965
272.914
272.863
272.87
272.933
273.003
273.059
273.339
273.699
272.968
272.978
272.979
272.979
272.979
272.979
272.979
272.979
272.979
272.978
272.969
272.934
272.906
272.925
272.986
273.017
273.027
273.143
273.699
273.004
272.978
272.979
272.98
272.972
272.979
272.979
272.979
272.979
272.978
272.973
272.946
272.927
272.944
272.993
273.014
273.001
273.052
273.492
273.029
272.978
272.974
272.911
272.898
272.974
272.979
272.979
272.979
272.978
272.976
272.956
272.936
272.944
272.984
272.992
272.984
273.026
273.146
273.031
272.975
272.868
272.576
272.755
272.959
272.978
272.979
272.979
272.978
272.977
272.967
272.945
272.943
272.962
272.959
272.977
273.016
272.972
273.064
272.993
272.993
272.993
272.993
272.993
272.993
272.994
272.994
272.995
272.995
272.996
272.996
272.997
272.998
272.998
272.999
273
273
273
273
273
273
273
272.982
272.982
272.982
272.983
272.982
272.982
272.982
272.982
272.983
272.983
272.984
272.986
272.987
272.989
272.992
272.994
272.996
272.998
272.999
272.999
273
273
273
272.977
272.977
272.977
272.977
272.977
272.976
272.976
272.976
272.975
272.975
272.975
272.976
272.978
272.979
272.981
272.983
272.986
272.989
272.992
272.995
272.997
272.999
272.999
272.982
272.982
272.982
272.982
272.981
272.981
272.98
272.979
272.977
272.976
272.976
272.977
272.977
272.972
272.976
272.976
272.977
272.978
272.981
272.985
272.989
272.993
272.996
272.995
272.995
272.995
272.995
272.995
272.995
272.994
272.994
272.993
272.993
272.993
272.993
272.992
272.992
272.989
272.984
272.98
272.977
272.977
272.978
272.98
272.982
272.986
272.999
272.999
272.999
272.999
272.999
272.999
272.998
272.998
272.998
272.998
272.999
272.999
272.999
272.999
272.998
272.998
272.997
272.993
272.991
272.989
272.985
272.983
272.982
272.999
272.999
272.999
272.999
272.999
272.999
272.999
272.999
272.999
272.999
272.999
272.999
272.999
272.999
272.999
272.999
272.999
272.999
272.999
272.997
272.994
272.991
272.988
273
273
273
273
273
273
273
272.999
272.999
272.999
272.999
272.999
272.999
272.999
272.999
272.999
272.999
272.999
272.999
272.999
272.998
272.997
272.995
272.999
272.999
272.999
272.999
272.999
272.999
272.999
272.999
272.999
272.999
272.999
272.999
272.999
272.999
272.999
272.999
272.999
272.999
272.999
272.999
272.999
272.999
272.998
272.999
272.999
272.999
272.999
272.999
272.999
272.999
272.999
272.999
272.999
272.999
272.999
272.999
272.999
272.999
272.999
272.999
272.999
272.999
272.999
272.999
272.999
272.999
272.999
272.999
272.999
272.999
272.999
272.999
272.999
272.999
272.999
272.999
272.999
272.999
272.999
272.999
272.999
272.999
272.999
272.999
272.999
272.999
272.999
272.999
272.999
272.999
272.999
272.999
272.999
272.999
272.999
272.999
272.999
272.999
272.999
272.999
272.999
272.999
272.999
272.999
272.999
272.998
272.998
272.998
272.998
272.998
272.998
272.998
272.999
272.999
272.999
272.999
272.999
272.999
272.999
272.999
272.999
272.999
272.999
272.999
272.999
272.999
272.999
272.998
272.998
272.998
272.998
272.998
272.998
272.998
272.998
272.999
272.999
272.999
272.999
272.999
272.999
272.999
272.999
272.999
272.999
272.999
272.999
272.999
272.999
272.998
272.998
272.998
272.998
272.998
272.998
272.998
272.998
272.998
272.999
272.999
272.999
272.999
272.999
272.999
272.999
272.999
272.999
272.999
272.999
272.999
272.999
272.998
272.998
272.998
272.998
272.998
272.998
272.998
272.998
272.998
272.998
272.999
272.999
272.999
272.999
272.999
272.999
272.999
272.999
272.999
272.999
272.999
272.999
272.998
272.998
272.998
272.998
272.998
272.998
272.998
272.998
272.998
272.998
272.998
272.999
272.999
272.999
272.999
272.999
272.999
272.999
272.999
272.999
272.999
272.999
272.999
272.998
272.998
272.998
272.998
272.998
272.998
272.998
272.998
272.998
272.998
272.998
272.999
272.999
272.999
272.999
272.999
272.999
272.999
272.999
272.999
272.999
272.999
272.999
272.998
272.998
272.998
272.998
272.998
272.998
272.998
272.998
272.998
272.998
272.998
272.999
272.999
272.999
272.999
272.999
272.999
272.999
272.999
272.999
272.999
272.999
272.999
272.999
272.998
272.998
272.998
272.998
272.998
272.998
272.998
272.998
272.998
272.998
272.999
272.999
272.999
272.999
272.999
272.999
272.999
272.999
272.999
272.999
272.999
272.999
272.999
272.999
272.998
272.998
272.998
272.998
272.998
272.998
272.998
272.998
272.998
273
273
273
273
273
273
273
272.999
272.999
272.999
272.999
272.999
272.999
272.999
272.999
272.999
272.998
272.998
272.998
272.998
272.998
272.998
272.998
273.001
273.001
273.001
273.001
273.001
273
273
273
273
273
273
272.999
272.999
272.999
272.999
272.999
272.999
272.998
272.998
272.998
272.998
272.998
272.998
273.002
273.002
273.002
273.002
273.002
273.002
273.001
273.001
273.001
273.001
273.001
273
273
273
273
272.999
272.999
272.999
272.999
272.998
272.998
272.998
272.998
273.004
273.004
273.004
273.004
273.004
273.004
273.003
273.003
273.003
273.002
273.002
273.002
273.001
273.001
273.001
273
273
272.999
272.999
272.999
272.999
272.998
272.998
273.007
273.007
273.007
273.007
273.007
273.007
273.006
273.006
273.006
273.005
273.005
273.004
273.003
273.003
273.002
273.002
273.001
273.001
273
273
272.999
272.999
272.998
273.01
273.01
273.01
273.01
273.01
273.01
273.009
273.009
273.009
273.008
273.008
273.007
273.007
273.006
273.005
273.004
273.003
273.002
273.002
273.001
273
272.999
272.999
273.013
273.013
273.012
273.012
273.012
273.012
273.012
273.012
273.011
273.011
273.011
273.01
273.01
273.009
273.008
273.007
273.006
273.005
273.004
273.003
273.001
273
272.999
273.014
273.014
273.014
273.014
273.014
273.014
273.014
273.014
273.013
273.013
273.013
273.013
273.012
273.012
273.011
273.01
273.009
273.008
273.007
273.005
273.003
273.001
273
273.016
273.016
273.016
273.016
273.015
273.015
273.015
273.015
273.015
273.015
273.015
273.014
273.014
273.014
273.013
273.012
273.011
273.01
273.009
273.008
273.006
273.003
273.001
273.017
273.016
273.016
273.016
273.016
273.016
273.016
273.016
273.016
273.016
273.016
273.015
273.015
273.015
273.014
273.014
273.013
273.012
273.011
273.009
273.007
273.005
273.002
273.017
273.017
273.017
273.017
273.017
273.017
273.017
273.017
273.017
273.017
273.016
273.016
273.016
273.016
273.015
273.015
273.014
273.013
273.012
273.011
273.009
273.006
273.003
273.017
273.017
273.017
273.017
273.017
273.017
273.017
273.017
273.017
273.017
273.017
273.017
273.016
273.016
273.016
273.015
273.015
273.014
273.013
273.011
273.01
273.007
273.003
273.017
273.017
273.017
273.017
273.017
273.017
273.017
273.017
273.017
273.017
273.017
273.017
273.016
273.016
273.016
273.015
273.015
273.014
273.013
273.012
273.01
273.008
273.004
273.017
273.017
273.017
273.017
273.017
273.017
273.017
273.017
273.017
273.017
273.017
273.016
273.016
273.016
273.016
273.015
273.015
273.014
273.013
273.012
273.01
273.008
273.004
273.016
273.016
273.016
273.016
273.016
273.016
273.016
273.016
273.016
273.016
273.016
273.016
273.015
273.015
273.015
273.015
273.014
273.014
273.013
273.012
273.01
273.008
273.004
273.015
273.015
273.015
273.015
273.015
273.015
273.014
273.014
273.014
273.014
273.014
273.014
273.014
273.014
273.014
273.013
273.013
273.012
273.012
273.011
273.01
273.008
273.004
273.013
273.013
273.013
273.013
273.013
273.013
273.013
273.013
273.013
273.013
273.013
273.013
273.013
273.013
273.012
273.012
273.012
273.011
273.01
273.009
273.008
273.007
273.004
273.012
273.012
273.012
273.012
273.012
273.012
273.012
273.012
273.012
273.012
273.012
273.012
273.012
273.012
273.012
273.011
273.011
273.01
273.009
273.008
273.007
273.005
273.003
273.011
273.011
273.011
273.011
273.011
273.011
273.011
273.011
273.011
273.011
273.011
273.011
273.011
273.011
273.011
273.011
273.01
273.009
273.008
273.007
273.005
273.003
273.002
273.011
273.011
273.011
273.011
273.011
273.011
273.011
273.011
273.011
273.011
273.011
273.011
273.011
273.011
273.01
273.01
273.01
273.009
273.008
273.006
273.004
273.002
272.999
273.01
273.01
273.01
273.01
273.01
273.01
273.01
273.01
273.01
273.01
273.01
273.01
273.01
273.01
273.01
273.009
273.009
273.008
273.007
273.005
273.003
273
272.997
273.009
273.009
273.009
273.009
273.009
273.009
273.009
273.009
273.01
273.01
273.01
273.01
273.01
273.009
273.009
273.009
273.008
273.008
273.006
273.005
273.002
272.999
272.994
273
273
272.996
272.759
273
273
273
272.977
273
273
273
272.999
272.997
272.998
272.998
272.999
272.988
272.99
272.991
272.993
272.982
272.983
272.983
272.984
272.985
272.984
272.983
272.982
272.993
272.991
272.989
272.987
272.998
272.997
272.996
272.995
272.998
272.998
272.998
272.998
272.999
272.999
272.999
272.998
272.998
272.998
272.998
272.998
272.998
272.998
272.998
272.998
272.998
272.998
272.998
272.998
272.998
272.998
272.998
272.998
272.998
272.998
272.998
272.998
272.998
272.998
272.998
272.998
272.998
272.998
272.998
272.998
272.998
272.998
272.998
272.998
272.998
272.998
272.998
272.998
272.998
272.998
272.998
272.998
272.998
272.998
272.998
272.998
272.998
272.998
272.998
272.998
272.998
272.998
272.998
272.998
272.998
272.998
272.998
272.998
272.998
272.998
272.998
272.998
272.999
272.998
272.998
272.998
272.999
272.998
272.998
272.998
272.999
272.999
272.998
272.997
273
272.999
272.998
272.997
273
272.999
272.998
272.997
273
272.999
272.998
272.997
273
272.999
272.998
272.997
273
272.998
272.998
272.997
273
272.998
272.998
272.998
273
272.999
272.998
272.998
273
272.998
272.998
272.998
273
272.998
272.998
272.998
272.999
272.998
272.997
272.997
272.998
272.997
272.996
272.996
272.995
272.995
272.995
272.995
272.991
272.99
272.991
272.992
272.421
272.319
272.605
273.087
273.183
272.98
272.978
272.978
272.978
272.978
272.974
272.961
272.948
272.951
272.952
272.976
273.012
272.941
273.096
272.807
272.808
272.872
273.073
273.451
273.006
272.981
272.978
272.978
272.978
272.977
272.973
272.965
272.961
272.967
272.997
273.01
272.948
273.111
272.981
272.982
273.014
273.053
272.987
272.84
272.956
272.977
272.978
272.977
272.977
272.977
272.976
272.977
272.984
273.007
272.997
272.918
273.115
272.997
272.999
273.025
273.063
272.696
272.81
272.951
272.987
272.987
272.98
272.977
272.977
272.977
272.979
272.984
272.998
272.982
272.776
273.103
272.994
272.997
273.016
273.059
273.016
272.743
272.632
273.019
273.048
273.035
273.01
272.976
272.968
272.972
272.984
273.008
272.964
272.7
273.082
272.985
272.989
272.999
273.029
273.055
272.885
272.969
272.762
273.28
273.379
273.322
273.189
273
272.875
272.845
272.871
272.806
273.226
273.091
272.982
272.983
272.986
272.997
273.026
273.01
273.024
273.186
273.705
273.911
273.863
273.7
273.349
272.941
272.885
272.994
273.078
273.124
273.083
272.984
272.982
272.983
272.986
272.994
273.004
273.022
273.102
273.311
273.474
273.475
273.403
273.233
273.038
273.004
273.039
273.113
273.114
273.071
272.992
272.988
272.985
272.983
272.987
272.992
273.003
273.022
273.063
273.113
273.123
273.113
273.08
273.035
273.034
273.061
273.088
273.076
273.052
272.997
272.994
272.991
272.989
272.989
272.992
272.995
273
273.009
273.023
273.033
273.035
273.032
273.029
273.032
273.046
273.049
273.044
273.041
272.998
272.997
272.996
272.994
272.994
272.993
272.993
272.996
273.002
273.007
273.011
273.014
273.016
273.019
273.022
273.025
273.03
273.03
273.037
272.998
272.998
272.998
272.997
272.997
272.996
272.995
272.996
272.996
272.996
272.998
273.005
273.02
273.045
273.064
273.024
273.025
273.024
273.038
272.998
272.998
272.998
272.998
272.998
272.998
272.998
272.998
272.999
273
273.002
273.01
273.02
273.026
273.027
273.018
273.018
273.017
273.045
272.998
272.998
272.998
272.998
272.998
272.998
272.998
272.998
272.998
273
273.001
273.008
273.011
273.006
273.004
273.007
273.008
273.012
273.057
272.998
272.998
272.998
272.998
272.998
272.999
272.998
272.998
272.998
272.999
273
272.998
273.002
272.996
272.994
272.998
273.007
273.016
273.075
272.998
272.998
272.998
272.998
272.998
272.998
272.998
272.998
272.998
272.997
272.998
272.997
272.996
272.992
272.993
273.003
273.027
273.057
273.103
272.998
272.998
272.998
272.998
272.998
272.998
272.998
272.998
272.998
272.997
272.996
272.996
272.992
272.99
272.994
273.005
273.051
273.131
273.145
272.998
272.998
272.998
272.998
272.998
272.998
272.998
272.998
272.998
272.997
272.995
272.996
272.994
272.993
272.995
273.003
273.068
273.199
273.213
272.998
272.998
272.998
272.998
272.998
272.998
272.998
272.998
272.998
272.997
272.996
272.996
272.996
272.997
272.997
273
273.077
273.262
273.316
272.998
272.998
272.998
272.998
272.998
272.998
272.998
272.998
272.998
272.997
272.997
272.996
272.997
272.997
272.998
273.004
273.057
273.262
273.367
272.998
272.998
272.998
272.998
272.998
272.998
272.998
272.998
272.998
272.998
272.997
272.997
272.997
272.998
272.999
273.001
273.016
273.162
273.357
272.998
272.998
272.998
272.998
272.998
272.998
272.998
272.999
272.999
272.998
272.998
272.998
272.998
272.998
272.999
273
272.999
273.02
273.262
272.998
272.998
272.998
272.998
272.998
272.998
272.998
272.999
272.999
272.999
272.999
272.999
272.999
272.999
272.999
273
273.005
272.991
273.097
272.998
272.998
272.998
272.998
272.998
272.998
272.998
272.999
273
273
273
273
272.999
272.999
273
273
273.001
272.987
273.058
272.998
272.997
272.997
272.997
272.998
272.998
272.998
272.999
273
273
273.001
273.001
273
273
273
273
273
272.999
273.054
272.998
272.997
272.997
272.997
272.997
272.998
272.999
272.999
273
273
273.001
273.001
273.001
273.001
273.001
273.001
273
272.998
273.047
272.997
272.997
272.997
272.997
272.998
272.998
272.999
272.999
273
273
273.001
273.002
273.002
273.001
273.001
273.001
273
272.998
273.041
272.997
272.997
272.997
272.997
272.998
272.999
272.999
273
273
273
273
273.002
273.002
273.002
273.002
273.002
272.999
272.999
273.04
272.997
272.997
272.997
272.998
272.998
272.999
272.999
273
273
273
273.001
273.002
273.002
273.002
273.001
273.001
272.998
273.002
273.043
272.997
272.997
272.997
272.998
272.999
273
273.001
273.001
273.001
273.001
273.001
273.003
273.002
273.002
273.001
273.001
272.999
273.009
273.053
272.997
272.997
272.998
272.999
273.001
273.002
273.004
273.004
273.003
273.002
273.002
273.003
273.002
273.001
273
272.999
273.003
273.033
273.064
272.997
272.997
272.999
273.001
273.002
273.005
273.005
273.006
273.006
273.004
273.003
273.003
273.001
272.999
272.998
273.001
273.007
273.04
273.054
272.997
272.998
273
273.002
273.004
273.005
273.005
273.006
273.006
273.004
273.003
273.002
273
272.999
272.997
272.998
272.981
273.034
273.028
272.997
272.999
273.001
273.003
273.004
273.005
273.005
273.005
273.005
273.004
273.003
273.001
273
272.999
272.996
272.978
272.952
272.992
273.038
272.998
273
273.002
273.003
273.004
273.005
273.004
273.004
273.004
273.002
273.002
273
272.999
272.998
272.992
272.944
272.935
272.967
273.067
272.998
273
273.002
273.003
273.004
273.004
273.003
273.002
273.002
273.001
273
272.999
272.997
272.991
272.972
272.927
272.934
272.973
273.088
272.998
273.001
273.002
273.003
273.003
273.003
273.002
273
272.999
272.998
272.997
272.995
272.99
272.984
272.978
272.967
272.967
272.989
273.089
272.998
273.001
273.003
273.002
273.002
273.001
272.999
272.997
272.995
272.993
272.991
272.991
272.991
273.001
273.007
273.018
273.018
273.024
273.094
272.998
273.001
273.002
273.002
273
272.999
272.995
272.993
272.991
272.99
272.991
272.997
273.004
273.044
273.047
273.034
273.03
273.049
273.112
272.997
272.999
273.001
273.001
272.999
272.997
272.994
272.991
272.99
272.99
272.994
273.013
273.045
273.109
273.118
273.091
273.05
273.053
273.118
272.995
272.997
272.999
273
272.998
272.996
272.994
272.992
272.991
272.992
273.006
273.068
273.11
273.125
273.132
273.124
273.08
273.058
273.11
272.992
272.991
272.991
272.994
272.996
272.995
272.995
272.995
272.996
273.005
273.051
273.104
273.118
273.125
273.132
273.126
273.096
273.064
273.113
)
;

boundaryField
{
    leftWall
    {
        type            zeroGradient;
    }
    rightWall
    {
        type            zeroGradient;
    }
    lowerWall
    {
        type            zeroGradient;
    }
    atmosphere
    {
        type            zeroGradient;
    }
    defaultFaces
    {
        type            empty;
    }
}


// ************************************************************************* //
