/*--------------------------------*- C++ -*----------------------------------*\
| =========                 |                                                 |
| \\      /  F ield         | OpenFOAM: The Open Source CFD Toolbox           |
|  \\    /   O peration     | Version:  2012                                  |
|   \\  /    A nd           | Website:  www.openfoam.com                      |
|    \\/     M anipulation  |                                                 |
\*---------------------------------------------------------------------------*/
FoamFile
{
    version     2.0;
    format      ascii;
    class       volScalarField;
    location    "0.00016";
    object      pcorr;
}
// * * * * * * * * * * * * * * * * * * * * * * * * * * * * * * * * * * * * * //

dimensions      [1 -1 -2 0 0 0 0];


internalField   nonuniform List<scalar> 
5000
(
-0.002200035722
-0.00219994256
-0.002199849708
-0.002199626602
-0.002199406828
-0.002199243027
-0.00219911938
-0.002199067198
-0.002199074103
-0.0021991373
-0.002199221963
-0.00219969906
-0.002199013247
-0.002196967822
-0.002195112166
-0.002193398605
-0.002191769377
-0.002190079582
-0.002188031301
-0.002187137864
-0.002185917567
-0.002184664031
-0.002182894373
-0.002181580768
-0.002180305838
-0.002179250151
-0.002178156579
-0.002176775869
-0.0021751679
-0.002173644813
-0.002173146196
-0.002172148939
-0.002171261049
-0.002170446225
-0.002169679746
-0.002168878267
-0.002167948132
-0.002167315834
-0.002166315171
-0.002165338077
-0.002164398804
-0.002163592017
-0.00216278132
-0.002161766135
-0.002161135554
-0.002160961787
-0.002159239892
-0.00215752742
-0.00215581802
-0.002154493546
-0.002152746145
-0.002151443838
-0.002150319252
-0.002149007819
-0.002147691272
-0.002146242731
-0.002144866333
-0.002143685264
-0.002142562491
-0.002141489767
-0.0021403904
-0.002139334634
-0.002138218851
-0.002137038566
-0.002135865492
-0.002134696516
-0.002133679215
-0.002132663365
-0.002131590727
-0.002130430907
-0.002129402422
-0.002128131892
-0.002126248981
-0.002124843117
-0.002123290629
-0.002121393654
-0.002119610566
-0.002117656529
-0.002115557765
-0.002113325876
-0.002111167219
-0.002109026002
-0.002106889881
-0.002104826798
-0.002102486044
-0.002099943913
-0.002097237793
-0.002094672024
-0.002092441035
-0.002089007403
-0.002085461397
-0.002082508043
-0.002079962574
-0.002077560985
-0.002075319866
-0.0020729977
-0.002070644167
-0.0020683772
-0.002066219524
-0.002064276832
-0.002062355607
-0.002060434307
-0.00205839728
-0.002056202983
-0.002053770424
-0.00205120452
-0.002048655452
-0.002046180919
-0.002043747317
-0.002041610897
-0.002039549
-0.002037424367
-0.002035141939
-0.002032967096
-0.002030727795
-0.002028184039
-0.002025895204
-0.002023598846
-0.002021452801
-0.002019367209
-0.0020171299
-0.002014697034
-0.002012342389
-0.002010121782
-0.002007982906
-0.002006002339
-0.002004101859
-0.002002192272
-0.002000208153
-0.001998207358
-0.00199599832
-0.00199357482
-0.001990885598
-0.001988157096
-0.001985539726
-0.001982751776
-0.001979888014
-0.001977344452
-0.001974845123
-0.001972441617
-0.001969730225
-0.001966695763
-0.001963944742
-0.001961505535
-0.001959342011
-0.001957245942
-0.001955180875
-0.00195312373
-0.001951033945
-0.001948905889
-0.001946767787
-0.001944389741
-0.001941848305
-0.00193924165
-0.001936711997
-0.001934249951
-0.001931782131
-0.001929262154
-0.001926789942
-0.001924479972
-0.001922316046
-0.00192018889
-0.001917967746
-0.001915630492
-0.001913089602
-0.001910649387
-0.001908265311
-0.001906100914
-0.001903928911
-0.001901643174
-0.001899393049
-0.001897074709
-0.001894476161
-0.001891752707
-0.00188928543
-0.001886563425
-0.001883972272
-0.001881807031
-0.001879701736
-0.001877411226
-0.001874952547
-0.001872552182
-0.00187027617
-0.001868146113
-0.001866136628
-0.001864097
-0.001862103653
-0.001860032756
-0.001857962364
-0.001855886046
-0.001853715868
-0.001851530785
-0.001849350875
-0.001847242232
-0.001845026873
-0.001842826563
-0.001840661117
-0.001838461886
-0.001836189768
-0.001833967595
-0.0018316566
-0.001829157564
-0.001826740639
-0.00182435013
-0.001822004585
-0.001819523439
-0.001816902508
-0.001814223837
-0.001811488284
-0.001808990928
-0.001806779522
-0.001804661525
-0.001802677455
-0.00180055465
-0.001798251577
-0.001796070526
-0.001793918911
-0.001791929937
-0.001790036382
-0.001788083595
-0.001785869499
-0.001783427454
-0.001781159288
-0.001778981112
-0.001776850889
-0.001774779395
-0.00177283805
-0.001770764079
-0.001768562024
-0.001766400112
-0.001764307815
-0.00176224659
-0.001760106058
-0.001758083858
-0.001755898897
-0.001753653216
-0.001751358793
-0.001749282456
-0.001747312003
-0.00174525226
-0.001743087385
-0.001740631673
-0.001738119583
-0.001735724071
-0.001733661099
-0.001731588231
-0.001729461863
-0.001727259021
-0.001725085259
-0.001723059046
-0.001720960936
-0.001718784568
-0.001716395347
-0.001714169139
-0.001712089473
-0.001710028449
-0.001708091518
-0.001706144034
-0.001704332073
-0.001702421205
-0.00170033813
-0.00169811009
-0.001695793123
-0.001693583881
-0.00169140654
-0.001689262431
-0.001687270229
-0.001685272127
-0.001683008028
-0.001680547531
-0.001678029474
-0.001675557205
-0.00167323038
-0.001670920357
-0.00166874363
-0.001666488999
-0.001663990027
-0.001661467588
-0.001659066313
-0.001656778892
-0.001654596877
-0.00165240628
-0.0016502072
-0.001647797111
-0.001645258859
-0.001642928791
-0.001640667224
-0.001638150881
-0.001635287123
-0.001632775571
-0.001630580501
-0.00162850864
-0.001626543927
-0.001624587745
-0.001622651329
-0.001620485827
-0.001618065753
-0.001615753105
-0.001613265339
-0.001610719278
-0.001608318913
-0.001606058271
-0.001603930945
-0.001602010719
-0.001600139595
-0.001598171598
-0.001596079423
-0.001593765581
-0.001591431
-0.001589297095
-0.00158733177
-0.001585259307
-0.001583249907
-0.001581118207
-0.001578938731
-0.00157681099
-0.001574281579
-0.00157161523
-0.001569343825
-0.001567186063
-0.001565017762
-0.001562898739
-0.001560583021
-0.001558251673
-0.001555824686
-0.001553510235
-0.001551283571
-0.001548929498
-0.001546664051
-0.001544471653
-0.00154232726
-0.001540305636
-0.001538350579
-0.001536313352
-0.001534374168
-0.001532383132
-0.001530445266
-0.001528503071
-0.001526422417
-0.001524189287
-0.001521815052
-0.001519602233
-0.001517476451
-0.001515473519
-0.001513616317
-0.001511796753
-0.001509996081
-0.001508033766
-0.001505810392
-0.001503348831
-0.001500832334
-0.001498530037
-0.001496397996
-0.001494353834
-0.001492325375
-0.00149025772
-0.001488081806
-0.001485600407
-0.001483045741
-0.001480730074
-0.00147840818
-0.001476182336
-0.001474009201
-0.001471749713
-0.001469421283
-0.00146698131
-0.00146471724
-0.001462613595
-0.001460537459
-0.001458477429
-0.001456304805
-0.001453860064
-0.001451308246
-0.00144882664
-0.00144641372
-0.001444186566
-0.001441860966
-0.001439559415
-0.001437216112
-0.001435048252
-0.001433119937
-0.001431040533
-0.001428498817
-0.00142559722
-0.001422981049
-0.001420459722
-0.00141778417
-0.001415248357
-0.001413034211
-0.001410821896
-0.001408500692
-0.001406238462
-0.001404173606
-0.001401973485
-0.001399457803
-0.001396886764
-0.0013942767
-0.001391888653
-0.001389663277
-0.001387316154
-0.00138480856
-0.001382392652
-0.001380006079
-0.001377702304
-0.00137544634
-0.001373177241
-0.001370862084
-0.001368511061
-0.001366074988
-0.001363667737
-0.001361584191
-0.001359651544
-0.00135764141
-0.001355580159
-0.001353553002
-0.001351679837
-0.001349926755
-0.001348035873
-0.001346066515
-0.001343963735
-0.00134164592
-0.001339172876
-0.001336651307
-0.001334081712
-0.001331548573
-0.001329031776
-0.001326510899
-0.001324074573
-0.001321777017
-0.001319694707
-0.001317540058
-0.001315274187
-0.001312822589
-0.001310305193
-0.001307833297
-0.001305068739
-0.001302021097
-0.001299229141
-0.00129674162
-0.001294152357
-0.001291592297
-0.001289270011
-0.001287006178
-0.001284607682
-0.001282086318
-0.001279649744
-0.001277512514
-0.001275647409
-0.001273774537
-0.001271884997
-0.001269883346
-0.001267672513
-0.001265477746
-0.001263147067
-0.001260696338
-0.001258316658
-0.001256092112
-0.001253911899
-0.001251723543
-0.001249566424
-0.001247362099
-0.001245030777
-0.001242382075
-0.001239888357
-0.001237535245
-0.001235106873
-0.001232610133
-0.001230296756
-0.001228138537
-0.001226048393
-0.001223953293
-0.001221843759
-0.001219905631
-0.001217971861
-0.001215892045
-0.001213579741
-0.001211207285
-0.001208946509
-0.001206982232
-0.001205035035
-0.001202929647
-0.001200659567
-0.0011981994
-0.001195674443
-0.001193282242
-0.001191119883
-0.001189042992
-0.001187038069
-0.001185066004
-0.001183120335
-0.00118094335
-0.001178538254
-0.001176075729
-0.001173796059
-0.001171718086
-0.001169623751
-0.001167549126
-0.001165384835
-0.001163138047
-0.001160478773
-0.001157433008
-0.001154177125
-0.001151128216
-0.001148644518
-0.001146416833
-0.00114399714
-0.00114145501
-0.0011391742
-0.001137154211
-0.001135210764
-0.001133251352
-0.001131296518
-0.001129369883
-0.001127285305
-0.00112490259
-0.001122310027
-0.001119801659
-0.001117536617
-0.001115330594
-0.001113219813
-0.001111108904
-0.001108977535
-0.001106785006
-0.001104552278
-0.001102098137
-0.001099498935
-0.001096977792
-0.001094510375
-0.001092110282
-0.001089727556
-0.001087333287
-0.001084935802
-0.001082730737
-0.001080608241
-0.001078541307
-0.001076459226
-0.001074180304
-0.001071788993
-0.001069515362
-0.001067358207
-0.001065124974
-0.001062932808
-0.00106074533
-0.001058394165
-0.001056053337
-0.001053841137
-0.001051743548
-0.001049696828
-0.00104756946
-0.001045529039
-0.001043487637
-0.001041407249
-0.001039318637
-0.001036960414
-0.001034523653
-0.001032150706
-0.001029994012
-0.001027915285
-0.001025933889
-0.001023967111
-0.00102183552
-0.001019500192
-0.001017108968
-0.001014838285
-0.001012440798
-0.001010180213
-0.001008061358
-0.001006011758
-0.001004045183
-0.001001866133
-0.0009994972976
-0.0009970229329
-0.0009946908976
-0.0009924584464
-0.0009902964764
-0.0009882589965
-0.0009861828443
-0.0009840397682
-0.0009818316655
-0.0009796217008
-0.0009770521821
-0.0009745484566
-0.0009724471547
-0.000970444751
-0.0009684316368
-0.0009661166734
-0.0009635821656
-0.0009609706131
-0.000958482609
-0.0009562909261
-0.0009540247362
-0.0009518263418
-0.0009497486707
-0.0009475758328
-0.000945431501
-0.000943285607
-0.0009411230697
-0.0009391093695
-0.0009370626551
-0.0009347846973
-0.0009325346959
-0.0009302034479
-0.0009278394977
-0.0009256326001
-0.000923475636
-0.0009214025868
-0.000919277391
-0.0009171157437
-0.0009150317063
-0.0009130932965
-0.0009111143998
-0.0009089425242
-0.0009065000615
-0.0009040836161
-0.0009018511998
-0.0008995559479
-0.0008972373603
-0.0008946326484
-0.0008918706836
-0.0008893520733
-0.0008871418739
-0.0008852227411
-0.0008831891739
-0.0008810047934
-0.0008787424176
-0.000876349291
-0.0008739896699
-0.0008717876108
-0.0008696790636
-0.0008673671033
-0.0008650089288
-0.0008628293425
-0.0008607955814
-0.000858886546
-0.0008567466721
-0.000854564543
-0.0008521857258
-0.0008497480508
-0.0008474744363
-0.0008454120486
-0.0008435496084
-0.0008416090429
-0.0008397020336
-0.0008376304512
-0.0008353127302
-0.0008328502281
-0.0008301991211
-0.0008271364153
-0.0008240044544
-0.0008213560096
-0.000819031989
-0.0008169622533
-0.0008149953028
-0.0008129166639
-0.000810713774
-0.0008083810417
-0.0008060917275
-0.0008040039764
-0.0008020082351
-0.0007998891628
-0.0007976020494
-0.0007949686842
-0.0007920165385
-0.0007892695575
-0.0007865356916
-0.0007835212973
-0.0007807033795
-0.000778404368
-0.0007762621049
-0.0007741200959
-0.0007718879472
-0.0007694573683
-0.0007669036003
-0.0007642659594
-0.0007618344614
-0.0007595873883
-0.0007574361904
-0.0007553032635
-0.0007529912982
-0.0007506264022
-0.0007482828428
-0.0007457805071
-0.0007431903436
-0.0007406943032
-0.0007384435459
-0.0007363782926
-0.0007341474856
-0.0007318108896
-0.0007294049407
-0.0007269476649
-0.0007245929028
-0.0007224454463
-0.0007203363694
-0.0007181430561
-0.000715916155
-0.000713728621
-0.0007113298928
-0.0007086786311
-0.00070618125
-0.0007040231136
-0.0007020622049
-0.0006997850622
-0.0006974905021
-0.0006952952623
-0.0006929700104
-0.0006907654458
-0.0006884462096
-0.0006860920149
-0.000683711676
-0.0006814598065
-0.0006795962434
-0.0006778101282
-0.0006759558303
-0.0006739563612
-0.0006718316644
-0.0006694904508
-0.0006670864462
-0.0006645701479
-0.0006619530016
-0.0006595482041
-0.0006573642535
-0.0006553079208
-0.0006533224079
-0.0006514137807
-0.0006494144933
-0.0006471533739
-0.0006446632096
-0.0006421423675
-0.0006397679775
-0.0006374689554
-0.0006352740811
-0.0006331797973
-0.0006310064273
-0.0006286651935
-0.0006264710355
-0.0006243261119
-0.0006220172875
-0.0006196255592
-0.0006175153172
-0.0006154380759
-0.0006132902868
-0.0006113039719
-0.0006091479446
-0.0006068059729
-0.0006043556313
-0.0006016872483
-0.0005989986784
-0.000596516833
-0.0005942370994
-0.0005920859378
-0.0005898813124
-0.0005877757451
-0.0005855652009
-0.000583032508
-0.0005805825902
-0.000578262801
-0.0005759048684
-0.0005735883329
-0.0005713556058
-0.0005691705226
-0.0005669367584
-0.0005644347319
-0.0005619263655
-0.0005593932579
-0.0005569848298
-0.0005547185104
-0.0005524351846
-0.0005502586029
-0.0005481361408
-0.0005460899406
-0.0005440720668
-0.000541997894
-0.0005396228754
-0.0005370542832
-0.0005346249029
-0.0005321537934
-0.0005293851924
-0.0005265611732
-0.0005238451116
-0.0005212865988
-0.0005187621562
-0.0005162438343
-0.0005136728774
-0.0005111057044
-0.000508647944
-0.0005063546636
-0.0005043199327
-0.0005023925648
-0.0005005389059
-0.0004986016189
-0.0004967131701
-0.0004946597508
-0.0004924733871
-0.0004901607874
-0.0004874472922
-0.0004847833094
-0.0004823273956
-0.0004800134861
-0.0004776078139
-0.0004752572557
-0.0004730434255
-0.0004709095985
-0.0004685892547
-0.0004660289233
-0.000463267614
-0.0004601991225
-0.0004574680169
-0.0004551458583
-0.0004527465518
-0.0004502105835
-0.0004476234124
-0.0004450522869
-0.0004426825701
-0.0004405650473
-0.0004386212309
-0.0004364494799
-0.0004341808217
-0.0004319688101
-0.0004297999095
-0.0004275130618
-0.0004250720703
-0.0004225577449
-0.0004200807677
-0.0004177664675
-0.0004154805833
-0.000413228576
-0.0004107707975
-0.0004083136909
-0.0004059739999
-0.0004035591109
-0.000401407542
-0.000399422644
-0.000397158517
-0.0003945874828
-0.0003919468093
-0.0003895038754
-0.0003871650908
-0.0003849103408
-0.0003827357611
-0.0003805186354
-0.0003780832694
-0.0003756044108
-0.0003733844803
-0.0003710451565
-0.0003685686137
-0.0003660586234
-0.0003636194277
-0.0003614094404
-0.0003592953978
-0.0003571417077
-0.0003550547095
-0.0003529691312
-0.0003508631866
-0.0003485954166
-0.0003460736752
-0.000343525438
-0.0003410528343
-0.0003387874098
-0.0003364254483
-0.0003337932957
-0.0003307984383
-0.0003282159241
-0.0003259044926
-0.0003236633173
-0.0003213408483
-0.0003187758822
-0.0003161369041
-0.000313537296
-0.0003109199593
-0.0003084099495
-0.0003060535018
-0.0003038553088
-0.0003018438546
-0.0002998039707
-0.0002977889233
-0.0002956970207
-0.0002935795552
-0.0002913768175
-0.0002890784786
-0.0002865690449
-0.0002840927621
-0.0002818526045
-0.0002797307231
-0.0002775794596
-0.000275363242
-0.0002731933484
-0.0002707355816
-0.0002681441796
-0.00026563052
-0.000263419487
-0.0002611328248
-0.0002584041965
-0.0002551622512
-0.0002519012442
-0.0002490872072
-0.0002466487483
-0.0002444501196
-0.0002422211209
-0.0002398638999
-0.0002373022177
-0.0002347329841
-0.0002322370684
-0.0002297597268
-0.0002273200941
-0.0002250317554
-0.0002224589375
-0.0002198780275
-0.0002176656412
-0.0002155584917
-0.000213492293
-0.0002114483359
-0.0002093817408
-0.000207136578
-0.0002049428238
-0.0002026898027
-0.0002006358632
-0.0001985690193
-0.0001963813354
-0.0001940483446
-0.0001917905752
-0.000189432175
-0.0001872735053
-0.0001854839919
-0.0001837525833
-0.0001819061874
-0.0001799531593
-0.0001782423734
-0.0001765419599
-0.0001743167083
-0.0001715410127
-0.0001692712112
-0.0001673300169
-0.0001653405424
-0.0001632122776
-0.000161299262
-0.0001595305158
-0.0001578398971
-0.0001562879732
-0.0001547684987
-0.0001528559549
-0.0001508834451
-0.0001490082671
-0.0001471703103
-0.0001452117155
-0.0001431854258
-0.0001411299911
-0.000139105696
-0.0001371923642
-0.0001352236962
-0.000133136287
-0.0001310320252
-0.0001287618582
-0.0001267646504
-0.0001246327711
-0.0001225599637
-0.0001208404351
-0.0001193305342
-0.0001175172976
-0.0001157487931
-0.0001138137468
-0.0001116213445
-0.000109515853
-0.0001076428734
-0.0001060380283
-0.0001046081335
-0.0001031478012
-0.0001017518399
-0.0001003322386
-9.885206289e-05
-9.73828712e-05
-9.59919058e-05
-9.457492549e-05
-9.287957213e-05
-9.108795956e-05
-8.908355457e-05
-8.663332084e-05
-8.421070991e-05
-8.216908607e-05
-8.037733845e-05
-7.835741484e-05
-7.675211643e-05
-7.527923507e-05
-7.375730941e-05
-7.205423428e-05
-7.050474259e-05
-6.899612994e-05
-6.754438943e-05
-6.597651222e-05
-6.423211984e-05
-6.27145279e-05
-6.137113649e-05
-5.997647526e-05
-5.878308106e-05
-5.756123929e-05
-5.640156682e-05
-5.532269391e-05
-5.425270157e-05
-5.315520333e-05
-5.202461861e-05
-5.081743199e-05
-4.950135932e-05
-4.829397399e-05
-4.724649123e-05
-4.63501432e-05
-4.554148703e-05
-4.470537357e-05
-4.398668973e-05
-4.322367964e-05
-4.251361513e-05
-4.188803012e-05
-4.125277146e-05
-4.041888939e-05
-3.979621819e-05
-3.929012352e-05
-3.874881828e-05
-3.808249082e-05
-3.746027414e-05
-3.691420326e-05
-3.646246967e-05
-3.575075778e-05
-3.505691646e-05
-3.434727271e-05
-3.365268427e-05
-3.290404412e-05
-3.215412487e-05
-3.146168115e-05
-3.073774258e-05
-2.998404579e-05
-2.921636706e-05
-2.846605082e-05
-2.765062634e-05
-2.687084703e-05
-2.600156612e-05
-2.497619958e-05
-2.412316615e-05
-2.338422031e-05
-2.267757854e-05
-2.191710523e-05
-2.13347855e-05
-2.07109864e-05
-2.014106464e-05
-1.947197062e-05
-1.892915115e-05
-1.840705566e-05
-1.772678381e-05
-1.689772516e-05
-1.640530647e-05
-1.588049862e-05
-1.531825672e-05
-1.465306956e-05
-1.407777251e-05
-1.342544265e-05
-1.277584163e-05
-1.217094292e-05
-1.161876745e-05
-1.106788151e-05
-1.049634333e-05
-9.886556796e-06
-9.267395467e-06
-8.621367994e-06
-7.99289731e-06
-7.41563506e-06
-6.893133421e-06
-6.41789965e-06
-5.966318151e-06
-5.540289318e-06
-5.127544189e-06
-4.71151136e-06
-4.310872765e-06
-3.835500613e-06
-3.328009431e-06
-3.010179109e-06
-2.784048892e-06
-2.427426399e-06
-2.052510788e-06
-1.762142782e-06
-1.439376874e-06
-1.198637263e-06
-9.501141646e-07
-7.691425566e-07
-6.22596458e-07
-5.054058494e-07
-3.825043434e-07
-2.687170685e-07
-1.558382102e-07
-9.67978692e-08
-3.86448796e-08
6.971706728e-08
1.893161054e-07
9.391726054e-08
0
0
0
0
0
0
0
0
0
0
0
0
0
0
0
0
0
0
0
0
0
0
0
0
0
0
0
0
0
0
0
0
0
0
0
0
0
0
0
0
0
0
0
0
0
0
0
0
0
0
0
0
0
0
0
0
0
0
0
0
0
0
0
0
0
0
0
0
0
0
0
0
0
0
0
0
0
0
0
0
0
0
0
0
0
0
0
0
0
0
0
0
0
0
0
0
0
0
0
0
0
0
0
0
0
0
0
0
0
0
0
0
0
0
0
0
0
0
0
0
0
0
0
0
0
0
0
0
0
0
0
0
0
0
0
0
0
0
0
0
0
0
0
0
0
0
0
0
0
0
0
0
0
0
0
0
0
0
0
0
0
0
0
0
0
0
0
0
0
0
0
0
0
0
0
0
0
0
0
0
0
0
0
0
0
0
0
0
0
0
0
0
0
0
0
0
0
0
0
-2.655445571e-07
-5.495486589e-07
-7.837138233e-07
-1.011298061e-06
-1.211223044e-06
-1.628335532e-06
-2.042987418e-06
-2.468854868e-06
-3.076897704e-06
-3.708332134e-06
-4.471465959e-06
-5.111809229e-06
-5.830334329e-06
-6.384582799e-06
-6.970442755e-06
-7.729866143e-06
-8.578420122e-06
-9.262313486e-06
-9.930617997e-06
-1.076962943e-05
-1.18139875e-05
-1.293283923e-05
-1.391753913e-05
-1.480658486e-05
-1.578862694e-05
-1.691646764e-05
-1.796723041e-05
-1.891069562e-05
-1.978799878e-05
-2.052385871e-05
-2.123431122e-05
-2.206927951e-05
-2.283218565e-05
-2.349942996e-05
-2.402664315e-05
-2.48364011e-05
-2.540445692e-05
-2.573566049e-05
-2.602818575e-05
-2.659727346e-05
-2.721794859e-05
-2.76300086e-05
-2.785709212e-05
-2.822686527e-05
-2.857750192e-05
-2.908074775e-05
-2.94368809e-05
-3.000762631e-05
-3.055560113e-05
-3.145425613e-05
-3.217211828e-05
-3.303914212e-05
-3.383357885e-05
-3.474287665e-05
-3.578930297e-05
-3.709117229e-05
-3.80432153e-05
-3.897908125e-05
-3.968041595e-05
-4.046127294e-05
-4.122128424e-05
-4.209681518e-05
-4.282302779e-05
-4.334435838e-05
-4.36670456e-05
-4.38680155e-05
-4.396172262e-05
-4.396568848e-05
-4.366861689e-05
-4.342687104e-05
-4.301295041e-05
-4.241753011e-05
-4.158036955e-05
-4.084616748e-05
-4.006319787e-05
-3.932483823e-05
-3.864110035e-05
-3.797155794e-05
-3.713543129e-05
-3.639473584e-05
-3.557731346e-05
-3.469156039e-05
-3.379222501e-05
-3.298441916e-05
-3.229922351e-05
-3.168941014e-05
-3.116063155e-05
-3.063269356e-05
-3.027627092e-05
-3.007138093e-05
-2.978475381e-05
-2.957161717e-05
-2.934688876e-05
-2.950374584e-05
-2.972200479e-05
-2.993813043e-05
-3.013196295e-05
-3.049591062e-05
-3.081088932e-05
-3.122807492e-05
-3.186653302e-05
-3.250465352e-05
-3.312893949e-05
-3.383960639e-05
-3.447129918e-05
-3.518229221e-05
-3.594465442e-05
-3.689887895e-05
-3.788680324e-05
-3.882353185e-05
-3.957952749e-05
-4.057433017e-05
-4.174796624e-05
-4.289751923e-05
-4.406145924e-05
-4.551741008e-05
-4.677892308e-05
-4.81898015e-05
-4.944359564e-05
-5.098024963e-05
-5.261083981e-05
-5.453649774e-05
-5.680756006e-05
-5.95848231e-05
-6.207867559e-05
-6.487790844e-05
-6.77385394e-05
-7.026604725e-05
-7.263614011e-05
-7.517523115e-05
-7.78215143e-05
-8.029398845e-05
-8.269675806e-05
-8.457543374e-05
-8.653166193e-05
-8.856758025e-05
-9.059856821e-05
-9.264450201e-05
-9.489295286e-05
-9.753491987e-05
-0.0001002225089
-0.0001026999109
-0.0001052673288
-0.0001080087083
-0.0001105995066
-0.0001134832371
-0.0001166492794
-0.000119990212
-0.0001229113829
-0.0001259225885
-0.0001291044589
-0.0001323536298
-0.0001357030205
-0.000139015431
-0.000142570844
-0.0001464214339
-0.0001501475725
-0.0001538533668
-0.0001576977723
-0.0001620935558
-0.0001668804956
-0.0001713585105
-0.0001756146896
-0.0001798725775
-0.0001846040312
-0.0001895696124
-0.0001940410613
-0.0001982714059
-0.0002026670923
-0.0002071204481
-0.0002112672258
-0.0002154313999
-0.0002195747779
-0.0002240674465
-0.0002288930459
-0.0002335101833
-0.000237950269
-0.0002427806333
-0.0002481278207
-0.0002540690319
-0.0002598012384
-0.0002654281137
-0.0002707937951
-0.0002762593057
-0.0002822205075
-0.0002888357088
-0.0002954720068
-0.0003014778728
-0.0003068373268
-0.0003122452605
-0.0003175355074
-0.0003230261918
-0.0003284845782
-0.0003339467033
-0.000339568533
-0.0003451408543
-0.0003508359824
-0.0003573286981
-0.000364087385
-0.0003705626543
-0.0003765030993
-0.0003819939159
-0.0003874591623
-0.0003927740845
-0.000397944587
-0.0004032774724
-0.0004087224638
-0.0004142006366
-0.0004194031661
-0.0004249608363
-0.0004309283398
-0.0004375026158
110.9812842
219.4362438
232.8267061
244.8079439
305.792951
373.9787262
444.0929371
511.0528512
589.5948885
667.6728909
747.2770389
824.7416069
907.799216
999.941074
1102.678345
1203.214147
1291.082142
1369.749033
1450.209827
1537.340742
1615.386116
1690.446508
1767.100829
1849.550788
1941.706978
2035.756866
2125.235354
2207.027704
2287.044109
2370.785654
2462.124867
2558.243408
2663.156018
2770.888104
2864.870378
2950.623391
3046.311637
3142.748444
3223.276395
3298.630844
3385.271405
3483.537786
3596.545833
3711.942092
3820.107214
3920.558739
4008.878302
4093.385648
4171.433219
4251.885511
4336.34314
4423.155897
4524.945386
4647.580451
4772.08917
4878.253935
4975.27846
5068.684835
5158.685292
5250.396682
5335.421268
5415.890306
5495.231509
5578.404769
5665.142096
5757.285657
5842.305871
5923.888201
6004.359406
6084.374055
6183.640892
6292.496477
6404.560531
6513.732687
6621.25875
6722.34838
6816.708884
6906.629768
6986.016033
7062.61059
7139.322545
7221.125502
7303.592856
7384.106681
7469.760145
7558.945524
7655.846202
7756.573079
7843.921339
7928.91281
8008.529361
8084.342344
8161.076977
8239.302017
8318.371119
8400.468632
8491.958451
8592.60336
8711.212949
8834.40144
8947.723849
9050.133285
9149.193607
9245.561429
9337.867681
9425.447204
9506.977396
9590.828996
9674.298999
9762.314674
9853.752778
9937.656482
10023.79818
10113.86054
10207.90036
10304.6828
10416.78823
10537.9481
10642.99293
10738.9015
10827.21474
10914.78696
11015.53735
11127.91726
11231.94214
11335.71098
11455.245
11580.35678
11698.99601
11805.36915
11900.16714
11987.91038
12072.42281
12157.84002
12240.83548
12329.49458
12425.39999
12512.91082
12600.74195
12692.61006
12782.44595
12879.31541
12979.75983
13073.70287
13143.08516
13210.56538
13286.69246
13362.74845
13446.96566
13532.58935
13612.47616
13686.41136
13765.65446
13846.90458
13930.56883
14016.23471
14110.36273
14216.72428
14323.71726
14421.42926
14516.25389
14604.72334
14686.41269
14770.01995
14861.39312
14958.94659
15070.14839
15193.34331
15295.01365
15385.41119
15475.10625
15561.94839
15646.77738
15734.86539
15814.81721
15891.71484
15973.30287
16057.01873
16141.96758
16225.64244
16305.63913
16388.09513
16479.35386
16571.77302
16650.44713
16725.94685
16804.0118
16881.61544
16960.23547
17039.83762
17120.7319
17201.26627
17284.21331
17367.06904
17445.65554
17535.92895
17641.75226
17747.60129
17836.28988
17914.54103
18002.8558
18097.42193
18198.87085
18304.349
18409.86972
18517.46929
18634.37748
18744.4979
18846.49128
18940.32506
19024.54484
19106.69392
19193.11063
19282.68132
19361.96121
19436.91413
19507.51053
19576.93686
19648.64082
19737.02987
19829.4188
19909.89216
19995.20924
20078.92052
20161.93977
20242.67062
20320.41914
20400.82828
20487.62171
20581.54305
20680.36565
20778.04544
20868.11649
20951.20402
21033.98212
21118.2261
21200.2617
21285.21103
21374.92104
21469.56197
21566.69574
21659.60232
21745.20652
21829.11052
21911.64897
21997.36875
22085.7496
22188.62746
22294.47461
22383.12823
22460.3783
22534.82075
22612.55265
22691.74984
22768.99445
22849.27634
22926.68054
23000.4056
23084.7737
23169.06063
23257.42912
23352.8775
23447.66403
23535.30449
23619.31423
23706.92923
23814.57591
23934.46022
24044.59869
24139.28524
24230.65832
24323.6643
24404.82023
24485.4628
24572.02344
24664.55815
24764.06875
24858.11696
24942.75721
25033.29366
25125.43773
25216.18891
25322.72024
25431.23185
25532.60819
25632.29739
25722.84524
25806.70456
25890.74008
25973.47579
26058.99809
26146.46462
26227.24964
26307.50195
26392.40245
26474.85132
26569.68949
26679.41892
26791.00805
26894.66964
26990.50925
27086.86663
27175.21158
27257.48339
27339.63586
27422.72073
27514.70933
27611.13631
27702.44313
27793.79692
27891.49057
27995.42663
28095.78195
28184.697
28265.76706
28350.64039
28444.81207
28545.07252
28641.84794
28732.61993
28833.7449
28935.06503
29033.32381
29132.37135
29236.68225
29348.62218
29453.39455
29551.54655
29652.3021
29760.39654
29863.59916
29958.89423
30046.3894
30134.16467
30210.93905
30287.58397
30367.12901
30452.10444
30556.69324
30656.10231
30744.89431
30830.61526
30914.2971
31000.46641
31093.50027
31185.59422
31275.50717
31358.1281
31445.78335
31539.24069
31628.46515
31714.73804
31800.55981
31890.24297
31978.81349
32064.38831
32146.54991
32227.56841
32312.66128
32400.10006
32493.29255
32588.34429
32683.32438
32778.52
32872.27509
32975.56359
33080.31462
33182.38561
33291.39117
33407.70007
33520.50068
33621.99653
33719.85673
33819.17471
33906.44633
33988.52843
34069.65847
34147.4306
34229.34271
34313.8195
34396.83142
34482.80596
34576.8366
34678.31909
34777.91057
34874.20588
34970.93246
35064.43266
35152.26196
35244.14168
35344.51118
35448.89281
35543.42661
35626.45616
35702.28135
35778.4556
35853.67102
35933.25179
36024.92829
36107.08136
36183.51249
36260.08481
36338.88758
36427.26395
36519.57577
36615.37131
36704.72148
36786.56915
36865.32152
36944.0637
37028.27897
37116.58584
37207.54167
37298.97791
37391.30847
37477.40031
37563.82011
37653.32254
37736.49658
37817.2303
37899.51408
37986.78998
38079.26745
38173.10814
38254.89654
38328.02751
38403.79905
38484.4616
38574.31084
38667.87425
38757.96983
38847.97743
38953.99599
39072.0685
39190.30778
39294.96632
39388.82041
39480.34457
39575.54449
39669.54282
39747.0355
39824.6362
39915.59002
40007.58383
40097.77357
40189.69999
40281.35421
40377.3813
40480.94417
40587.27356
40689.73146
40791.54111
40887.76049
40982.26294
41077.9448
41174.74189
41276.85071
41392.75211
41500.08318
41588.65902
41678.058
41765.87575
41846.64543
41927.11274
42004.08686
42081.21455
42156.75045
42237.00403
42324.57959
42415.2462
42509.48445
42603.43707
42700.18383
42797.03192
42896.22308
42990.34321
43078.90617
43163.89508
43247.10921
43335.76822
43430.10322
43527.20148
43621.72061
43707.96142
43789.44771
43867.79734
43946.72984
44024.52089
44094.41995
44167.79154
44245.33962
44320.35643
44400.42028
44491.52831
44575.76738
44653.64988
44720.6797
44786.74425
44861.25556
44935.39763
45016.65394
45101.00037
45191.66515
45283.55495
45380.18237
45481.22517
45580.89055
45676.79923
45763.32058
45846.37623
45930.49765
46021.65524
46109.8067
46194.28465
46285.93161
46372.49576
46466.99003
46562.02169
46648.76244
46744.14678
46837.67047
46922.62041
46998.21474
47071.72085
47142.64645
47217.8633
47295.59203
47376.13434
47464.35063
47553.87652
47646.49799
47730.46506
47811.70865
47895.98627
47970.94358
48047.03974
48128.18318
48207.19559
48285.75532
48369.26121
48463.50113
48557.95283
48657.73984
48756.9535
48842.41988
48923.88904
48995.56638
49066.83369
49136.23466
49202.45656
49267.09348
49332.56582
49401.40083
49473.63677
49541.9867
49611.4043
49695.94533
49784.1824
49880.4128
49977.01044
50059.23672
50137.08824
50214.16089
50285.18569
50358.57804
50439.46188
50536.48218
50632.23567
50730.55172
50826.72633
50916.22841
51007.71405
51102.87648
51203.11003
51302.63308
51393.56924
51478.63205
51562.91261
51651.71112
51740.33636
51823.75794
51907.56501
51986.48378
52068.74625
52143.05591
52216.28923
52294.84156
52378.06915
52479.91875
52578.41454
52668.73906
52759.94596
52855.97114
52947.42581
53029.78234
53113.89164
53207.6476
53314.1389
53406.85409
53489.69454
53574.93278
53655.01884
53732.47486
53809.46473
53888.62072
53968.72263
54055.65359
54149.16493
54248.32899
54344.64932
54437.09137
54532.74941
54641.11324
54759.72113
54887.08378
55014.47296
55113.5271
55197.42174
55276.28381
55355.40603
55429.2383
55500.70468
55568.61015
55639.8661
55722.78651
55813.32354
55910.97341
56005.51336
56097.21678
56183.90816
56267.61575
56350.31193
56432.55095
56516.92303
56596.90875
56676.34601
56762.73947
56856.62147
56954.13396
57045.37879
57119.25811
57193.01796
57266.67817
57337.76639
57416.22753
57498.85712
57577.5493
57657.50773
57743.18695
57831.73203
57917.73416
57995.01907
58073.07997
58154.84409
58247.30515
58338.98862
58431.26444
58531.43189
58628.09421
58729.75792
58834.19791
58929.53334
59006.87169
59078.20608
59159.53374
59255.92256
59373.70589
59498.6035
59616.39625
59726.38224
59828.05464
59913.84386
59998.21814
60087.69718
60181.61805
60276.92222
60363.93467
60465.36367
60571.69903
60665.03441
60756.64099
60845.40118
60930.28012
61013.64165
61100.80421
61186.63964
61276.76166
61368.25967
61459.46626
61553.64348
61650.72154
61748.08246
61836.77213
61923.05542
62011.58098
62094.44502
62183.59006
62281.36961
62384.93795
62491.8717
62598.3549
62705.06055
62810.76827
62914.67741
63026.73399
63148.59352
63256.96556
63349.76359
63435.30352
63522.08092
63605.89341
63688.88801
63768.10518
63848.43786
63932.09896
64015.66962
64107.26276
64208.6063
64305.44571
64396.14622
64495.86943
64607.14229
64722.40011
64840.62336
64972.26274
65103.6332
65214.47618
65311.01977
65414.23339
65531.46902
65638.14989
65740.107
65838.56307
65933.06282
66024.6488
66109.27893
66189.2399
66271.05647
66344.52027
66417.89034
66483.64232
66550.32881
66636.45559
66721.98305
66807.37093
66896.91557
66982.68756
67067.77465
67155.79549
67237.21023
67325.08549
67418.52282
67515.97521
67625.15281
67747.64436
67856.91415
67954.16209
68047.28325
68134.64761
68224.47432
68308.87455
68393.68836
68486.62281
68583.13802
68686.92686
68790.44063
68874.02959
68950.94563
69019.39859
69090.59888
69176.24614
69267.29875
69363.1034
69455.37418
69536.4802
69620.39122
69714.39686
69800.87078
69882.70522
69958.44744
70028.61173
70102.90249
70176.98498
70250.56269
70328.38684
70417.09353
70541.1369
70670.27531
70796.4441
70907.9723
71002.83959
71096.84794
71193.58019
71288.36175
71378.14251
71467.67397
71547.08027
71625.85531
71699.93308
71774.1586
71847.91688
71921.54929
71995.28702
72068.86838
72148.32268
72227.79635
72312.55963
72397.21025
72481.20278
72565.02389
72650.11514
72735.1047
72815.82296
72896.51264
72974.53278
73052.55306
73134.93645
73217.31198
73292.13318
73366.92255
73433.52321
73500.04538
73578.59973
73657.08049
73743.54027
73829.90515
73914.45731
73998.90605
74081.44457
74163.95509
74242.59426
74321.208
74408.34244
74495.37469
74583.74785
74671.95631
74753.3859
74834.7094
74914.41581
74994.06316
75068.92112
75143.70322
75223.13141
75302.48406
75386.75561
75470.94618
75547.85861
75624.67427
75695.92147
75767.01461
75842.5683
75917.98774
75996.97756
76075.85241
76155.7025
76235.4051
76316.31328
76397.0002
76470.27898
76542.74809
76615.51553
76690.31455
76773.15408
76857.98766
76941.28985
77025.67858
77108.04254
77190.90014
77278.74533
77366.80828
77454.64588
77542.58066
77630.8048
77719.09913
77811.92615
77904.69837
77994.6436
78084.46508
78166.12412
78247.67429
78332.88509
78417.94361
78512.96289
78607.9676
78701.44375
78795.17855
78884.32051
78973.72702
79065.99746
79158.55178
79252.29881
79346.32397
79436.2891
79526.50562
79614.41568
79702.58025
79789.54391
79876.7093
79965.25732
80053.9914
80142.80888
80231.80653
80315.92652
80400.13047
80483.43147
80566.7603
80648.89816
80731.0002
80811.01229
80890.92972
80976.57529
81062.05167
81153.14459
81243.88464
81330.16274
81415.54754
81493.66658
81570.01662
81647.07288
81722.42994
81802.75619
81886.01262
81972.40514
82069.57347
82175.0003
82275.53401
82370.30586
82456.89889
82538.23091
82620.65368
82707.62837
82795.74969
82889.81944
82982.53519
83069.52076
83155.51395
83236.09986
83318.99042
83406.11696
83498.60772
83593.293
83682.49108
83765.07578
83842.7091
83921.86693
83999.22209
84079.39578
84161.20305
84242.34706
84325.29697
84406.46975
84490.67977
84579.71523
84674.65919
84777.17057
84877.77255
84980.41677
85085.20242
85193.27584
85295.60884
85387.98235
85476.48295
85563.10719
85656.02246
85754.60525
85854.68899
85952.21116
86039.58119
86124.27378
86211.96144
86300.7314
86391.09946
86478.50003
86565.70093
86643.17117
86718.81897
86793.94851
86866.92901
86947.00265
87026.85641
87101.21352
87176.21847
87250.41204
87324.68067
87406.98608
87493.97251
87586.89696
87685.94823
87779.99731
87869.9476
87958.61247
88045.87469
88138.94443
88231.50397
88324.94011
88414.54626
88504.00573
88601.2034
88715.46209
88777.45803
88573.55801
88474.48979
88390.35623
88305.55317
88220.06194
88135.41047
88049.48026
87962.98064
87878.08818
87795.22699
87712.02187
87626.95071
87541.82367
87457.10588
87372.1735
87287.08557
87201.42052
87115.9327
87031.15652
86945.73916
86859.02066
86770.77289
86681.43818
86593.25296
86506.59727
86420.86815
86336.61494
86252.96724
86169.71738
86086.77592
86003.74113
85920.54461
85837.17552
85753.64836
85669.71369
85585.63048
85501.58533
85417.41425
85333.53335
85249.54945
85165.44335
85081.24442
84996.65062
84911.97687
84826.9516
84741.85385
84656.42641
84570.93081
84485.56073
84400.13249
84314.99929
84229.81548
84144.63441
84059.40701
83973.88346
83888.31546
83802.53807
83716.72218
83630.83766
83544.92054
83458.79788
83372.6475
83286.66373
83200.35056
83114.18423
83029.13307
82946.08941
82862.97375
82776.78683
82688.13792
82599.01272
82509.16113
82418.37749
82327.21873
82237.27543
82149.57048
82062.3053
81974.4101
81884.42304
81793.85094
81704.16036
81615.01636
81525.10882
81434.05814
81344.79616
81256.65447
81167.28026
81076.63024
80985.18158
80895.39069
80809.44096
80724.42058
80639.59487
80553.83436
80464.15952
80373.93206
80283.26062
80190.93225
80100.67278
80010.30634
79918.49521
79827.16866
79737.66735
79650.65
79561.04359
79468.4106
79377.31029
79286.75528
79197.4553
79107.62411
79015.83773
78926.21119
78838.78335
78753.04396
78667.653
78578.87365
78488.24939
78399.71071
78314.80497
78229.96402
78139.47414
78046.36518
77957.38565
77870.09294
77781.17375
77691.77122
77602.85597
77514.71838
77426.9391
77338.90166
77250.74617
77162.6522
77073.81627
76984.0352
76894.0443
76805.44195
76719.02817
76632.84477
76544.79901
76454.86514
76364.20664
76273.82214
76184.2369
76094.32537
76003.43307
75912.87933
75822.75013
75733.66545
75645.34602
75555.47043
75465.27163
75379.84375
75296.31099
75208.95055
75118.92989
75027.73559
74935.87589
74843.10177
74750.62129
74659.04327
74567.50519
74478.34198
74391.17741
74302.42894
74212.6635
74122.20975
74030.53229
73940.49445
73853.20238
73769.19617
73684.80673
73596.31255
73506.0309
73413.77587
73321.00986
73229.49901
73135.44066
73040.66657
72950.07795
72862.0626
72772.7126
72681.85956
72589.61114
72494.9324
72400.81245
72308.6906
72219.34497
72132.70638
72047.16908
71962.9433
71876.87045
71787.10717
71698.71391
71612.90754
71526.50855
71440.46423
71355.32547
71268.19344
71179.08696
71090.38432
71002.35614
70914.09195
70825.75984
70735.6063
70643.12948
70551.12281
70460.74692
70370.76134
70280.21807
70188.06684
70098.37884
70013.9195
69929.77182
69841.28182
69747.06104
69652.83959
69561.09416
69467.87106
69374.34024
69282.94987
69192.82404
69103.0879
69014.98925
68929.03688
68842.84028
68757.33364
68672.29789
68586.07185
68500.06423
68413.68217
68325.08841
68236.62199
68148.90973
68063.48305
67979.37464
67891.03264
67800.58973
67710.64435
67620.73098
67531.26486
67442.77953
67353.49388
67262.35168
67173.33206
67088.36457
67002.68188
66914.2924
66827.36689
66741.97302
66654.84306
66565.09127
66474.45755
66385.31634
66298.79842
66214.05645
66130.70774
66045.72245
65957.49763
65868.20288
65782.02156
65699.33487
65615.55789
65529.97674
65442.26714
65353.00616
65263.7565
65174.25212
65083.5021
64991.44898
64899.63461
64808.52771
64720.77825
64636.67771
64552.13187
64467.75468
64382.84698
64294.16405
64204.76545
64115.18494
64024.52008
63933.95048
63843.14218
63753.75772
63665.22602
63575.70498
63486.62517
63397.89192
63308.82632
63219.55277
63129.55997
63038.312
62946.31995
62855.76401
62768.27588
62683.01976
62596.11019
62507.1951
62418.56983
62330.00697
62241.3059
62151.33939
62059.84951
61970.67035
61883.67374
61794.96026
61704.85034
61615.78104
61528.23324
61441.174
61353.28878
61264.83768
61175.6177
61084.03637
60991.23523
60901.16482
60815.96606
60733.1514
60648.73793
60560.52938
60471.40604
60383.53254
60295.47056
60206.6202
60115.72648
60023.73189
59933.78993
59843.87057
59752.18611
59661.48343
59570.02897
59475.54715
59381.86728
59291.04134
59200.79835
59109.40114
59017.63641
58925.23417
58832.59875
58740.63686
58649.63217
58558.20597
58466.28343
58375.94822
58286.38445
58198.61668
58113.45943
58028.74453
57941.08249
57848.78636
57755.6378
57665.79142
57578.57744
57490.7249
57401.09185
57310.97474
57219.95309
57126.88506
57035.92973
56946.77719
56856.41724
56767.63372
56681.65704
56596.47087
56507.75127
56415.52405
56323.29586
56231.84986
56142.36783
56055.78654
55972.01417
55887.10607
55799.78862
55713.87798
55627.48262
55536.94909
55444.47564
55354.06077
55265.63789
55176.90259
55089.30512
55003.29073
54913.90499
54821.77287
54731.08448
54641.89132
54553.23584
54464.79487
54375.65539
54286.35797
54196.46457
54104.9203
54013.92932
53922.27257
53827.94376
53734.49773
53645.02827
53557.99412
53470.57056
53383.60564
53299.40515
53215.69198
53131.29747
53045.42306
52955.99397
52865.64909
52777.50162
52693.24377
52609.38855
52521.30481
52432.56928
52345.8476
52259.1834
52169.53801
52079.95637
51994.5704
51909.76337
51820.81326
51728.72512
51639.35763
51552.68761
51467.32617
51382.29721
51294.85888
51205.78818
51117.45996
51031.86354
50947.36747
50859.81376
50770.29511
50680.48447
50591.72664
50503.92831
50415.55618
50327.11632
50238.1093
50148.35232
50057.39662
49963.70089
49868.48322
49776.03713
49685.42164
49592.11774
49497.8001
49407.77281
49320.57786
49233.27845
49145.91587
49059.86226
48973.2384
48885.43608
48795.07257
48704.15014
48616.56771
48530.22297
48445.25765
48358.35222
48269.6828
48180.92122
48091.37898
48000.75986
47908.83176
47818.75235
47729.93783
47641.09761
47551.60666
47461.7928
47373.76466
47286.71142
47197.07112
47103.14782
47008.52077
46917.00589
46825.95659
46731.82155
46635.58116
46541.17745
46449.59215
46356.68273
46261.87052
46166.97171
46076.09183
45990.21981
45903.90199
45813.86521
45722.345
45631.49878
45541.2916
45455.59677
45371.41308
45282.83182
45194.53726
45108.47783
45020.06925
44928.56712
44838.3854
44748.31928
44657.40562
44566.38975
44473.00796
44380.15484
44288.52671
44197.00446
44104.84784
44012.05399
43920.6177
43829.78086
43739.43202
43650.66819
43564.0607
43478.3836
43391.92525
43304.13426
43215.85832
43126.98802
43038.3164
42952.5153
42867.56296
42781.95538
42696.219
42606.60709
42514.3129
42423.5265
42331.9653
42237.71782
42144.14807
42054.60871
41968.88227
41884.72713
41798.75045
41711.11112
41622.09011
41532.19471
41442.95361
41354.39432
41266.78488
41178.94601
41090.41903
41003.12759
40918.46257
40833.90595
40747.24775
40657.53703
40564.25066
40471.2787
40380.94074
40291.25663
40199.92793
40109.42352
40020.62276
39931.3506
39841.77571
39751.13281
39659.77309
39568.16685
39478.98994
39392.17602
39305.47089
39216.91799
39125.93408
39035.92997
38948.39216
38861.72138
38774.40771
38687.18535
38600.49352
38513.14061
38424.00584
38334.22874
38245.04735
38155.70725
38065.54894
37974.41243
37883.61315
37794.79802
37705.33449
37613.85169
37521.64798
37431.00912
37342.81306
37255.44174
37170.6281
37088.00399
37004.54391
36918.31717
36829.19956
36739.71115
36649.60271
36560.34821
36475.88814
36392.20135
36302.77322
36208.47292
36114.9349
36024.83838
35937.364
35850.11788
35762.20045
35674.24709
35586.44796
35496.72084
35404.86322
35314.68353
35225.2332
35135.9232
35046.81358
34958.00285
34871.60431
34786.7177
34701.73295
34615.93812
34528.74391
34440.98365
34354.07587
34267.73063
34181.12658
34091.74352
33999.40346
33907.90504
33821.22702
33735.71366
33646.58922
33557.18533
33469.30435
33381.13518
33289.95392
33197.23422
33105.85921
33014.35474
32923.84766
32835.23307
32748.4286
32663.61277
32578.35288
32493.20005
32408.97865
32322.67578
32234.8782
32147.86384
32063.78852
31980.65107
31895.71008
31811.7511
31728.99036
31645.24956
31559.05555
31470.16268
31380.29137
31289.89796
31199.30672
31108.42485
31017.01561
30926.404
30834.12058
30741.02631
30650.02911
30559.16142
30469.9353
30383.41195
30296.29672
30206.81219
30115.68086
30025.83933
29936.65161
29847.34076
29757.11673
29663.4497
29570.34553
29480.40518
29391.3511
29301.73088
29212.47076
29126.41673
29044.30262
28962.24968
28877.83834
28793.12662
28709.76525
28626.13449
28542.13213
28456.41824
28367.61045
28279.67902
28194.48793
28109.07406
28023.44621
27939.15785
27851.57501
27761.00631
27672.13012
27584.37281
27496.6264
27407.13378
27317.50682
27231.31728
27144.32944
27055.43818
26967.14276
26877.99472
26788.03529
26698.34174
26610.23601
26524.59638
26438.06265
26349.03994
26262.12725
26178.31609
26093.95015
26005.01928
25914.18839
25825.02145
25736.30578
25647.97276
25560.97367
25474.37669
25383.84583
25289.22554
25193.83418
25098.44036
25005.16821
24913.70904
24822.35369
24732.88781
24645.12865
24555.49622
24462.54238
24372.48115
24286.86027
24200.43791
24111.75728
24022.80665
23936.46497
23852.44145
23767.91201
23684.41204
23601.21895
23516.05581
23432.53018
23350.05584
23264.89704
23176.85011
23086.49436
22995.69895
22905.03084
22815.01089
22726.73399
22636.96277
22545.17704
22455.67778
22367.42946
22277.89265
22188.91276
22103.18432
22018.98109
21934.00032
21847.30008
21757.21989
21664.94224
21573.65891
21482.59288
21391.68348
21300.50636
21208.17957
21117.99143
21029.94221
20941.78793
20854.02178
20767.49703
20680.08998
20591.84642
20503.75972
20413.71993
20320.05808
20226.70648
20138.0891
20053.55614
19968.12575
19877.8453
19785.53143
19694.34273
19604.13296
19514.41914
19424.72308
19335.64271
19249.39222
19162.76863
19073.4817
18984.35267
18893.91719
18800.71802
18710.20242
18623.41524
18535.26377
18444.19158
18352.0696
18261.2349
18169.73006
18075.34126
17980.64328
17890.15446
17804.9717
17721.77667
17638.41562
17554.31487
17468.21223
17378.68924
17286.914
17194.31151
17099.91523
17006.05254
16915.45796
16828.29221
16742.28993
16653.87615
16563.31949
16472.62669
16381.6853
16290.04875
16198.09054
16104.26296
16011.18921
15920.78824
15830.9365
15742.53311
15654.06417
15565.68927
15481.18748
15396.67683
15305.91886
15210.92655
15117.24154
15027.7932
14940.58431
14853.67865
14765.30374
14675.11224
14584.63503
14493.9982
14402.84975
14311.01441
14220.73808
14132.02545
14043.77051
13956.6248
13869.9495
13782.4269
13694.23341
13606.34604
13518.91987
13429.30657
13339.78874
13253.90803
13167.42753
13077.96879
12988.58107
12900.22665
12813.96989
12730.52443
12646.47884
12561.17256
12477.11234
12393.07154
12306.01422
12217.31989
12128.98212
12041.22983
11955.1185
11869.70368
11782.66938
11694.96559
11608.02256
11522.97125
11438.08111
11351.21296
11264.59065
11176.6557
11087.10515
10997.82321
10907.64199
10816.18055
10724.24482
10630.19089
10534.31207
10440.61972
10349.88372
10260.51754
10171.75408
10083.44518
9995.047162
9908.737857
9824.353138
9739.638042
9654.612455
9566.318605
9472.788644
9377.636404
9282.706503
9190.091168
9098.987776
9007.443221
8917.746788
8829.673728
8741.575924
8652.718923
8563.848246
8474.816944
8385.929558
8297.167715
8206.919093
8115.487145
8023.921721
7932.183227
7842.876382
7755.772966
7667.6264
7576.997025
7484.741569
7394.557957
7306.770236
7221.484947
7137.21622
7049.899754
6961.495024
6874.361029
6785.076679
6695.511033
6607.618277
6519.528998
6429.514817
6335.657963
6241.807123
6151.476162
6062.840813
5973.357677
5882.688466
5793.018061
5706.153199
5620.779936
5533.726976
5445.054827
5356.135413
5266.987146
5176.865702
5087.555312
4999.646056
4908.067713
4816.710364
4729.036324
4638.638156
4548.573095
4464.617496
4383.575109
4301.898342
4216.78198
4127.336999
4037.229134
3949.246455
3863.021265
3774.593016
3683.66117
3590.728455
3497.389804
3406.55283
3316.318402
3227.563979
3138.591607
3047.535925
2956.323792
2864.976662
2772.11515
2679.283527
2587.646254
2494.234929
2400.086263
2308.016415
2214.396978
2119.284435
2026.735493
1935.294873
1843.542603
1752.816488
1663.237868
1574.490845
1485.964411
1397.527495
1311.582162
1227.781204
1143.76214
1058.417451
970.0891963
878.8950646
788.2986853
698.4817418
607.5970852
515.7551499
426.0187748
336.6157788
246.496827
159.9380333
80.92621779
0.4876029855
0.0002121017157
0.0002091770261
0.0002084523028
0.0002076948749
0.0002070340791
0.0002064449412
0.0002057800047
0.0002051325975
0.0002044540639
0.0002038083175
0.0002032027274
0.0002026282099
0.000202071215
0.0002014934381
0.0002009122527
0.000200304986
0.0001996265755
0.0001988379044
0.0001980249356
0.0001971530537
0.0001962576224
0.0001953475015
0.0001944116433
0.0001935404626
0.0001926456842
0.0001917542888
0.0001909287684
0.0001900901764
0.0001893145915
0.0001885820618
0.0001877884411
0.0001870127341
0.0001862216444
0.0001853548974
0.000184553254
0.000183742762
0.000182965219
0.0001822139909
0.0001813743702
0.0001805538046
0.0001796566897
0.0001787818431
0.0001778332709
0.0001768810133
0.0001758868762
0.0001748703944
0.0001738830959
0.0001729133745
0.0001719723777
0.0001711011499
0.0001702995699
0.0001694968364
0.0001687146484
0.0001678668017
0.0001670562622
0.0001663146582
0.0001655361617
0.0001646716855
0.0001638519579
0.0001630365662
0.0001621963331
0.0001614033346
0.0001605913808
0.000159710096
0.000158899174
0.0001580846493
0.0001572558531
0.0001564963491
0.000155816657
0.000155164969
0.0001545400576
0.0001538919469
0.0001533222425
0.0001527968048
0.0001523095799
0.0001517789028
0.0001512135914
0.0001505899654
0.0001500451298
0.0001494620986
0.0001489088746
0.0001483269228
0.000147749592
0.0001472230452
0.000146664903
0.0001460331074
0.000145482352
0.0001449352716
0.0001443728832
0.0001438561403
0.0001432844436
0.0001426283162
0.0001419353908
0.000141240028
0.0001404966888
0.0001397461806
0.0001389030329
0.0001381451153
0.0001373354113
0.0001365596101
0.0001358347292
0.0001349838334
0.0001341275534
0.000133298263
0.0001325168538
0.0001317370441
0.0001309652158
0.0001301332673
0.0001294032945
0.0001286626413
0.0001279285268
0.000127223084
0.0001265757228
0.0001258438076
0.0001251685215
0.0001244595093
0.0001237270596
0.0001230581344
0.0001223819134
0.0001217362598
0.0001209892643
0.0001201909531
0.0001194634639
0.0001187805727
0.000118095534
0.0001173245984
0.0001165043834
0.0001156559036
0.000114817897
0.000114003337
0.000113186026
0.0001123344892
0.0001114497049
0.0001105021892
0.0001095291336
0.0001085364208
0.0001076253365
0.0001067940049
0.0001059851682
0.0001051661785
0.000104362715
0.0001035483652
0.0001027563535
0.0001020180141
0.0001011546188
0.0001003173867
9.945153084e-05
9.858844046e-05
9.777567878e-05
9.698203878e-05
9.621261303e-05
9.541982285e-05
9.467714444e-05
9.388655599e-05
9.298135573e-05
9.201445151e-05
9.109103327e-05
9.014546299e-05
8.910907729e-05
8.799714965e-05
8.691672985e-05
8.583511559e-05
8.476246394e-05
8.36347168e-05
8.25076773e-05
8.13265295e-05
8.009713323e-05
7.87944949e-05
7.748105447e-05
7.607441054e-05
7.462966092e-05
7.316157258e-05
7.173571045e-05
7.026862101e-05
6.880039474e-05
6.744518883e-05
6.606398179e-05
6.469469332e-05
6.327616687e-05
6.187572027e-05
6.047459296e-05
5.910022147e-05
5.773876637e-05
5.631739978e-05
5.495937167e-05
5.362545056e-05
5.238259739e-05
5.118925369e-05
4.998919798e-05
4.875449418e-05
4.757015115e-05
4.643338693e-05
4.522466258e-05
4.409001529e-05
4.300054044e-05
4.196600903e-05
4.083166669e-05
3.965515161e-05
3.8613454e-05
3.753949618e-05
3.649161587e-05
3.549361997e-05
3.44521008e-05
3.343117668e-05
3.250015401e-05
3.164488972e-05
3.080663709e-05
3.000783189e-05
2.920441058e-05
2.835591354e-05
2.749668386e-05
2.661872324e-05
2.573392708e-05
2.482579096e-05
2.385260036e-05
2.293043912e-05
2.203758332e-05
2.108744379e-05
2.012746977e-05
1.91324189e-05
1.815009675e-05
1.713516108e-05
1.620221312e-05
1.530853353e-05
1.43442656e-05
1.341698519e-05
1.255255876e-05
1.162395779e-05
1.072040452e-05
9.775820756e-06
8.871470881e-06
7.998498913e-06
7.054763824e-06
6.058198836e-06
5.077282888e-06
4.091055525e-06
3.082674923e-06
2.157311791e-06
1.254215419e-06
3.626996912e-07
-5.137084121e-07
-1.497652357e-06
-2.356788311e-06
-3.199232591e-06
-4.035279665e-06
-4.82906344e-06
-5.705426994e-06
-6.567419624e-06
-7.404314188e-06
-8.236587165e-06
-9.088296934e-06
-9.972026979e-06
-1.08635127e-05
-1.169794469e-05
-1.247420213e-05
-1.330338074e-05
-1.403535047e-05
-1.48273845e-05
-1.56014808e-05
-1.650155527e-05
-1.742316736e-05
-1.828512132e-05
-1.923490884e-05
-2.01983435e-05
-2.121826405e-05
-2.219184583e-05
-2.317447793e-05
-2.417309901e-05
-2.509126488e-05
-2.595508856e-05
-2.678146528e-05
-2.758996164e-05
-2.844768304e-05
-2.928961168e-05
-3.015527758e-05
-3.097100621e-05
-3.177407111e-05
-3.260536701e-05
-3.340120142e-05
-3.421575693e-05
-3.503643037e-05
-3.577568626e-05
-3.648950473e-05
-3.727394817e-05
-3.800888644e-05
-3.872910104e-05
-3.95427837e-05
-4.034120307e-05
-4.114984229e-05
-4.186535492e-05
-4.260968781e-05
-4.339138475e-05
-4.412177281e-05
-4.488405658e-05
-4.563945024e-05
-4.639919159e-05
-4.714314687e-05
-4.788482921e-05
-4.867117892e-05
-4.950757441e-05
-5.035690807e-05
-5.127479488e-05
-5.216292097e-05
-5.307488817e-05
-5.395124917e-05
-5.485168436e-05
-5.580876974e-05
-5.684065143e-05
-5.78651913e-05
-5.890378551e-05
-6.004375459e-05
-6.117270235e-05
-6.239220605e-05
-6.352091913e-05
-6.465206348e-05
-6.577298839e-05
-6.684148418e-05
-6.785218902e-05
-6.886093174e-05
-6.982879502e-05
-7.092810911e-05
-7.200220484e-05
-7.310467012e-05
-7.427302025e-05
-7.540813543e-05
-7.648790428e-05
-7.758754524e-05
-7.872116539e-05
-7.984803897e-05
-8.097956208e-05
-8.210488792e-05
-8.323783766e-05
-8.440927356e-05
-8.561069896e-05
-8.675997535e-05
-8.793331525e-05
-8.905061053e-05
-9.021298824e-05
-9.139249857e-05
-9.254171528e-05
-9.367951675e-05
-9.479912307e-05
-9.588967115e-05
-9.697564649e-05
-9.809380793e-05
-9.922060765e-05
-0.0001003807301
-0.0001014968143
-0.0001026268463
-0.0001038325776
-0.0001049485531
-0.0001060648468
-0.0001072156853
-0.0001083076013
-0.0001094172458
-0.0001105321242
-0.0001116812329
-0.000112913962
-0.0001141076525
-0.0001153806547
-0.000116711616
-0.0001180349127
-0.0001192720008
-0.0001204769076
-0.000121693131
-0.0001229367241
-0.0001242180434
-0.0001254795682
-0.0001267744613
-0.0001280029146
-0.0001292288516
-0.0001305023696
-0.0001318115272
-0.000133129318
-0.0001343767614
-0.0001356038695
-0.0001369225933
-0.0001382779605
-0.0001396165809
-0.0001409783996
-0.0001422686118
-0.0001434994391
-0.0001447192249
-0.0001460850898
-0.0001474634183
-0.000148900517
-0.0001503965889
-0.0001517914754
-0.0001531979898
-0.0001546525413
-0.0001561631463
-0.0001576225368
-0.0001590485897
-0.0001604517469
-0.000161933689
-0.0001634407469
-0.0001648688437
-0.0001661449165
-0.0001674495602
-0.0001687123978
-0.0001699650669
-0.0001712189193
-0.0001724343642
-0.0001736664173
-0.0001747313608
-0.0001757241601
-0.0001767477599
-0.0001777917476
-0.0001789346295
-0.0001800631993
-0.0001811719382
-0.0001823020439
-0.00018348855
-0.0001846593845
-0.0001858215856
-0.0001869583389
-0.0001880695611
-0.0001891915583
-0.0001903978755
-0.0001916441858
-0.0001929238572
-0.0001941321213
-0.0001953348354
-0.0001964855094
-0.0001976126669
-0.0001987659416
-0.000199955002
-0.0002011189213
-0.0002022606536
-0.0002034425317
-0.0002046422754
-0.0002057388849
-0.0002068502321
-0.0002079127193
-0.000209060035
-0.0002101722574
-0.0002113645897
-0.0002125561022
-0.0002137038673
-0.0002148300858
-0.0002160114169
-0.0002171565953
-0.0002182607626
-0.0002192834284
-0.0002202455183
-0.0002211757261
-0.000222154907
-0.0002231055284
-0.0002241176672
-0.0002251139704
-0.0002260908179
-0.0002269777332
-0.00022783212
-0.0002287058284
-0.00022959152
-0.0002304257567
-0.0002312567206
-0.0002320945389
-0.0002328522658
-0.0002335425607
-0.0002341961184
-0.0002348402418
-0.0002354699553
-0.0002361183908
-0.0002367290075
-0.0002372785115
-0.0002378185469
-0.0002384412662
-0.0002390847552
-0.0002397537108
-0.0002404637025
-0.0002411182927
-0.0002417036735
-0.0002422980047
-0.0002428847717
-0.0002435443163
-0.0002441074566
-0.0002446087792
-0.0002450837585
-0.000245547943
-0.0002460014863
-0.0002464033545
-0.0002467787074
-0.0002471369085
-0.0002475456001
-0.0002479996471
-0.0002484381997
-0.0002487835254
-0.0002491372366
-0.0002494938136
-0.0002498776145
-0.0002503091994
-0.0002507050122
-0.0002511294556
-0.0002515269671
-0.0002519174956
-0.000252321293
-0.0002527098174
-0.0002530589986
-0.0002533743411
-0.0002537252786
-0.0002539862697
-0.000254238616
-0.0002545564635
-0.0002548475245
-0.0002551598103
-0.0002555359342
-0.0002559681644
-0.0002565204006
-0.0002570620948
-0.0002576402356
-0.0002582780511
-0.0002589054015
-0.0002595835228
-0.0002602629767
-0.0002609419132
-0.000261638961
-0.0002622953282
-0.0002629551418
-0.0002636049315
-0.0002642193208
-0.0002648909045
-0.0002655397756
-0.000266237942
-0.0002669599863
-0.0002676908243
-0.0002683677134
-0.0002689993654
-0.0002695378159
-0.0002700737334
-0.0002706015016
-0.0002710848549
-0.0002714959042
-0.0002718669592
-0.0002722202526
-0.0002725682966
-0.0002729022299
-0.0002732499157
-0.0002736192292
-0.0002739440231
-0.0002742939434
-0.0002745781539
-0.0002749414044
-0.0002752473214
-0.0002755718309
-0.0002758821427
-0.0002762288438
-0.0002765833499
-0.000276867634
-0.0002771921828
-0.0002775561488
-0.000277944941
-0.0002783089962
-0.0002788047158
-0.0002792157661
-0.0002796498138
-0.0002799960784
-0.0002803185484
-0.0002806873509
-0.0002809544886
-0.0002811732392
-0.0002813894648
-0.0002815945822
-0.0002817476628
-0.0002819511018
-0.00028210209
-0.0002822811233
-0.0002823299551
-0.0002823420819
-0.0002823664475
-0.0002823298657
-0.000282286408
-0.0002821903401
-0.0002821728148
-0.0002821304542
-0.0002820826305
-0.0002820918933
-0.0002820860118
-0.0002821558511
-0.000282231175
-0.0002823232335
-0.0002823170242
-0.0002822949279
-0.0002822315367
-0.0002822300167
-0.0002822468401
-0.0002822034168
-0.0002821735414
-0.0002821483067
-0.0002821833956
-0.0002821482817
-0.0002821069723
-0.0002821278341
-0.0002820941175
-0.0002820236468
-0.0002819601805
-0.0002818897313
-0.0002818419394
-0.0002817925012
-0.0002816738819
-0.0002815237902
-0.0002813360056
-0.0002811464755
-0.0002809951255
-0.0002809008627
-0.000280813077
-0.0002806976984
-0.0002806132419
-0.0002805222095
-0.0002804744222
-0.0002803568443
-0.0002802019127
-0.0002800633559
-0.0002798054927
-0.000279548979
-0.0002792742894
-0.0002790371372
-0.0002787652635
-0.0002785229369
-0.0002782550354
-0.0002779447843
-0.0002776635768
-0.0002773615097
-0.0002770915767
-0.0002768021769
-0.0002765059085
-0.0002761635586
-0.0002757563124
-0.0002753761265
-0.0002749609586
-0.0002745417653
-0.0002741417596
-0.0002737535469
-0.0002733214838
-0.0002728725627
-0.000272412244
-0.0002720323383
-0.0002717207964
-0.0002714125101
-0.0002711360227
-0.0002708098619
-0.0002704937879
-0.0002701465225
-0.0002698159847
-0.0002694487446
-0.0002691266239
-0.0002687773674
-0.0002683790678
-0.0002679527236
-0.0002674961075
-0.000267011522
-0.0002665269992
-0.0002659478442
-0.0002653567256
-0.0002647693968
-0.000264236512
-0.0002636651051
-0.0002630884494
-0.000262549176
-0.0002620449964
-0.0002615757118
-0.0002611194515
-0.0002606870299
-0.0002602440564
-0.0002598143416
-0.0002593778696
-0.000258957116
-0.0002586199951
-0.0002581936222
-0.000257786049
-0.0002574120943
-0.0002570513502
-0.000256659198
-0.0002562926854
-0.0002558307413
-0.000255446876
-0.0002550283788
-0.0002545887734
-0.0002542107426
-0.0002538194633
-0.00025345217
-0.0002530422164
-0.000252565304
-0.0002520600158
-0.0002515094222
-0.000250965594
-0.0002504847101
-0.0002499084737
-0.0002493376755
-0.0002487228117
-0.000248087149
-0.0002474364885
-0.0002467970169
-0.000246135622
-0.0002455326591
-0.0002449214677
-0.0002442993676
-0.0002437641627
-0.000243200827
-0.000242638556
-0.0002419760927
-0.0002413532676
-0.0002407646914
-0.0002402080792
-0.0002396531859
-0.000239119187
-0.0002385350652
-0.0002378980221
-0.000237210294
-0.0002364589996
-0.0002356661527
-0.0002348208169
-0.0002340376075
-0.0002333497407
-0.0002326660172
-0.0002319666579
-0.0002312962802
-0.0002306512214
-0.0002300185713
-0.0002293546009
-0.0002286384701
-0.0002278699091
-0.0002271262747
-0.0002263690939
-0.0002255833848
-0.000224736379
-0.0002239213333
-0.0002231107299
-0.0002223017783
-0.0002214640636
-0.0002206340536
-0.000219820014
-0.0002189933051
-0.0002181543485
-0.0002172620713
-0.0002164359887
-0.0002155884805
-0.000214735153
-0.0002139046371
-0.0002130658489
-0.0002122360365
-0.0002113994625
-0.0002105008899
-0.0002096030485
-0.0002087209165
-0.0002078565464
-0.0002069771856
-0.0002061155933
-0.0002052754702
-0.0002044862923
-0.0002036476359
-0.0002028133361
-0.0002019080541
-0.0002010183525
-0.0002001312624
-0.0001993193756
-0.0001984776564
-0.0001976407125
-0.0001967022943
-0.0001957868463
-0.0001948359235
-0.0001938645285
-0.0001929056377
-0.0001920425083
-0.0001912182126
-0.0001903366027
-0.0001894834307
-0.0001886854511
-0.0001879019902
-0.0001870604237
-0.000186185877
-0.0001852713095
-0.0001843814459
-0.000183424614
-0.0001823920828
-0.0001812269517
-0.0001799985646
-0.0001788158728
-0.0001775628891
-0.0001763618194
-0.0001751153915
-0.00017384648
-0.0001725256087
-0.0001711339468
-0.0001698065279
-0.0001684945182
-0.0001672901134
-0.0001660512641
-0.0001647654952
-0.0001634711249
-0.0001621335188
-0.0001607196277
-0.0001592939846
-0.0001579060396
-0.000156593803
-0.0001552196905
-0.000153776348
-0.0001523362127
-0.0001508230211
-0.0001493454334
-0.0001478549619
-0.0001462875835
-0.0001446619112
-0.0001431043123
-0.0001415389297
-0.0001399927887
-0.0001384979326
-0.0001369338689
-0.0001353199468
-0.0001336192433
-0.0001318930135
-0.0001301245216
-0.0001282487373
-0.0001264058843
-0.0001245706908
-0.0001227350304
-0.0001208378037
-0.0001188926564
-0.0001169742257
-0.0001149674217
-0.0001129682025
-0.0001109758717
-0.0001090573863
-0.0001072230485
-0.0001053321856
-0.0001034140108
-0.0001014855163
-9.96280774e-05
-9.767726565e-05
-9.576593732e-05
-9.394404496e-05
-9.212635103e-05
-9.026547099e-05
-8.84166177e-05
-8.65021545e-05
-8.467858732e-05
-8.284805218e-05
-8.109231364e-05
-7.925722736e-05
-7.734760278e-05
-7.538883814e-05
-7.347847929e-05
-7.156953828e-05
-6.977287799e-05
-6.804319313e-05
-6.638539559e-05
-6.478573649e-05
-6.332626241e-05
-6.189046484e-05
-6.048052706e-05
-5.898515636e-05
-5.746131322e-05
-5.592185138e-05
-5.438080354e-05
-5.285420537e-05
-5.133143947e-05
-4.982449529e-05
-4.83567143e-05
-4.698216606e-05
-4.568505572e-05
-4.438338913e-05
-4.299820386e-05
-4.172080641e-05
-4.042028793e-05
-3.912297334e-05
-3.776940678e-05
-3.633943774e-05
-3.492714295e-05
-3.349428243e-05
-3.206006476e-05
-3.070040894e-05
-2.941755917e-05
-2.815656874e-05
-2.69256964e-05
-2.577657333e-05
-2.457641788e-05
-2.343374524e-05
-2.226878835e-05
-2.111298025e-05
-1.984336253e-05
-1.85391269e-05
-1.730139298e-05
-1.610289814e-05
-1.494155544e-05
-1.377901291e-05
-1.256659953e-05
-1.142906139e-05
-1.038913153e-05
-9.356190464e-06
-8.341968722e-06
-7.328050033e-06
-6.269510092e-06
-5.240623708e-06
-4.234926772e-06
-3.322584487e-06
-2.305498449e-06
-1.285197164e-06
-2.921742007e-07
7.117420152e-07
1.723641816e-06
2.67741092e-06
3.63574239e-06
4.562392497e-06
5.457014069e-06
6.370895646e-06
7.274829854e-06
8.21891585e-06
9.13113466e-06
1.005961419e-05
1.098881286e-05
1.19173272e-05
1.284440994e-05
1.373584563e-05
1.471359606e-05
1.567196005e-05
1.664168862e-05
1.760939544e-05
1.854022216e-05
1.951781768e-05
2.052287166e-05
2.154045727e-05
2.258753617e-05
2.360352577e-05
2.461329391e-05
2.565551128e-05
2.664603964e-05
2.764117427e-05
2.869776352e-05
2.978027907e-05
3.081444084e-05
3.176539935e-05
3.276026681e-05
3.364861122e-05
3.465062449e-05
3.569843469e-05
3.681009914e-05
3.793508437e-05
3.912096342e-05
4.033724162e-05
4.157571114e-05
4.284914456e-05
4.406735777e-05
4.5293819e-05
4.645439049e-05
4.771302319e-05
4.895600515e-05
5.027829598e-05
5.148247941e-05
5.262837473e-05
5.37920106e-05
5.496490199e-05
5.615631702e-05
5.729580313e-05
5.84108263e-05
5.948148917e-05
6.054603391e-05
6.152185778e-05
6.254663012e-05
6.361075471e-05
6.467925583e-05
6.570983774e-05
6.673372386e-05
6.769106258e-05
6.869328917e-05
6.969231053e-05
7.078454533e-05
7.176959163e-05
7.260639177e-05
7.336421375e-05
7.416837795e-05
7.502512909e-05
7.592138769e-05
7.685556571e-05
7.772865744e-05
7.857545691e-05
7.937237823e-05
8.014707157e-05
8.09619438e-05
8.181584531e-05
8.266031012e-05
8.35271601e-05
8.447657783e-05
8.538232238e-05
8.624151535e-05
8.708384521e-05
8.791978434e-05
8.878172706e-05
8.955156517e-05
9.034616796e-05
9.111365228e-05
9.190216393e-05
9.275010368e-05
9.361287871e-05
9.450749957e-05
9.535852211e-05
9.611874547e-05
9.692634666e-05
9.780813563e-05
9.870493634e-05
9.966356443e-05
0.0001006461715
0.0001016427892
0.0001026296786
0.0001036493556
0.0001046002263
0.0001055045883
0.0001063892257
0.0001072636035
0.000108184143
0.0001090259182
0.0001097525899
0.0001104598173
0.000111161036
0.0001119484001
0.0001127209763
0.0001135776164
0.000114504959
0.0001154851683
0.0001164904767
0.0001175475462
0.0001184865533
0.00011941408
0.0001204028777
0.0001214043606
0.0001224173371
0.000123383629
0.0001243085469
0.0001252285213
0.0001260961646
0.0001269791822
0.0001279314257
0.0001289693768
0.0001300394354
0.0001310328585
0.0001319494452
0.0001329204695
0.0001339110537
0.0001348546195
0.0001358108473
0.0001368576659
0.0001379535467
0.0001389922817
0.0001400560676
0.0001410857482
0.0001421548382
0.0001432728711
0.0001443855781
0.0001454637542
0.0001465787047
0.0001476048831
0.0001486071178
0.0001496719156
0.0001506922971
0.0001518086631
0.0001529318342
0.0001540360979
0.0001550712945
0.0001561760962
0.0001571967355
0.0001582125926
0.0001592550383
0.0001602361718
0.0001611977583
0.0001621596936
0.0001630394362
0.0001638348931
0.0001646729787
0.0001654392286
0.0001661924367
0.0001669401252
0.0001677038974
0.0001684744368
0.0001692406001
0.0001699808709
0.0001706359266
0.0001713674257
0.0001720848399
0.000172864144
0.0001735411458
0.0001741854729
0.0001747714581
0.0001753924157
0.0001759708405
0.0001765831644
0.000177158841
0.0001776759759
0.0001782230152
0.0001787549523
0.0001793285711
0.0001799072126
0.00018053205
0.0001811558565
0.0001817317756
0.0001823559234
0.000182967186
0.0001836171773
0.0001843626487
0.0001851137845
0.0001858254116
0.0001865384101
0.0001871767924
0.0001878624266
0.0001885632605
0.0001892183996
0.0001899489806
0.0001907471779
0.0001915211342
0.000192271012
0.0001929714505
0.0001936631684
0.0001942986578
0.0001950441082
0.0001957594988
0.0001965215943
0.000197215409
0.0001979160597
0.0001986297333
0.0001993696867
0.0002001412336
0.0002008535184
0.0002015946791
0.0002022490552
0.0002029248465
0.0002035394409
0.000204178231
0.0002049270013
0.0002057946325
0.000206717906
0.0002076230781
0.0002085109448
0.0002093526798
0.0002101496931
0.0002109400016
0.0002117956909
0.0002126358054
0.0002134403439
0.0002142351378
0.0002149930772
0.0002157242885
0.0002164339022
0.0002171011789
0.0002177429132
0.0002184261342
0.0002191033266
0.0002198284141
0.000220504552
0.0002211989177
0.0002219604976
0.0002227217228
0.0002234540856
0.0002241488525
0.0002249453992
0.000225740441
0.0002265843111
0.0002275116518
0.0002285015178
0.0002294762944
0.0002304976796
0.0002315028784
0.000232584279
0.0002335840265
0.0002345423757
0.000235527546
0.0002365448351
0.0002374959387
0.0002384855804
0.0002394286134
0.0002404257403
0.0002414687465
0.0002425455014
0.0002436232266
0.0002447971046
0.0002459899556
0.0002471652903
0.0002482801071
0.0002493883416
0.0002506074546
0.0002517881766
0.0002529762997
0.0002541367888
0.0002552932103
0.0002564077802
0.0002574383898
0.0002584578456
0.0002594818206
0.0002604933879
0.0002614449933
0.0002623924846
0.0002632625805
0.0002641385943
0.000265086467
0.0002659475333
0.0002667728522
0.0002675284212
0.0002682615818
0.0002689839844
0.0002697749111
0.0002706193715
0.0002714613527
0.0002723777932
0.0002732372044
0.0002740884797
0.000274857484
0.0002755773305
0.0002762596299
0.0002768855768
0.0002774475324
0.000278027928
0.0002786737086
0.0002793612151
0.0002799854132
0.0002805587532
0.0002811434878
0.0002817099703
0.0002823560825
0.0002829608872
0.0002835661136
0.0002842116557
0.0002848341682
0.000285511506
0.0002861315732
0.0002867695605
0.0002873783415
0.0002879956915
0.0002886502889
0.0002892073528
0.0002897246436
0.0002902555918
0.0002907557521
0.0002911980719
0.0002916333967
0.0002920569384
0.0002925079534
0.0002929478302
0.000293329711
0.0002937990372
0.0002943056037
0.0002948226158
0.0002952752618
0.0002957244465
0.0002960935736
0.0002964999877
0.0002968689954
0.0002972341583
0.000297637906
0.0002979537513
0.0002982803181
0.0002985326417
0.0002988464087
0.0002991657426
0.0002994468019
0.0002997827606
0.0003000823105
0.0003003527406
0.0003006105949
0.0003009798071
0.0003012259193
0.000301469303
0.0003016967539
0.0003019672966
0.0003023254282
0.0003026541123
0.0003029614093
0.0003032569385
0.0003035657337
0.0003038432134
0.0003041385801
0.0003045248438
0.0003048385621
0.0003051126986
0.0003054024629
0.00030570887
0.000306041603
0.000306337026
0.0003065416479
0.0003066774168
0.0003068460885
0.0003070223004
0.0003071855927
0.0003073057403
0.0003073955024
0.0003074881847
0.0003076443534
0.0003077728553
0.000307896866
0.0003080213187
0.0003082594887
0.0003085181756
0.0003087713115
0.0003089596684
0.0003091281204
0.0003092757675
0.0003093357639
0.0003094129888
0.0003095284468
0.0003096283352
0.0003097544093
0.0003099314809
0.0003100793091
0.0003102377896
0.0003103964703
0.0003106163465
0.0003108264017
0.0003110491444
0.0003113794841
0.0003117402504
0.0003121752027
0.0003125625269
0.0003129510377
0.0003133348646
0.0003137826358
0.0003142047701
0.0003146768237
0.0003151001018
0.0003154947984
0.0003159069413
0.0003163044573
0.0003166350144
0.0003170398521
0.0003173524906
0.0003177339623
0.0003180738354
0.0003183833984
0.0003187982568
0.0003192085214
0.0003196482739
0.000320102259
0.0003206147332
0.0003211198914
0.0003216263945
0.0003221109136
0.0003226754403
0.0003232428417
0.0003238726713
0.0003244519132
0.0003250103459
0.0003255897448
0.000326120242
0.0003266335966
0.0003271329505
0.0003276557031
0.0003281969114
0.0003287383977
0.0003293161433
0.0003300465642
0.000330837354
0.0003315632726
0.0003323053103
0.0003329911438
0.0003337002305
0.0003343856464
0.0003350772428
0.0003357814044
0.0003364234167
0.0003370979687
0.0003378148671
0.0003385335694
0.000339218881
0.0003398676228
0.0003405363073
0.0003412147951
0.0003419108925
0.0003426004105
0.0003433310441
0.0003441123487
0.0003448912615
0.0003457248717
0.0003465307032
0.0003473483809
0.0003481199713
0.0003488821549
0.0003496672464
0.0003504416857
0.0003511456223
0.0003518901735
0.0003526148079
0.0003532946483
0.0003540057932
0.0003546457404
0.0003553085538
0.0003559512637
0.0003566202994
0.000357341392
0.000358179006
0.0003589400012
0.0003596650625
0.00036045096
0.0003612217137
0.0003620007362
0.0003628032509
0.0003636344948
0.0003643898635
0.0003650816041
0.0003656967426
0.0003663500143
0.000367112459
0.0003678571845
0.0003685484076
0.0003692597119
0.0003699676631
0.0003706526313
0.0003713743079
0.0003721211843
0.0003728503883
0.0003734705694
0.0003740438373
0.0003746380799
0.0003751680664
0.0003757189048
0.0003762771492
0.0003768517636
0.0003773749307
0.0003779104464
0.0003785197595
0.0003792034423
0.0003798275397
0.0003804629069
0.0003810790421
0.0003816994395
0.0003822968484
0.0003829672982
0.0003835656786
0.0003842387956
0.0003849117928
0.0003856150048
0.0003863495681
0.0003871157547
0.0003878596307
0.0003885483788
0.00038927126
0.0003899503222
0.0003905443569
0.0003911605912
0.0003917019669
0.0003923040524
0.0003928352461
0.0003933972882
0.0003939786619
0.0003946123077
0.0003951869076
0.0003957770128
0.0003963029035
0.0003968209931
0.0003973579862
0.0003977829496
0.0003981770638
0.0003984886873
0.0003988296887
0.0003992730716
0.0003997441183
0.0004001704772
0.000400578675
0.0004009700933
0.0004013827096
0.0004018825492
0.0004023588659
0.000402877269
0.0004032852084
0.0004036765294
0.0004038977998
0.0004040915026
0.0004042322868
0.0004043993641
0.000404537959
0.0004046700816
0.0004047724475
0.0004048280254
0.0004049182279
0.0004049947666
0.0004050995929
0.0004051737052
0.0004052246391
0.0004051799616
0.0004051654125
0.0004051334943
0.0004052214955
0.0004052616297
0.0004052856582
0.0004053430533
0.0004054116932
0.0004054723317
0.0004054643406
0.000405428769
0.0004053311994
0.0004052435633
0.0004051887632
0.0004051169946
0.0004050313654
0.0004049456693
0.0004049011857
0.0004049382006
0.0004050727342
0.0004051655011
0.0004053261828
0.0004054747544
0.0004056253998
0.0004057534966
0.0004058213506
0.0004058473079
)
;

boundaryField
{
    sides
    {
        type            zeroGradient;
    }
    empty1
    {
        type            empty;
    }
    empty2
    {
        type            empty;
    }
}


// ************************************************************************* //
