/*--------------------------------*- C++ -*----------------------------------*\
| =========                 |                                                 |
| \\      /  F ield         | OpenFOAM: The Open Source CFD Toolbox           |
|  \\    /   O peration     | Version:  2012                                  |
|   \\  /    A nd           | Website:  www.openfoam.com                      |
|    \\/     M anipulation  |                                                 |
\*---------------------------------------------------------------------------*/
FoamFile
{
    version     2.0;
    format      ascii;
    class       volScalarField;
    location    "0.00016";
    object      rho;
}
// * * * * * * * * * * * * * * * * * * * * * * * * * * * * * * * * * * * * * //

dimensions      [1 -3 0 0 0 0 0];


internalField   nonuniform List<scalar> 
5000
(
1037.680088
1037.680088
1037.680088
1037.680088
1037.680088
1037.680088
1037.680088
1037.680088
1037.680088
1037.680088
1037.680088
1037.680088
1037.680088
1037.680088
1037.680088
1037.680088
1037.680088
1037.680088
1037.680088
1037.680088
1037.680088
1037.680088
1037.680088
1037.680088
1037.680088
1037.680088
1037.680088
1037.680088
1037.680088
1037.680088
1037.680088
1037.680088
1037.680088
1037.680088
1037.680088
1037.680088
1037.680088
1037.680088
1037.680088
1037.680088
1037.680088
1037.680088
1037.680088
1037.680088
1037.680088
1037.680088
1037.680088
1037.680088
1037.680088
1037.680088
1037.680088
1037.680088
1037.680088
1037.680088
1037.680088
1037.680088
1037.680088
1037.680088
1037.680088
1037.680088
1037.680088
1037.680088
1037.680088
1037.680088
1037.680088
1037.680088
1037.680088
1037.680088
1037.680088
1037.680088
1037.680088
1037.680088
1037.680088
1037.680088
1037.680088
1037.680088
1037.680088
1037.680088
1037.680088
1037.680088
1037.680088
1037.680088
1037.680088
1037.680088
1037.680088
1037.680088
1037.680088
1037.680088
1037.680088
1037.680088
1037.680088
1037.680088
1037.680088
1037.680088
1037.680088
1037.680088
1037.680088
1037.680088
1037.680088
1037.680088
1037.680088
1037.680088
1037.680088
1037.680088
1037.680088
1037.680088
1037.680088
1037.680088
1037.680088
1037.680088
1037.680088
1037.680088
1037.680088
1037.680088
1037.680088
1037.680088
1037.680088
1037.680088
1037.680088
1037.680088
1037.680088
1037.680088
1037.680088
1037.680088
1037.680088
1037.680088
1037.680088
1037.680088
1037.680088
1037.680088
1037.680088
1037.680088
1037.680088
1037.680088
1037.680088
1037.680088
1037.680088
1037.680088
1037.680088
1037.680088
1037.680088
1037.680088
1037.680088
1037.680088
1037.680088
1037.680088
1037.680088
1037.680088
1037.680088
1037.680088
1037.680088
1037.680088
1037.680088
1037.680088
1037.680088
1037.680088
1037.680088
1037.680088
1037.680088
1037.680088
1037.680088
1037.680088
1037.680088
1037.680088
1037.680088
1037.680088
1037.680088
1037.680088
1037.680088
1037.680088
1037.680088
1037.680088
1037.680088
1037.680088
1037.680088
1037.680088
1037.680088
1037.680088
1037.680088
1037.680088
1037.680088
1037.680088
1037.680088
1037.680088
1037.680088
1037.680088
1037.680088
1037.680088
1037.680088
1037.680088
1037.680088
1037.680088
1037.680088
1037.680088
1037.680088
1037.680088
1037.680088
1037.680088
1037.680088
1037.680088
1037.680088
1037.680088
1037.680088
1037.680088
1037.680088
1037.680088
1037.680088
1037.680088
1037.680088
1037.680088
1037.680088
1037.680088
1037.680088
1037.680088
1037.680088
1037.680088
1037.680088
1037.680088
1037.680088
1037.680088
1037.680088
1037.680088
1037.680088
1037.680088
1037.680088
1037.680088
1037.680088
1037.680088
1037.680088
1037.680088
1037.680088
1037.680088
1037.680088
1037.680088
1037.680088
1037.680088
1037.680088
1037.680088
1037.680088
1037.680088
1037.680088
1037.680088
1037.680088
1037.680088
1037.680088
1037.680088
1037.680088
1037.680088
1037.680088
1037.680088
1037.680088
1037.680088
1037.680088
1037.680088
1037.680088
1037.680088
1037.680088
1037.680088
1037.680088
1037.680088
1037.680088
1037.680088
1037.680088
1037.680088
1037.680088
1037.680088
1037.680088
1037.680088
1037.680088
1037.680088
1037.680088
1037.680088
1037.680088
1037.680088
1037.680088
1037.680088
1037.680088
1037.680088
1037.680088
1037.680088
1037.680088
1037.680088
1037.680088
1037.680088
1037.680088
1037.680088
1037.680088
1037.680088
1037.680088
1037.680088
1037.680088
1037.680088
1037.680088
1037.680088
1037.680088
1037.680088
1037.680088
1037.680088
1037.680088
1037.680088
1037.680088
1037.680088
1037.680088
1037.680088
1037.680088
1037.680088
1037.680088
1037.680088
1037.680088
1037.680088
1037.680088
1037.680088
1037.680088
1037.680088
1037.680088
1037.680088
1037.680088
1037.680088
1037.680088
1037.680088
1037.680088
1037.680088
1037.680088
1037.680088
1037.680088
1037.680088
1037.680088
1037.680088
1037.680088
1037.680088
1037.680088
1037.680088
1037.680088
1037.680088
1037.680088
1037.680088
1037.680088
1037.680088
1037.680088
1037.680088
1037.680088
1037.680088
1037.680088
1037.680088
1037.680088
1037.680088
1037.680088
1037.680088
1037.680088
1037.680088
1037.680088
1037.680088
1037.680088
1037.680088
1037.680088
1037.680088
1037.680088
1037.680088
1037.680088
1037.680088
1037.680088
1037.680088
1037.680088
1037.680088
1037.680088
1037.680088
1037.680088
1037.680088
1037.680088
1037.680088
1037.680088
1037.680088
1037.680088
1037.680088
1037.680088
1037.680088
1037.680088
1037.680088
1037.680088
1037.680088
1037.680088
1037.680088
1037.680088
1037.680088
1037.680088
1037.680088
1037.680088
1037.680088
1037.680088
1037.680088
1037.680088
1037.680088
1037.680088
1037.680088
1037.680088
1037.680088
1037.680088
1037.680088
1037.680088
1037.680088
1037.680088
1037.680088
1037.680088
1037.680088
1037.680088
1037.680088
1037.680088
1037.680088
1037.680088
1037.680088
1037.680088
1037.680088
1037.680088
1037.680088
1037.680088
1037.680088
1037.680088
1037.680088
1037.680088
1037.680088
1037.680088
1037.680088
1037.680088
1037.680088
1037.680088
1037.680088
1037.680088
1037.680088
1037.680088
1037.680088
1037.680088
1037.680088
1037.680088
1037.680088
1037.680088
1037.680088
1037.680088
1037.680088
1037.680088
1037.680088
1037.680088
1037.680088
1037.680088
1037.680088
1037.680088
1037.680088
1037.680088
1037.680088
1037.680088
1037.680088
1037.680088
1037.680088
1037.680088
1037.680088
1037.680088
1037.680088
1037.680088
1037.680088
1037.680088
1037.680088
1037.680088
1037.680088
1037.680088
1037.680088
1037.680088
1037.680088
1037.680088
1037.680088
1037.680088
1037.680088
1037.680088
1037.680088
1037.680088
1037.680088
1037.680088
1037.680088
1037.680088
1037.680088
1037.680088
1037.680088
1037.680088
1037.680088
1037.680088
1037.680088
1037.680088
1037.680088
1037.680088
1037.680088
1037.680088
1037.680088
1037.680088
1037.680088
1037.680088
1037.680088
1037.680088
1037.680088
1037.680088
1037.680088
1037.680088
1037.680088
1037.680088
1037.680088
1037.680088
1037.680088
1037.680088
1037.680088
1037.680088
1037.680088
1037.680088
1037.680088
1037.680088
1037.680088
1037.680088
1037.680088
1037.680088
1037.680088
1037.680088
1037.680088
1037.680088
1037.680088
1037.680088
1037.680088
1037.680088
1037.680088
1037.680088
1037.680088
1037.680088
1037.680088
1037.680088
1037.680088
1037.680088
1037.680088
1037.680088
1037.680088
1037.680088
1037.680088
1037.680088
1037.680088
1037.680088
1037.680088
1037.680088
1037.680088
1037.680088
1037.680088
1037.680088
1037.680088
1037.680088
1037.680088
1037.680088
1037.680088
1037.680088
1037.680088
1037.680088
1037.680088
1037.680088
1037.680088
1037.680088
1037.680088
1037.680088
1037.680088
1037.680088
1037.680088
1037.680088
1037.680088
1037.680088
1037.680088
1037.680088
1037.680088
1037.680088
1037.680088
1037.680088
1037.680088
1037.680088
1037.680088
1037.680088
1037.680088
1037.680088
1037.680088
1037.680088
1037.680088
1037.680088
1037.680088
1037.680088
1037.680088
1037.680088
1037.680088
1037.680088
1037.680088
1037.680088
1037.680088
1037.680088
1037.680088
1037.680088
1037.680088
1037.680088
1037.680088
1037.680088
1037.680088
1037.680088
1037.680088
1037.680088
1037.680088
1037.680088
1037.680088
1037.680088
1037.680088
1037.680088
1037.680088
1037.680088
1037.680088
1037.680088
1037.680088
1037.680088
1037.680088
1037.680088
1037.680088
1037.680088
1037.680088
1037.680088
1037.680088
1037.680088
1037.680088
1037.680088
1037.680088
1037.680088
1037.680088
1037.680088
1037.680088
1037.680088
1037.680088
1037.680088
1037.680088
1037.680088
1037.680088
1037.680088
1037.680088
1037.680088
1037.680088
1037.680088
1037.680088
1037.680088
1037.680088
1037.680088
1037.680088
1037.680088
1037.680088
1037.680088
1037.680088
1037.680088
1037.680088
1037.680088
1037.680088
1037.680088
1037.680088
1037.680088
1037.680088
1037.680088
1037.680088
1037.680088
1037.680088
1037.680088
1037.680088
1037.680088
1037.680088
1037.680088
1037.680088
1037.680088
1037.680088
1037.680088
1037.680088
1037.680088
1037.680088
1037.680088
1037.680088
1037.680088
1037.680088
1037.680088
1037.680088
1037.680088
1037.680088
1037.680088
1037.680088
1037.680088
1037.680088
1037.680088
1037.680088
1037.680088
1037.680088
1037.680088
1037.680088
1037.680088
1037.680088
1037.680088
1037.680088
1037.680088
1037.680088
1037.680088
1037.680088
1037.680088
1037.680088
1037.680088
1037.680088
1037.680088
1037.680088
1037.680088
1037.680088
1037.680088
1037.680088
1037.680088
1037.680088
1037.680088
1037.680088
1037.680088
1037.680088
1037.680088
1037.680088
1037.680088
1037.680088
1037.680088
1037.680088
1037.680088
1037.680088
1037.680088
1037.680088
1037.680088
1037.680088
1037.680088
1037.680088
1037.680088
1037.680088
1037.680088
1037.680088
1037.680088
1037.680088
1037.680088
1037.680088
1037.680088
1037.680088
1037.680088
1037.680088
1037.680088
1037.680088
1037.680088
1037.680088
1037.680088
1037.680088
1037.680088
1037.680088
1037.680088
1037.680088
1037.680088
1037.680088
1037.680088
1037.680088
1037.680088
1037.680088
1037.680088
1037.680088
1037.680088
1037.680088
1037.680088
1037.680088
1037.680088
1037.680088
1037.680088
1037.680088
1037.680088
1037.680088
1037.680088
1037.680088
1037.680088
1037.680088
1037.680088
1037.680088
1037.680088
1037.680088
1037.680088
1037.680088
1037.680088
1037.680088
1037.680088
1037.680088
1037.680088
1037.680088
1037.680088
1037.680088
1037.680088
1037.680088
1037.680088
1037.680088
1037.680088
1037.680088
1037.680088
1037.680088
1037.680088
1037.680088
1037.680088
1037.680088
1037.680088
1037.680088
1037.680088
1037.680088
1037.680088
1037.680088
1037.680088
1037.680088
1037.680088
1037.680088
1037.680088
1037.680088
1037.680088
1037.680088
1037.680088
1037.680088
1037.680088
1037.680088
1037.680088
1037.680088
1037.680088
1037.680088
1037.680088
1037.680088
1037.680088
1037.680088
1037.680088
1037.680088
1037.680088
1037.680088
1037.680088
1037.680088
1037.680088
1037.680088
1037.680088
1037.680088
1037.680088
1037.680088
1037.680088
1037.680088
1037.680088
1037.680088
1037.680088
1037.680088
1037.680088
1037.680088
1037.680088
1037.680088
1037.680088
1037.680088
1037.680088
1037.680088
1037.680088
1037.680088
1037.680088
1037.680088
1037.680088
1037.680088
1037.680088
1037.680088
1037.680088
1037.680088
1037.680088
1037.680088
1037.680088
1037.680088
1037.680088
1037.680088
1037.680088
1037.680088
1037.680088
1037.680088
1037.680088
1037.680088
1037.680088
1037.680088
1037.680088
1037.680088
1037.680088
1037.680088
1037.680088
1037.680088
1037.680088
1037.680088
1037.680088
1037.680088
1037.680088
1037.680088
1037.680088
1037.680088
1037.680088
1037.680088
1037.680088
1037.680088
1037.680088
1037.680088
1037.680088
1037.680088
1037.680088
1037.680088
1037.680088
1037.680088
1037.680088
1037.680088
1037.680088
1037.680088
1037.680088
1037.680088
1037.680088
1037.680088
1037.680088
1037.680088
1037.680088
1037.680088
1037.680088
1037.680088
1037.680088
1037.680088
1037.680088
1037.680088
1037.680088
1037.680088
1037.680088
1037.680088
1037.680088
1037.680088
1037.680088
1037.680088
1037.680088
1037.680088
1037.680088
1037.680088
1037.680088
1037.680088
1037.680088
1037.680088
1037.680088
1037.680088
1037.680088
1037.680088
1037.680088
1037.680088
1037.680088
1037.680088
1037.680088
1037.680088
1037.680088
1037.680088
1037.680088
1037.680088
1037.680088
1037.680088
1037.680088
1037.680088
1037.680088
1037.680088
1037.680088
1037.680088
1037.680088
1037.680088
1037.680088
1037.680088
1037.680088
1037.680088
1037.680088
1037.680088
1037.680088
1037.680088
1037.680088
1037.680088
1037.680088
1037.680088
1037.680088
1037.680088
1037.680088
1037.680088
1037.680088
1037.680088
1037.680088
1037.680088
1037.680088
1037.680088
1037.680088
1037.680088
1037.680088
1037.680088
1037.680088
1037.680088
1037.680088
1037.680088
1037.680088
1037.680088
1037.680088
1037.680088
1037.680088
1037.680088
1037.680088
1037.680088
1037.680088
1037.680088
1037.680088
1037.680088
1037.680088
1037.680088
1037.680088
1037.680088
1037.680088
1037.680088
1037.680088
1037.680088
1037.680088
1037.680088
1037.680088
1037.680088
1037.680088
1037.680088
1037.680088
1037.680088
1037.680088
1037.680088
1037.680088
1037.680088
1037.680088
1037.680088
1037.680088
1037.680088
1037.680088
1037.680088
1037.680088
1037.680088
1037.680088
1037.680088
1037.680088
1037.680088
1037.680088
1037.680088
1037.680088
1037.680088
1037.680088
1037.680088
1037.680088
1037.680088
1037.680088
1037.680088
1037.680088
1037.680088
1037.680088
1037.680088
1037.680088
1037.680088
1037.680088
1037.680088
1037.680088
1037.680088
1037.680088
1037.680088
1037.680088
1037.680088
1037.680088
1037.680088
1037.680088
1037.680088
1037.680088
1037.680088
1037.680088
1037.680088
1037.680088
1037.680088
1037.680088
1037.680088
1037.680088
1037.680088
1037.680088
1037.680088
1037.680088
1037.680088
1037.680088
1037.680088
1037.680088
1037.680088
1037.680088
1037.680088
1037.680088
1037.680088
1037.680088
1037.680088
1037.680088
1037.680088
1037.680088
1037.680088
1037.680088
1037.680088
1037.680088
1037.680088
1037.680088
1037.680088
1037.680088
1037.680088
1037.680088
1037.680088
1037.680088
1037.680088
1037.680088
1037.680088
1037.680088
1037.680088
1037.680088
1037.680088
1037.680088
1037.680088
1037.680088
1037.680088
1037.680088
1037.680088
1037.680088
1037.680088
1037.680088
1037.680088
1037.680088
1037.680088
1037.680088
1037.680088
1037.680088
1037.680088
1037.680088
1037.680088
1037.680088
1037.680088
1037.680088
1037.680088
1037.680088
1037.680088
1037.680088
1037.680088
1037.680088
1037.680088
1037.680088
1037.680088
1037.680088
1037.680088
1037.680088
1037.680088
1037.680088
1037.680088
1037.680088
1037.680088
1037.680088
1037.680088
1037.680088
1037.680088
1037.680088
1037.680088
1037.680088
1037.680088
1037.680088
1037.680088
1037.680088
1037.680088
1037.680088
1037.680088
1037.680088
1037.680088
1037.680088
1037.680088
1037.680088
1037.680088
1037.680088
1037.680088
1037.680088
1037.680088
1037.680088
1037.680088
1037.680088
1037.680088
1037.680088
1037.680088
1037.680088
1037.680088
1037.680088
1037.680088
1037.680088
1037.680088
1037.680088
1037.680088
1037.680088
1037.680088
1037.680088
1037.680088
1037.680088
1037.680088
1037.680088
1037.680088
1037.680088
1037.680088
1037.680088
1037.680088
1037.680088
1037.680088
1037.680088
1037.680088
1037.680088
1037.680088
1037.680088
1037.680088
1037.680088
1037.680088
1037.680088
1037.680088
1037.680088
1037.680088
1037.680088
1037.680088
1037.680088
1037.680088
1037.680088
1037.680088
1037.680088
1037.680088
1037.680088
1037.680088
1037.680088
1037.680088
1037.680088
1037.680088
1037.680088
1037.680088
1037.680088
1037.680088
1037.680088
1037.680088
1037.680088
1037.680088
1037.680088
1037.680088
1037.680088
1037.680088
1037.680088
1037.680088
1037.680088
1037.680088
1037.680088
1037.680088
1037.680088
1037.680088
1037.680088
1037.680088
1037.680088
1037.680088
1037.680088
1037.680088
1037.680088
1037.680088
1037.680088
1037.680088
1037.680088
1037.680088
1037.680088
1037.680088
1037.680088
1037.680088
1037.680088
1037.680088
1037.680088
1037.680088
1037.680088
1037.680088
1037.680088
1037.680088
1037.680088
1037.680088
1037.680088
1037.680088
1037.680088
1037.680088
1037.680088
1037.680088
1037.680088
1037.680088
1037.680088
1037.680088
1037.680088
1037.680088
1037.680088
1037.680088
1037.680088
1037.680088
1037.680088
1037.680088
1037.680088
1037.680088
1037.680088
1037.680088
1037.680088
1037.680088
1037.680088
1037.680088
1037.680088
1037.680088
1037.680088
1037.680088
1037.680088
1037.680088
1037.680088
1037.680088
1037.680088
1037.680088
1037.680088
1037.680088
1037.680088
1037.680088
1037.680088
1037.680088
1037.680088
1037.680088
1037.680088
1037.680088
1037.680088
1037.680088
1037.680088
1037.680088
1037.680088
1037.680088
1037.680088
1037.680088
1037.680088
1037.680088
1037.680088
1037.680088
1037.680088
1037.680088
1037.680088
1037.680088
1037.680088
1037.680088
1037.680088
1037.680088
1037.680088
1037.680088
1037.680088
1037.680088
1037.680088
1037.680088
1037.680088
1037.680088
1037.680088
1037.680088
1037.680088
1037.680088
1037.680088
1037.680088
1037.680088
1037.680088
1037.680088
1037.680088
1037.680088
1037.680088
1037.680088
1037.680088
1037.680088
1037.680088
1037.680088
1037.680088
1037.680088
1037.680088
1037.680088
1037.680088
1037.680088
1037.680088
1037.680088
1037.680088
1037.680088
1037.680088
1037.680088
1037.680088
1037.680088
1037.680088
1037.680088
1037.680088
1037.680088
1037.680088
1037.680088
1037.680088
1037.680088
1037.680088
1037.680088
1037.680088
1037.680088
1037.680088
1037.680088
1037.680088
1037.680088
1037.680088
1037.680088
1037.680088
1037.680088
1037.680088
1037.680088
1037.680088
1037.680088
1037.680088
1037.680088
1037.680088
1037.680088
1037.680088
1037.680088
1037.680088
1037.680088
1037.680088
1037.680088
1037.680088
1037.680088
1037.680088
1037.680088
1037.680088
1037.680088
1037.680088
1037.680088
1037.680088
1037.680088
1037.680088
1037.680088
1037.680088
1037.680088
1037.680088
1037.680088
1037.680088
1037.680088
1037.680088
1037.680088
1037.680088
1037.680088
1037.680088
1037.680088
1037.680088
1037.680088
1037.680088
1037.680088
1037.680088
1037.680088
1037.680088
1037.680088
1037.680088
1037.680088
1037.680088
1037.680088
1037.680088
1037.680088
1037.680088
1037.680088
1037.680088
1037.680088
1037.680088
1037.680088
1037.680088
1037.680088
1037.680088
1037.680088
1037.680088
1037.680088
1037.680088
1037.680088
1037.680088
1037.680088
1037.680088
1037.680088
1037.680088
1037.680088
1037.680088
1037.680088
1037.680088
1037.680088
1037.680088
1037.680088
1037.680088
1037.680088
1037.680088
1037.680088
1037.680088
1037.680088
1037.680088
1037.680088
1037.680088
1037.680088
1037.680088
1037.680088
1037.680088
1037.680088
1037.680088
1037.680088
1037.680088
1037.680088
1037.680088
1037.680088
1037.680088
1037.680088
1037.680088
1037.680088
1037.680088
1037.680088
1037.680088
1037.680088
1037.680088
1037.680088
1037.680088
1037.680088
1037.680088
1037.680088
1037.680088
1037.680088
1037.680088
1037.680088
1037.680088
1037.680088
1037.680088
1037.680088
1037.680088
1037.680088
1037.680088
1037.680088
1037.680088
1037.680088
1037.680088
1037.680088
1037.680088
1037.680088
1037.680088
1037.680088
1037.680088
1037.680088
1037.680088
1037.680088
1037.680088
1037.680088
1037.680088
1037.680088
1037.680088
1037.680088
1037.680088
1037.680088
1037.680088
1037.680088
1037.680088
1037.680088
1037.680088
1037.680088
1037.680088
1037.680088
1037.680088
1037.680088
1037.680088
1037.680088
1037.680088
1037.680088
1037.680088
1037.680088
1037.680088
1037.680088
1037.680088
1037.680088
1037.680088
1037.680088
1037.680088
1037.680088
1037.680088
1037.680088
1037.680088
1037.680088
1037.680088
1037.680088
1037.680088
1037.680088
1037.680088
1037.680088
1037.680088
1037.680088
1037.680088
1037.680088
1037.680088
1037.680088
1037.680088
1037.680088
1037.680088
1037.680088
1037.680088
1037.680088
1037.680088
1037.680088
1037.680088
1037.680088
1037.680088
1037.680088
1037.680088
1037.680088
1037.680088
1037.680088
1037.680088
1037.680088
1037.680088
1037.680088
1037.680088
1037.680088
1037.680088
1037.680088
1037.680088
1037.680088
1037.680088
1037.680088
1037.680088
1037.680088
1037.680088
1037.680088
1037.680088
1037.680088
1037.680088
1037.680088
1037.680088
1037.680088
1037.680088
1037.680088
1037.680088
1037.680088
1037.680088
1037.680088
1037.680088
1037.680088
1037.680088
1037.680088
1037.680088
1037.680088
1037.680088
1037.680088
1037.680088
1037.680088
1037.680088
1037.680088
1037.680088
1037.680088
1037.680088
1037.680088
1037.680088
1037.680088
1037.680088
1037.680088
1037.680088
1037.680088
1037.680088
1037.680088
1037.680088
1037.680088
1037.680088
1037.680088
1037.680088
1037.680088
1037.680088
1037.680088
1037.680088
1037.680088
1037.680088
1037.680088
1037.680088
1037.680088
1037.680088
1037.680088
1037.680088
1037.680088
1037.680088
1037.680088
1037.680088
1037.680088
1037.680088
1037.680088
1037.680088
1037.680088
1037.680088
1037.680088
1037.680088
1037.680088
1037.680088
1037.680088
1037.680088
1037.680088
1037.680088
1037.680088
1037.680088
1037.680088
1037.680088
1037.680088
1037.680088
1037.680088
1037.680088
1037.680088
1037.680088
1037.680088
1037.680088
1037.680088
1037.680088
1037.680088
1037.680088
1037.680088
1037.680088
1037.680088
1037.680088
1037.680088
1037.680088
1037.680088
1037.680088
1037.680088
1037.680088
1037.680088
1037.680088
1037.680088
1037.680088
1037.680088
1037.680088
1037.680088
1037.680088
1037.680088
1037.680088
1037.680088
1037.680088
1037.680088
1037.680088
1037.680088
1037.680088
1037.680088
1037.680088
1037.680088
1037.680088
1037.680088
1037.680088
1037.680088
1037.680088
1037.680088
1037.680088
1037.680088
1037.680088
1037.680088
1037.680088
1037.680088
1037.680088
1037.680088
1037.680088
1037.680088
1037.680088
1037.680088
1037.680088
1037.680088
1037.680088
1037.680088
1037.680088
1037.680088
1037.680088
1037.680088
1037.680088
1037.680088
1037.680088
1037.680088
1037.680088
1037.680088
1037.680088
1037.680088
1037.680088
1037.680088
1037.680088
1037.680088
1037.680088
1037.680088
1037.680088
1037.680088
1037.680088
1037.680088
1037.680088
1037.680088
1037.680088
1037.680088
1037.680088
1037.680088
1037.680088
1037.680088
1037.680088
1037.680088
1037.680088
1037.680088
1037.680088
1037.680088
1037.680088
1037.680088
1037.680088
1037.680088
1037.680088
1037.680088
1037.680088
1037.680088
1037.680088
1037.680088
1037.680088
1037.680088
1037.680088
1037.680088
1037.680088
1037.680088
1037.680088
1037.680088
1037.680088
1037.680088
1037.680088
1037.680088
1037.680088
1037.680088
1037.680088
1037.680088
1037.680088
1037.680088
1037.680088
1037.680088
1037.680088
1037.680088
1037.680088
1037.680088
1037.680088
1037.680088
1037.680088
1037.680088
1037.680088
1037.680088
1037.680088
1037.680088
1037.680088
1037.680088
1037.680088
1037.680088
1037.680088
1037.680088
1037.680088
1037.680088
1037.680088
1037.680088
1037.680088
1037.680088
1037.680088
1037.680088
1037.680088
1037.680088
1037.680088
1037.680088
1037.680088
1037.680088
1037.680088
1037.680088
1037.680088
1037.680088
1037.680088
1037.680088
1037.680088
1037.680088
1037.680088
1037.680088
1037.680088
1037.680088
1037.680088
1037.680088
1037.680088
1037.680088
1037.680088
1037.680088
1037.680088
1037.680088
1037.680088
1037.680088
1037.680088
1037.680088
1037.680088
1037.680088
1037.680088
1037.680088
1037.680088
1037.680088
1037.680088
1037.680088
1037.680088
1037.680088
1037.680088
1037.680088
1037.680088
1037.680088
1037.680088
1037.680088
1037.680088
1037.680088
1037.680088
1037.680088
1037.680088
1037.680088
1037.680088
1037.680088
1037.680088
1037.680088
1037.680088
1037.680088
1037.680088
1037.680088
1037.680088
1037.680088
1037.680088
1037.680088
1037.680088
1037.680088
1037.680088
1037.680088
1037.680088
1037.680088
1037.680088
1037.680088
1037.680088
1037.680088
1037.680088
1037.680088
1037.680088
1037.680088
1037.680088
1037.680088
1037.680088
1037.680088
1037.680088
1037.680088
1037.680088
1037.680088
1037.680088
1037.680088
1037.680088
1037.680088
1037.680088
1037.680088
1037.680088
1037.680088
1037.680088
1037.680088
1037.680088
1037.680088
1037.680088
1037.680088
1037.680088
1037.680088
1037.680088
1037.680088
1037.680088
1037.680088
1037.680088
1037.680088
1037.680088
1037.680088
1037.680088
1037.680088
1037.680088
1037.680088
1037.680088
1037.680088
1037.680088
1037.680088
1037.680088
1037.680088
1037.680088
1037.680088
1037.680088
1037.680088
1037.680088
1037.680088
1037.680088
1037.680088
1037.680088
1037.680088
1037.680088
1037.680088
1037.680088
1037.680088
1037.680088
1037.680088
1037.680088
1037.680088
1037.680088
1037.680088
1037.680088
1037.680088
1037.680088
1037.680088
1037.680088
1037.680088
1037.680088
1037.680088
1037.680088
1037.680088
1037.680088
1037.680088
1037.680088
1037.680088
1037.680088
1037.680088
1037.680088
1037.680088
1037.680088
1037.680088
1037.680088
1037.680088
1037.680088
1037.680088
1037.680088
1037.680088
1037.680088
1037.680088
1037.680088
1037.680088
1037.680088
1037.680088
1037.680088
1037.680088
1037.680088
1037.680088
1037.680088
1037.680088
1037.680088
1037.680088
1037.680088
1037.680088
1037.680088
1037.680088
1037.680088
1037.680088
1037.680088
1037.680088
1037.680088
1037.680088
1037.680088
1037.680088
1037.680088
1037.680088
1037.680088
1037.680088
1037.680088
1037.680088
1037.680088
1037.680088
1037.680088
1037.680088
1037.680088
1037.680088
1037.680088
1037.680088
1037.680088
1037.680088
1037.680088
1037.680088
1037.680088
1037.680088
1037.680088
1037.680088
1037.680088
1037.680088
1037.680088
1037.680088
1037.680088
1037.680088
1037.680088
1037.680088
1037.680088
1037.680088
1037.680088
1037.680088
1037.680088
1037.680088
1037.680088
1037.680088
1037.680088
1037.680088
1037.680088
1037.680088
1037.680088
1037.680088
1037.680088
1037.680088
1037.680088
1037.680088
1037.680088
1037.680088
1037.680088
1037.680088
1037.680088
1037.680088
1037.680088
1037.680088
1037.680088
1037.680088
1037.680088
1037.680088
1037.680088
1037.680088
1037.680088
1037.680088
1037.680088
1037.680088
1037.680088
1037.680088
1037.680088
1037.680088
1037.680088
1037.680088
1037.680088
1037.680088
1037.680088
1037.680088
1037.680088
1037.680088
1037.680088
1037.680088
1037.680088
1037.680088
1037.680088
1037.680088
1037.680088
1037.680088
1037.680088
1037.680088
1037.680088
1037.680088
1037.680088
1037.680088
1037.680088
1037.680088
1037.680088
1037.680088
1037.680088
1037.680088
1037.680088
1037.680088
1037.680088
1037.680088
1037.680088
1037.680088
1037.680088
1037.680088
1037.680088
1037.680088
1037.680088
1037.680088
1037.680088
1037.680088
1037.680088
1037.680088
1037.680088
1037.680088
1037.680088
1037.680088
1037.680088
1037.680088
1037.680088
1037.680088
1037.680088
1037.680088
1037.680088
1037.680088
1037.680088
1037.680088
1037.680088
1037.680088
1037.680088
1037.680088
1037.680088
1037.680088
1037.680088
1037.680088
1037.680088
1037.680088
1037.680088
1037.680088
1037.680088
1037.680088
1037.680088
1037.680088
1037.680088
1037.680088
1037.680088
1037.680088
1037.680088
1037.680088
1037.680088
1037.680088
1037.680088
1037.680088
1037.680088
1037.680088
1037.680088
1037.680088
1037.680088
1037.680088
1037.680088
1037.680088
1037.680088
1037.680088
1037.680088
1037.680088
1037.680088
1037.680088
1037.680088
1037.680088
1037.680088
1037.680088
1037.680088
1037.680088
1037.680088
1037.680088
1037.680088
1037.680088
1037.680088
1037.680088
1037.680088
1037.680088
1037.680088
1037.680088
1037.680088
1037.680088
1037.680088
1037.680088
1037.680088
1037.680088
1037.680088
1037.680088
1037.680088
1037.680088
1037.680088
1037.680088
1037.680088
1037.680088
1037.680088
1037.680088
1037.680088
1037.680088
1037.680088
1037.680088
1037.680088
1037.680088
1037.680088
1037.680088
1037.680088
1037.680088
1037.680088
1037.680088
1037.680088
1037.680088
1037.680088
1037.680088
1037.680088
1037.680088
1037.680088
1037.680088
1037.680088
1037.680088
1037.680088
1037.680088
1037.680088
1037.680088
1037.680088
1037.680088
1037.680088
1037.680088
1037.680088
1037.680088
1037.680088
1037.680088
1037.680088
1037.680088
1037.680088
1037.680088
1037.680088
1037.680088
1037.680088
1037.680088
1037.680088
1037.680088
1037.680088
1037.680088
1037.680088
1037.680088
1037.680088
1037.680088
1037.680088
1037.680088
1037.680088
1037.680088
1037.680088
1037.680088
1037.680088
1037.680088
1037.680088
1037.680088
1037.680088
1037.680088
1037.680088
1037.680088
1037.680088
1037.680088
1037.680088
1037.680088
1037.680088
1037.680088
1037.680088
1037.680088
1037.680088
1037.680088
1037.680088
1037.680088
1037.680088
1037.680088
1037.680088
1037.680088
1037.680088
1037.680088
1037.680088
1037.680088
1037.680088
1037.680088
1037.680088
1037.680088
1037.680088
1037.680088
1037.680088
1037.680087
1037.680087
1037.680087
1037.680087
1037.680087
1037.680086
1037.680085
1037.680084
1037.680083
1037.680081
1037.680078
1037.680074
1037.680068
1037.68006
1037.680049
1037.680034
1037.680013
1037.679984
1037.679945
1037.679891
1037.679818
1037.679721
1037.679589
1037.679414
1037.67918
1037.678873
1037.678465
1037.677938
1037.677239
1037.676353
1037.67518
1037.673716
1037.671783
1037.669409
1037.66628
1037.662486
1037.657517
1037.65154
1037.643931
1037.634803
1037.623881
1037.610419
1037.594676
1037.575522
1037.553718
1037.527491
1037.498327
1037.463693
1037.425874
1037.381704
1037.334233
1037.279814
1037.222175
1037.157398
1037.089749
1037.015234
1036.938431
1036.855577
1036.771246
1036.682133
1036.592807
1036.501406
1036.410697
1036.322832
1036.236166
1036.15475
1036.075368
1036.002453
1035.932023
1035.868421
1035.807534
1035.753501
1035.702347
1035.657868
1035.616237
1035.580733
1035.547838
1035.520303
1035.49516
1035.474604
1035.456216
1035.4416
1035.428794
1035.418889
1035.410342
1035.403883
1035.398356
1035.394258
1035.390775
1035.388237
1035.386099
1035.384569
1035.3833
1035.382404
1035.381679
1035.381166
1035.38077
1035.380485
1035.380283
1035.380121
1035.379987
1035.379853
1035.379708
1035.379568
1035.37945
1035.379368
1035.379344
1035.379376
1035.379473
1035.379623
1035.379828
1035.38006
1035.380322
1035.380565
1035.380785
1035.380947
1035.381038
1035.381068
1035.381052
1035.381004
1035.380919
1035.380798
1035.380644
1035.380463
1035.380274
1035.380083
1035.379912
1035.379766
1035.379649
1035.379559
1035.379494
1035.379448
1035.379416
1035.379393
1035.379376
1035.379361
1035.379344
1035.379325
1035.379304
1035.37928
1035.379252
1035.379224
1035.3792
1035.379183
1035.379172
1035.379169
1035.379172
1035.379182
1035.379201
1035.379226
1035.379256
1035.37929
1035.379327
1035.379363
1035.379401
1035.379433
1035.379464
1035.37949
1035.379512
1035.379526
1035.379535
1035.379536
1035.37953
1035.379516
1035.37949
1035.379447
1035.37938
1035.37928
1035.379132
1035.378916
1035.378606
1035.37817
1035.377567
1035.376748
1035.37566
1035.374245
1035.372441
1035.370202
310.9669714
58.62458057
57.11997754
57.09383982
57.07703213
57.06708989
57.06177206
57.05929383
57.05836859
57.05815625
57.05827277
57.05865343
57.05910856
57.05946145
57.05980786
57.0602745
57.06095485
57.06203727
57.06386966
57.06685452
57.07153883
57.07576818
57.07676173
57.07570752
57.07111993
57.06015364
57.03944837
57.00572909
56.95659334
56.89131812
56.81076387
56.72766687
56.66321067
56.61714046
56.58591371
56.56569517
56.55313136
56.54561181
56.54126467
56.53883147
56.53751026
56.53681311
56.53645512
56.53627599
56.53618854
56.53614684
56.53612741
56.53611855
56.5361146
56.53611286
56.53611212
56.53611181
56.53611168
56.53611163
56.53611161
56.5361116
56.5361116
56.53611159
56.53611159
56.53611159
56.53611159
56.53611159
56.53611159
56.53611159
56.53611159
56.53611159
56.53611159
56.53611159
56.53611159
56.53611159
56.53611159
56.53611159
56.53611159
56.53611159
56.53611159
56.53611159
56.53611159
56.53611159
56.53611159
56.53611159
56.53611159
56.53611159
56.53611159
56.53611159
56.53611159
56.53611159
56.53611159
56.53611159
56.53611159
56.53611159
56.53611159
56.53611159
56.53611159
56.53611159
56.53611159
56.53611159
56.53611159
56.53611159
56.53611159
56.53611159
56.53611159
56.53611159
56.53611159
56.53611159
56.53611159
56.53611159
56.53611159
56.53611159
56.53611159
56.53611159
56.53611159
56.53611159
56.53611159
56.53611159
56.53611159
56.53611159
56.53611159
56.53611159
56.53611159
56.53611159
56.53611159
56.53611159
56.53611159
56.53611159
56.53611159
56.53611159
56.53611159
56.53611159
56.53611159
56.53611159
56.53611159
56.53611159
56.53611159
56.53611159
56.53611159
56.53611159
56.53611159
56.53611159
56.53611159
56.53611159
56.53611159
56.53611159
56.53611159
56.53611159
56.53611159
56.53611159
56.53611159
56.53611159
56.53611159
56.53611159
56.53611159
56.53611159
56.53611159
56.53611159
56.53611159
56.53611159
56.53611159
56.53611159
56.53611159
56.53611159
56.53611159
56.53611159
56.53611159
56.53611159
56.53611159
56.53611159
56.53611159
56.53611159
56.53611159
56.53611159
56.53611159
56.53611159
56.53611159
56.53611159
56.53611159
56.53611159
56.53611159
56.53611159
56.53611159
56.53611159
56.53611159
56.53611159
56.53611159
56.53611159
56.53611159
56.53611159
56.53611159
56.53611159
56.53611159
56.53611159
56.53611159
56.53611159
56.53611159
56.53611159
56.53611159
56.53611159
56.53611159
56.53611159
56.53611159
56.53611159
56.53611159
56.53611159
56.53611159
56.53611159
56.53611159
56.53611159
56.53611159
56.53611159
56.53611159
56.53611159
56.53611159
56.53611159
56.53611159
56.53611159
56.53611159
56.53611159
56.53611159
56.53611159
56.53611159
56.53611159
56.53611159
56.53611159
56.53611159
56.53611159
56.53611159
56.53611159
56.53611159
56.53611159
56.53611159
56.53611159
56.53611159
56.53611159
56.53611159
56.53611159
56.53611159
56.53611159
56.53611159
56.53611159
56.53611159
56.53611159
56.53611159
56.53611159
56.53611159
56.53611159
56.53611159
56.53611159
56.53611159
56.53611159
56.53611159
56.53611159
56.53611159
56.53611159
56.53611159
56.53611159
56.53611159
56.53611159
56.53611159
56.53611159
56.53611159
56.53611159
56.53611159
56.53611159
56.53611159
56.53611159
56.53611159
56.53611159
56.53611159
56.53611159
56.53611159
56.53611159
56.53611159
56.53611159
56.53611159
56.53611159
56.53611159
56.53611159
56.53611159
56.53611159
56.53611159
56.53611159
56.53611159
56.53611159
56.53611159
56.53611159
56.53611159
56.53611159
56.53611159
56.53611159
56.53611159
56.53611159
56.53611159
56.53611159
56.53611159
56.53611159
56.53611159
56.53611159
56.53611159
56.53611159
56.53611159
56.53611159
56.53611159
56.53611159
56.53611159
56.53611159
56.53611159
56.53611159
56.53611159
56.53611159
56.53611159
56.53611159
56.53611159
56.53611159
56.53611159
56.53611159
56.53611159
56.53611159
56.53611159
56.53611159
56.53611159
56.53611159
56.53611159
56.53611159
56.53611159
56.53611159
56.53611159
56.53611159
56.53611159
56.53611159
56.53611159
56.53611159
56.53611159
56.53611159
56.53611159
56.53611159
56.53611159
56.53611159
56.53611159
56.53611159
56.53611159
56.53611159
56.53611159
56.53611159
56.53611159
56.53611159
56.53611159
56.53611159
56.53611159
56.53611159
56.53611159
56.53611159
56.53611159
56.53611159
56.53611159
56.53611159
56.53611159
56.53611159
56.53611159
56.53611159
56.53611159
56.53611159
56.53611159
56.53611159
56.53611159
56.53611159
56.53611159
56.53611159
56.53611159
56.53611159
56.53611159
56.53611159
56.53611159
56.53611159
56.53611159
56.53611159
56.53611159
56.53611159
56.53611159
56.53611159
56.53611159
56.53611159
56.53611159
56.53611159
56.53611159
56.53611159
56.53611159
56.53611159
56.53611159
56.53611159
56.53611159
56.53611159
56.53611159
56.53611159
56.53611159
56.53611159
56.53611159
56.53611159
56.53611159
56.53611159
56.53611159
56.53611159
56.53611159
56.53611159
56.53611159
56.53611159
56.53611159
56.53611159
56.53611159
56.53611159
56.53611159
56.53611159
56.53611159
56.53611159
56.53611159
56.53611159
56.53611159
56.53611159
56.53611159
56.53611159
56.53611159
56.53611159
56.53611159
56.53611159
56.53611159
56.53611159
56.53611159
56.53611159
56.53611159
56.53611159
56.53611159
56.53611159
56.53611159
56.53611159
56.53611159
56.53611159
56.53611159
56.53611159
56.53611159
56.53611159
56.53611159
56.53611159
56.53611159
56.53611159
56.53611159
56.53611159
56.53611159
56.53611159
56.53611159
56.53611159
56.53611159
56.53611159
56.53611159
56.53611159
56.53611159
56.53611159
56.53611159
56.53611159
56.53611159
56.53611159
56.53611159
56.53611159
56.53611159
56.53611159
56.53611159
56.53611159
56.53611159
56.53611159
56.53611159
56.53611159
56.53611159
56.53611159
56.53611159
56.53611159
56.53611159
56.53611159
56.53611159
56.53611159
56.53611159
56.53611159
56.53611159
56.53611159
56.53611159
56.53611159
56.53611159
56.53611159
56.53611159
56.53611159
56.53611159
56.53611159
56.53611159
56.53611159
56.53611159
56.53611159
56.53611159
56.53611159
56.53611159
56.53611159
56.53611159
56.53611159
56.53611159
56.53611159
56.53611159
56.53611159
56.53611159
56.53611159
56.53611159
56.53611159
56.53611159
56.53611159
56.53611159
56.53611159
56.53611159
56.53611159
56.53611159
56.53611159
56.53611159
56.53611159
56.53611159
56.53611159
56.53611159
56.53611159
56.53611159
56.53611159
56.53611159
56.53611159
56.53611159
56.53611159
56.53611159
56.53611159
56.53611159
56.53611159
56.53611159
56.53611159
56.53611159
56.53611159
56.53611159
56.53611159
56.53611159
56.53611159
56.53611159
56.53611159
56.53611159
56.53611159
56.53611159
56.53611159
56.53611159
56.53611159
56.53611159
56.53611159
56.53611159
56.53611159
56.53611159
56.53611159
56.53611159
56.53611159
56.53611159
56.53611159
56.53611159
56.53611159
56.53611159
56.53611159
56.53611159
56.53611159
56.53611159
56.53611159
56.53611159
56.53611159
56.53611159
56.53611159
56.53611159
56.53611159
56.53611159
56.53611159
56.53611159
56.53611159
56.53611159
56.53611159
56.53611159
56.53611159
56.53611159
56.53611159
56.53611159
56.53611159
56.53611159
56.53611159
56.53611159
56.53611159
56.53611159
56.53611159
56.53611159
56.53611159
56.53611159
56.53611159
56.53611159
56.53611159
56.53611159
56.53611159
56.53611159
56.53611159
56.53611159
56.53611159
56.53611159
56.53611159
56.53611159
56.53611159
56.53611159
56.53611159
56.53611159
56.53611159
56.53611159
56.53611159
56.53611159
56.53611159
56.53611159
56.53611159
56.53611159
56.53611159
56.53611159
56.53611159
56.53611159
56.53611159
56.53611159
56.53611159
56.53611159
56.53611159
56.53611159
56.53611159
56.53611159
56.53611159
56.53611159
56.53611159
56.53611159
56.53611159
56.53611159
56.53611159
56.53611159
56.53611159
56.53611159
56.53611159
56.53611159
56.53611159
56.53611159
56.53611159
56.53611159
56.53611159
56.53611159
56.53611159
56.53611159
56.53611159
56.53611159
56.53611159
56.53611159
56.53611159
56.53611159
56.53611159
56.53611159
56.53611159
56.53611159
56.53611159
56.53611159
56.53611159
56.53611159
56.53611159
56.53611159
56.53611159
56.53611159
56.53611159
56.53611159
56.53611159
56.53611159
56.53611159
56.53611159
56.53611159
56.53611159
56.53611159
56.53611159
56.53611159
56.53611159
56.53611159
56.53611159
56.53611159
56.53611159
56.53611159
56.53611159
56.53611159
56.53611159
56.53611159
56.53611159
56.53611159
56.53611159
56.53611159
56.53611159
56.53611159
56.53611159
56.53611159
56.53611159
56.53611159
56.53611159
56.53611159
56.53611159
56.53611159
56.53611159
56.53611159
56.53611159
56.53611159
56.53611159
56.53611159
56.53611159
56.53611159
56.53611159
56.53611159
56.53611159
56.53611159
56.53611159
56.53611159
56.53611159
56.53611159
56.53611159
56.53611159
56.53611159
56.53611159
56.53611159
56.53611159
56.53611159
56.53611159
56.53611159
56.53611159
56.53611159
56.53611159
56.53611159
56.53611159
56.53611159
56.53611159
56.53611159
56.53611159
56.53611159
56.53611159
56.53611159
56.53611159
56.53611159
56.53611159
56.53611159
56.53611159
56.53611159
56.53611159
56.53611159
56.53611159
56.53611159
56.53611159
56.53611159
56.53611159
56.53611159
56.53611159
56.53611159
56.53611159
56.53611159
56.53611159
56.53611159
56.53611159
56.53611159
56.53611159
56.53611159
56.53611159
56.53611159
56.53611159
56.53611159
56.53611159
56.53611159
56.53611159
56.53611159
56.53611159
56.53611159
56.53611159
56.53611159
56.53611159
56.53611159
56.53611159
56.53611159
56.53611159
56.53611159
56.53611159
56.53611159
56.53611159
56.53611159
56.53611159
56.53611159
56.53611159
56.53611159
56.53611159
56.53611159
56.53611159
56.53611159
56.53611159
56.53611159
56.53611159
56.53611159
56.53611159
56.53611159
56.53611159
56.53611159
56.53611159
56.53611159
56.53611159
56.53611159
56.53611159
56.53611159
56.53611159
56.53611159
56.53611159
56.53611159
56.53611159
56.53611159
56.53611159
56.53611159
56.53611159
56.53611159
56.53611159
56.53611159
56.53611159
56.53611159
56.53611159
56.53611159
56.53611159
56.53611159
56.53611159
56.53611159
56.53611159
56.53611159
56.53611159
56.53611159
56.53611159
56.53611159
56.53611159
56.53611159
56.53611159
56.53611159
56.53611159
56.53611159
56.53611159
56.53611159
56.53611159
56.53611159
56.53611159
56.53611159
56.53611159
56.53611159
56.53611159
56.53611159
56.53611159
56.53611159
56.53611159
56.53611159
56.53611159
56.53611159
56.53611159
56.53611159
56.53611159
56.53611159
56.53611159
56.53611159
56.53611159
56.53611159
56.53611159
56.53611159
56.53611159
56.53611159
56.53611159
56.53611159
56.53611159
56.53611159
56.53611159
56.53611159
56.53611159
56.53611159
56.53611159
56.53611159
56.53611159
56.53611159
56.53611159
56.53611159
56.53611159
56.53611159
56.53611159
56.53611159
56.53611159
56.53611159
56.53611159
56.53611159
56.53611159
56.53611159
56.53611159
56.53611159
56.53611159
56.53611159
56.53611159
56.53611159
56.53611159
56.53611159
56.53611159
56.53611159
56.53611159
56.53611159
56.53611159
56.53611159
56.53611159
56.53611159
56.53611159
56.53611159
56.53611159
56.53611159
56.53611159
56.53611159
56.53611159
56.53611159
56.53611159
56.53611159
56.53611159
56.53611159
56.53611159
56.53611159
56.53611159
56.53611159
56.53611159
56.53611159
56.53611159
56.53611159
56.53611159
56.53611159
56.53611159
56.53611159
56.53611159
56.53611159
56.53611159
56.53611159
56.53611159
56.53611159
56.53611159
56.53611159
56.53611159
56.53611159
56.53611159
56.53611159
56.53611159
56.53611159
56.53611159
56.53611159
56.53611159
56.53611159
56.53611159
56.53611159
56.53611159
56.53611159
56.53611159
56.53611159
56.53611159
56.53611159
56.53611159
56.53611159
56.53611159
56.53611159
56.53611159
56.53611159
56.53611159
56.53611159
56.53611159
56.53611159
56.53611159
56.53611159
56.53611159
56.53611159
56.53611159
56.53611159
56.53611159
56.53611159
56.53611159
56.53611159
56.53611159
56.53611159
56.53611159
56.53611159
56.53611159
56.53611159
56.53611159
56.53611159
56.53611159
56.53611159
56.53611159
56.53611159
56.53611159
56.53611159
56.53611159
56.53611159
56.53611159
56.53611159
56.53611159
56.53611159
56.53611159
56.53611159
56.53611159
56.53611159
56.53611159
56.53611159
56.53611159
56.53611159
56.53611159
56.53611159
56.53611159
56.53611159
56.53611159
56.53611159
56.53611159
56.53611159
56.53611159
56.53611159
56.53611159
56.53611159
56.53611159
56.53611159
56.53611159
56.53611159
56.53611159
56.53611159
56.53611159
56.53611159
56.53611159
56.53611159
56.53611159
56.53611159
56.53611159
56.53611159
56.53611159
56.53611159
56.53611159
56.53611159
56.53611159
56.53611159
56.53611159
56.53611159
56.53611159
56.53611159
56.53611159
56.53611159
56.53611159
56.53611159
56.53611159
56.53611159
56.53611159
56.53611159
56.53611159
56.53611159
56.53611159
56.53611159
56.53611159
56.53611159
56.53611159
56.53611159
56.53611159
56.53611159
56.53611159
56.53611159
56.53611159
56.53611159
56.53611159
56.53611159
56.53611159
56.53611159
56.53611159
56.53611159
56.53611159
56.53611159
56.53611159
56.53611159
56.53611159
56.53611159
56.53611159
56.53611159
56.53611159
56.53611159
56.53611159
56.53611159
56.53611159
56.53611159
56.53611159
56.53611159
56.53611159
56.53611159
56.53611159
56.53611159
56.53611159
56.53611159
56.53611159
56.53611159
56.53611159
56.53611159
56.53611159
56.53611159
56.53611159
56.53611159
56.53611159
56.53611159
56.53611159
56.53611159
56.53611159
56.53611159
56.53611159
56.53611159
56.53611159
56.53611159
56.53611159
56.53611159
56.53611159
56.53611159
56.53611159
56.53611159
56.53611159
56.53611159
56.53611159
56.53611159
56.53611159
56.53611159
56.53611159
56.53611159
56.53611159
56.53611159
56.53611159
56.53611159
56.53611159
56.53611159
56.53611159
56.53611159
56.53611159
56.53611159
56.53611159
56.53611159
56.53611159
56.53611159
56.53611159
56.53611159
56.53611159
56.53611159
56.53611159
56.53611159
56.53611159
56.53611159
56.53611159
56.53611159
56.53611159
56.53611159
56.53611159
56.53611159
56.53611159
56.53611159
56.53611159
56.53611159
56.53611159
56.53611159
56.53611159
56.53611159
56.53611159
56.53611159
56.53611159
56.53611159
56.53611159
56.53611159
56.53611159
56.53611159
56.53611159
56.53611159
56.53611159
56.53611159
56.53611159
56.53611159
56.53611159
56.53611159
56.53611159
56.53611159
56.53611159
56.53611159
56.53611159
56.53611159
56.53611159
56.53611159
56.53611159
56.53611159
56.53611159
56.53611159
56.53611159
56.53611159
56.53611159
56.53611159
56.53611159
56.53611159
56.53611159
56.53611159
56.53611159
56.53611159
56.53611159
56.53611159
56.53611159
56.53611159
56.53611159
56.53611159
56.53611159
56.53611159
56.53611159
56.53611159
56.53611159
56.53611159
56.53611159
56.53611159
56.53611159
56.53611159
56.53611159
56.53611159
56.53611159
56.53611159
56.53611159
56.53611159
56.53611159
56.53611159
56.53611159
56.53611159
56.53611159
56.53611159
56.53611159
56.53611159
56.53611159
56.53611159
56.53611159
56.53611159
56.53611159
56.53611159
56.53611159
56.53611159
56.53611159
56.53611159
56.53611159
56.53611159
56.53611159
56.53611159
56.53611159
56.53611159
56.53611159
56.53611159
56.53611159
56.53611159
56.53611159
56.53611159
56.53611159
56.53611159
56.53611159
56.53611159
56.53611159
56.53611159
56.53611159
56.53611159
56.53611159
56.53611159
56.53611159
56.53611159
56.53611159
56.53611159
56.53611159
56.53611159
56.53611159
56.53611159
56.53611159
56.53611159
56.53611159
56.53611159
56.53611159
56.53611159
56.53611159
56.53611159
56.53611159
56.53611159
56.53611159
56.53611159
56.53611159
56.53611159
56.53611159
56.53611159
56.53611159
56.53611159
56.53611159
56.53611159
56.53611159
56.53611159
56.53611159
56.53611159
56.53611159
56.53611159
56.53611159
56.53611159
56.53611159
56.53611159
56.53611159
56.53611159
56.53611159
56.53611159
56.53611159
56.53611159
56.53611159
56.53611159
56.53611159
56.53611159
56.53611159
56.53611159
56.53611159
56.53611159
56.53611159
56.53611159
56.53611159
56.53611159
56.53611159
56.53611159
56.53611159
56.53611159
56.53611159
56.53611159
56.53611159
56.53611159
56.53611159
56.53611159
56.53611159
56.53611159
56.53611159
56.53611159
56.53611159
56.53611159
56.53611159
56.53611159
56.53611159
56.53611159
56.53611159
56.53611159
56.53611159
56.53611159
56.53611159
56.53611159
56.53611159
56.53611159
56.53611159
56.53611159
56.53611159
56.53611159
56.53611159
56.53611159
56.53611159
56.53611159
56.53611159
56.53611159
56.53611159
56.53611159
56.53611159
56.53611159
56.53611159
56.53611159
56.53611159
56.53611159
56.53611159
56.53611159
56.53611159
56.53611159
56.53611159
56.53611159
56.53611159
56.53611159
56.53611159
56.53611159
56.53611159
56.53611159
56.53611159
56.53611159
56.53611159
56.53611159
56.53611159
56.53611159
56.53611159
56.53611159
56.53611159
56.53611159
56.53611159
56.53611159
56.53611159
56.53611159
56.53611159
56.53611159
56.53611159
56.53611159
56.53611159
56.53611159
56.53611159
56.53611159
56.53611159
56.53611159
56.53611159
56.53611159
56.53611159
56.53611159
56.53611159
56.53611159
56.53611159
56.53611159
56.53611159
56.53611159
56.53611159
56.53611159
56.53611159
56.53611159
56.53611159
56.53611159
56.53611159
56.53611159
56.53611159
56.53611159
56.53611159
56.53611159
56.53611159
56.53611159
56.53611159
56.53611159
56.53611159
56.53611159
56.53611159
56.53611159
56.53611159
56.53611159
56.53611159
56.53611159
56.53611159
56.53611159
56.53611159
56.53611159
56.53611159
56.53611159
56.53611159
56.53611159
56.53611159
56.53611159
56.53611159
56.53611159
56.53611159
56.53611159
56.53611159
56.53611159
56.53611159
56.53611159
56.53611159
56.53611159
56.53611159
56.53611159
56.53611159
56.53611159
56.53611159
56.53611159
56.53611159
56.53611159
56.53611159
56.53611159
56.53611159
56.53611159
56.53611159
56.53611159
56.53611159
56.53611159
56.53611159
56.53611159
56.53611159
56.53611159
56.53611159
56.53611159
56.53611159
56.53611159
56.53611159
56.53611159
56.53611159
56.53611159
56.53611159
56.53611159
56.53611159
56.53611159
56.53611159
56.53611159
56.53611159
56.53611159
56.53611159
56.53611159
56.53611159
56.53611159
56.53611159
56.53611159
56.53611159
56.53611159
56.53611159
56.53611159
56.53611159
56.53611159
56.53611159
56.53611159
56.53611159
56.53611159
56.53611159
56.53611159
56.53611159
56.53611159
56.53611159
56.53611159
56.53611159
56.53611159
56.53611159
56.53611159
56.53611159
56.53611159
56.53611159
56.53611159
56.53611159
56.53611159
56.53611159
56.53611159
56.53611159
56.53611159
56.53611159
56.53611159
56.53611159
56.53611159
56.53611159
56.53611159
56.53611159
56.53611159
56.53611159
56.53611159
56.53611159
56.53611159
56.53611159
56.53611159
56.53611159
56.53611159
56.53611159
56.53611159
56.53611159
56.53611159
56.53611159
56.53611159
56.53611159
56.53611159
56.53611159
56.53611159
56.53611159
56.53611159
56.53611159
56.53611159
56.53611159
56.53611159
56.53611159
56.53611159
56.53611159
56.53611159
56.53611159
56.53611159
56.53611159
56.53611159
56.53611159
56.53611159
56.53611159
56.53611159
56.53611159
56.53611159
56.53611159
56.53611159
56.53611159
56.53611159
56.53611159
56.53611159
56.53611159
56.53611159
56.53611159
56.53611159
56.53611159
56.53611159
56.53611159
56.53611159
56.53611159
56.53611159
56.53611159
56.53611159
56.53611159
56.53611159
56.53611159
56.53611159
56.53611159
56.53611159
56.53611159
56.53611159
56.53611159
56.53611159
56.53611159
56.53611159
56.53611159
56.53611159
56.53611159
56.53611159
56.53611159
56.53611159
56.53611159
56.53611159
56.53611159
56.53611159
56.53611159
56.53611159
56.53611159
56.53611159
56.53611159
56.53611159
56.53611159
56.53611159
56.53611159
56.53611159
56.53611159
56.53611159
56.53611159
56.53611159
56.53611159
56.53611159
56.53611159
56.53611159
56.53611159
56.53611159
56.53611159
56.53611159
56.53611159
56.53611159
56.53611159
56.53611159
56.53611159
56.53611159
56.53611159
56.53611159
56.53611159
56.53611159
56.53611159
56.53611159
56.53611159
56.53611159
56.53611159
56.53611159
56.53611159
56.53611159
56.53611159
56.53611159
56.53611159
56.53611159
56.53611159
56.53611159
56.53611159
56.53611159
56.53611159
56.53611159
56.53611159
56.53611159
56.53611159
56.53611159
56.53611159
56.53611159
56.53611159
56.53611159
56.53611159
56.53611159
56.53611159
56.53611159
56.53611159
56.53611159
56.53611159
56.53611159
56.53611159
56.53611159
56.53611159
56.53611159
56.53611159
56.53611159
56.53611159
56.53611159
56.53611159
56.53611159
56.53611159
56.53611159
56.53611159
56.53611159
56.53611159
56.53611159
56.53611159
56.53611159
56.53611159
56.53611159
56.53611159
56.53611159
56.53611159
56.53611159
56.53611159
56.53611159
56.53611159
56.53611159
56.53611159
56.53611159
56.53611159
56.53611159
56.53611159
56.53611159
56.53611159
56.53611159
56.53611159
56.53611159
56.53611159
56.53611159
56.53611159
56.53611159
56.53611159
56.53611159
56.53611159
56.53611159
56.53611159
56.53611159
56.53611159
56.53611159
56.53611159
56.53611159
56.53611159
56.53611159
56.53611159
56.53611159
56.53611159
56.53611159
56.53611159
56.53611159
56.53611159
56.53611159
56.53611159
56.53611159
56.53611159
56.53611159
56.53611159
56.53611159
56.53611159
56.53611159
56.53611159
56.53611159
56.53611159
56.53611159
56.53611159
56.53611159
56.53611159
56.53611159
56.53611159
56.53611159
56.53611159
56.53611159
56.53611159
56.53611159
56.53611159
56.53611159
56.53611159
56.53611159
56.53611159
56.53611159
56.53611159
56.53611159
56.53611159
56.53611159
56.53611159
56.53611159
56.53611159
56.53611159
56.53611159
56.53611159
56.53611159
56.53611159
56.53611159
56.53611159
56.53611159
56.53611159
56.53611159
56.53611159
56.53611159
56.53611159
56.53611159
56.53611159
56.53611159
56.53611159
56.53611159
56.53611159
56.53611159
56.53611159
56.53611159
56.53611159
56.53611159
56.53611159
56.53611159
56.53611159
56.53611159
56.53611159
56.53611159
56.53611159
56.53611159
56.53611159
56.53611159
56.53611159
56.53611159
56.53611159
56.53611159
56.53611159
56.53611159
56.53611159
56.53611159
56.53611159
56.53611159
56.53611159
56.53611159
56.53611159
56.53611159
56.53611159
56.53611159
56.53611159
56.53611159
56.53611159
56.53611159
56.53611159
56.53611159
56.53611159
56.53611159
56.53611159
56.53611159
56.53611159
56.53611159
56.53611159
56.53611159
56.53611159
56.53611159
56.53611159
56.53611159
56.53611159
56.53611159
56.53611159
56.53611159
56.53611159
56.53611159
56.53611159
56.53611159
56.53611159
56.53611159
56.53611159
56.53611159
56.53611159
56.53611159
56.53611159
56.53611159
56.53611159
56.53611159
56.53611159
56.53611159
56.53611159
56.53611159
56.53611159
56.53611159
56.53611159
56.53611159
56.53611159
56.53611159
56.53611159
56.53611159
56.53611159
56.53611159
56.53611159
56.53611159
56.53611159
56.53611159
56.53611159
56.53611159
56.53611159
56.53611159
56.53611159
56.53611159
56.53611159
56.53611159
56.53611159
56.53611159
56.53611159
56.53611159
56.53611159
56.53611159
56.53611159
56.53611159
56.53611159
56.53611159
56.53611159
56.53611159
56.53611159
56.53611159
56.53611159
56.53611159
56.53611159
56.53611159
56.53611159
56.53611159
56.53611159
56.53611159
56.53611159
56.53611159
56.53611159
56.53611159
56.53611159
56.53611159
56.53611159
56.53611159
56.53611159
56.53611159
56.53611159
56.53611159
56.53611159
56.53611159
56.53611159
56.53611159
56.53611159
56.53611159
56.53611159
56.53611159
56.53611159
56.53611159
56.53611159
56.53611159
56.53611159
56.53611159
56.53611159
56.53611159
56.53611159
56.53611159
56.53611159
56.53611159
56.53611159
56.53611159
56.53611159
56.53611159
56.53611159
56.53611159
56.53611159
56.53611159
56.53611159
56.53611159
56.53611159
56.53611159
56.53611159
56.53611159
56.53611159
56.53611159
56.53611159
56.53611159
56.53611159
56.53611159
56.53611159
56.53611159
56.53611159
56.53611159
56.53611159
56.53611159
56.53611159
56.53611159
56.53611159
56.53611159
56.53611159
56.53611159
56.53611159
56.53611159
56.53611159
56.53611159
56.53611159
56.53611159
56.53611159
56.53611159
56.53611159
56.53611159
56.53611159
56.53611159
56.53611159
56.53611159
56.53611159
56.53611159
56.53611159
56.53611159
56.53611159
56.53611159
56.53611159
56.53611159
56.53611159
56.53611159
56.53611159
56.53611159
56.53611159
56.53611159
56.53611159
56.53611159
56.53611159
56.53611159
56.53611159
56.53611159
56.53611159
56.53611159
56.53611159
56.53611159
56.53611159
56.53611159
56.53611159
56.53611159
56.53611159
56.53611159
56.53611159
56.53611159
56.53611159
56.53611159
56.53611159
56.53611159
56.53611159
56.53611159
56.53611159
56.53611159
56.53611159
56.53611159
56.53611159
56.53611159
56.53611159
56.53611159
56.53611159
56.53611159
56.53611159
56.53611159
56.53611159
56.53611159
56.53611159
56.53611159
56.53611159
56.53611159
56.53611159
56.53611159
56.53611159
56.53611159
56.53611159
56.53611159
56.53611159
56.53611159
56.53611159
56.53611159
56.53611159
56.53611159
56.53611159
56.53611159
56.53611159
56.53611159
56.53611159
56.53611159
56.53611159
56.53611159
56.53611159
56.53611159
56.53611159
56.53611159
56.53611159
56.53611159
56.53611159
56.53611159
56.53611159
56.53611159
56.53611159
56.53611159
56.53611159
56.53611159
56.53611159
56.53611159
56.53611159
56.53611159
56.53611159
56.53611159
56.53611159
56.53611159
56.53611159
56.53611159
56.53611159
56.53611159
56.53611159
56.53611159
56.53611159
56.53611159
56.53611159
56.53611159
56.53611159
56.53611159
56.53611159
56.53611159
56.53611159
56.53611159
56.53611159
56.53611159
56.53611159
56.53611159
56.53611159
56.53611159
56.53611159
56.53611159
56.53611159
56.53611159
56.53611159
56.53611159
56.53611159
56.53611159
56.53611159
56.53611159
56.53611159
56.53611159
56.53611159
56.53611159
56.53611159
56.53611159
56.53611159
56.53611159
56.53611159
56.53611159
56.53611159
56.53611159
56.53611159
56.53611159
56.53611159
56.53611159
56.53611159
56.53611159
56.53611159
56.53611159
56.53611159
56.53611159
56.53611159
56.53611159
56.53611159
56.53611159
56.53611159
56.53611159
56.53611159
56.53611159
56.53611159
56.53611159
56.53611159
56.53611159
56.53611159
56.53611159
56.53611159
56.53611159
56.53611159
56.53611159
56.53611159
56.53611159
56.53611159
56.53611159
56.53611159
56.53611159
56.53611159
56.53611159
56.53611159
56.53611159
56.53611159
56.53611159
56.53611159
56.53611159
56.53611159
56.53611159
56.53611159
56.53611159
56.53611159
56.53611159
56.53611159
56.53611159
56.53611159
56.53611159
56.53611159
56.53611159
56.53611159
56.53611159
56.53611159
56.53611159
56.53611159
56.53611159
56.53611159
56.53611159
56.53611159
56.53611159
56.53611159
56.53611159
56.53611159
56.53611159
56.53611159
56.53611159
56.53611159
56.53611159
56.53611159
56.53611159
56.53611159
56.53611159
56.53611159
56.53611159
56.53611159
56.53611159
56.53611159
56.53611159
56.53611159
56.53611159
56.53611159
56.53611159
56.53611159
56.53611159
56.53611159
56.53611159
56.53611159
56.53611159
56.53611159
56.53611159
56.53611159
56.53611159
56.53611159
56.53611159
56.53611159
56.53611159
56.53611159
56.53611159
56.53611159
56.53611159
56.53611159
56.53611159
56.53611159
56.53611159
56.53611159
56.53611159
56.53611159
56.53611159
56.53611159
56.53611159
56.53611159
56.53611159
56.53611159
56.53611159
56.53611159
56.53611159
56.53611159
56.53611159
56.53611159
56.53611159
56.53611159
56.53611159
56.53611159
56.53611159
56.53611159
56.53611159
56.53611159
56.53611159
56.53611159
56.53611159
56.53611159
56.53611159
56.53611159
56.53611159
56.53611159
56.53611159
56.53611159
56.53611159
56.53611159
56.53611159
56.53611159
56.53611159
56.53611159
56.53611159
56.53611159
56.53611159
56.53611159
56.53611159
56.53611159
56.53611159
56.53611159
56.53611159
56.53611159
56.53611159
56.53611159
56.53611159
56.53611159
56.53611159
56.53611159
56.53611159
56.53611159
56.53611159
56.53611159
56.53611159
56.53611159
56.53611159
56.53611159
56.53611159
56.53611159
56.53611159
56.53611159
56.53611159
56.53611159
56.53611159
56.53611159
56.53611159
56.53611159
56.53611159
56.53611159
56.53611159
56.53611159
56.53611159
56.53611159
56.53611159
56.53611159
56.53611159
56.53611159
56.53611159
56.53611159
56.53611159
56.53611159
56.53611159
56.53611159
56.53611159
56.53611159
56.53611159
56.53611159
56.53611159
56.53611159
56.53611159
56.53611159
56.53611159
56.53611159
56.53611159
56.53611159
56.53611159
56.53611159
56.53611159
56.53611159
56.53611159
56.53611159
56.53611159
56.53611159
56.53611159
56.53611159
56.53611159
56.53611159
56.53611159
56.53611159
56.53611159
56.53611159
56.53611159
56.53611159
56.53611159
56.53611159
56.53611159
56.53611159
56.53611159
56.53611159
56.53611159
56.53611159
56.53611159
56.53611159
56.53611159
56.53611159
56.53611159
56.53611159
56.53611159
56.53611159
56.53611159
56.53611159
56.53611159
56.53611159
56.53611159
56.53611159
56.53611159
56.53611159
56.53611159
56.53611159
56.53611159
56.53611159
56.53611159
56.53611159
56.53611159
56.53611159
56.53611159
56.53611159
56.53611159
56.53611159
56.53611159
56.53611159
56.53611159
56.53611159
56.53611159
56.53611159
56.53611159
56.53611159
56.53611159
56.53611159
56.53611159
56.53611159
56.53611159
56.53611159
56.53611159
56.53611159
56.53611159
56.53611159
56.53611159
56.53611159
56.53611159
56.53611159
56.53611159
56.53611159
56.53611159
56.53611159
56.53611159
56.53611159
56.53611159
56.53611159
56.53611159
56.53611159
56.53611159
56.53611159
56.53611159
56.53611159
56.53611159
56.53611159
56.53611159
56.53611159
56.53611159
56.53611159
56.53611159
56.53611159
56.53611159
56.53611159
56.53611159
56.53611159
56.53611159
56.53611159
56.53611159
56.53611159
56.53611159
56.53611159
56.53611159
56.53611159
56.53611159
56.53611159
56.53611159
56.53611159
56.53611159
56.53611159
56.53611159
56.53611159
56.53611159
56.53611159
56.53611159
56.53611159
56.53611159
56.53611159
56.53611159
56.53611159
56.53611159
56.53611159
56.53611159
56.53611159
56.53611159
56.53611159
56.53611159
56.53611159
56.53611159
56.53611159
56.53611159
56.53611159
56.53611159
56.53611159
56.53611159
56.53611159
56.53611159
56.53611159
56.53611159
56.53611159
56.53611159
56.53611159
56.53611159
56.53611159
56.53611159
56.53611159
56.53611159
56.53611159
56.53611159
56.53611159
56.53611159
56.53611159
56.53611159
56.53611159
56.53611159
56.53611159
56.53611159
56.53611159
56.53611159
56.53611159
56.53611159
)
;

boundaryField
{
    sides
    {
        type            calculated;
        value           nonuniform List<scalar> 2(56.53611159 1037.680088);
    }
    empty1
    {
        type            empty;
    }
    empty2
    {
        type            empty;
    }
}


// ************************************************************************* //
