/*--------------------------------*- C++ -*----------------------------------*\
| =========                 |                                                 |
| \\      /  F ield         | OpenFOAM: The Open Source CFD Toolbox           |
|  \\    /   O peration     | Version:  2012                                  |
|   \\  /    A nd           | Website:  www.openfoam.com                      |
|    \\/     M anipulation  |                                                 |
\*---------------------------------------------------------------------------*/
FoamFile
{
    version     2.0;
    format      ascii;
    class       volScalarField;
    location    "0.57";
    object      p;
}
// * * * * * * * * * * * * * * * * * * * * * * * * * * * * * * * * * * * * * //

dimensions      [1 -1 -2 0 0 0 0];


internalField   nonuniform List<scalar> 
2268
(
101884
101886
101889
101893
101899
101907
101916
101927
101940
101956
101973
101993
102012
102035
102055
102078
102096
102118
102132
102149
102158
102168
102170
101825
101827
101829
101834
101839
101847
101857
101868
101881
101897
101914
101933
101953
101976
101996
102019
102037
102059
102073
102090
102098
102108
102110
101765
101767
101769
101774
101779
101787
101797
101808
101821
101837
101854
101874
101894
101917
101937
101961
101980
102002
102016
102035
102043
102055
102056
101705
101707
101709
101714
101719
101727
101737
101748
101761
101777
101794
101814
101834
101857
101878
101902
101921
101943
101957
101974
101982
101992
101993
101644
101645
101648
101652
101658
101666
101675
101687
101700
101716
101734
101754
101775
101799
101820
101845
101865
101888
101903
101922
101930
101943
101943
101584
101585
101588
101592
101598
101605
101615
101626
101639
101655
101673
101694
101714
101739
101761
101786
101806
101829
101844
101862
101869
101880
101879
101521
101522
101525
101529
101535
101542
101552
101563
101577
101593
101611
101633
101655
101680
101703
101729
101751
101775
101791
101812
101819
101832
101829
101460
101461
101464
101468
101474
101481
101491
101502
101515
101531
101549
101571
101594
101620
101644
101670
101693
101717
101733
101753
101761
101773
101769
101882
101557
101584
101546
101668
101946
102065
101618
101289
101238
101223
101225
101232
101243
101244
101278
101371
101784
102396
101642
101532
101572
101539
101604
101878
102053
101481
101208
101195
101191
101192
101196
101201
101201
101213
101257
101622
102157
101577
101529
101571
101529
101620
101890
102081
101637
101197
101190
101184
101179
101178
101177
101176
101178
101205
101460
102079
101570
101530
101570
101531
101570
101741
101912
101361
101189
101186
101183
101181
101176
101175
101174
101174
101183
101306
101824
101586
101527
101571
101530
101568
101665
101767
101487
101191
101182
101179
101178
101175
101174
101173
101173
101179
101236
101666
101590
101532
101572
101531
101564
101559
101603
101267
101175
101174
101175
101178
101175
101174
101173
101173
101174
101184
101456
101585
101524
101572
101529
101545
101505
101463
101258
101175
101170
101173
101176
101174
101174
101173
101173
101172
101177
101306
101562
101532
101571
101538
101513
101439
101355
101184
101171
101167
101172
101175
101174
101174
101173
101173
101172
101173
101204
101378
101378
101380
101383
101387
101392
101399
101408
101420
101435
101453
101476
101500
101528
101553
101581
101607
101635
101652
101676
101682
101695
101673
101328
101328
101328
101329
101330
101331
101333
101336
101339
101345
101352
101365
101381
101404
101430
101459
101487
101516
101537
101562
101574
101589
101586
101324
101324
101324
101324
101324
101324
101324
101324
101324
101324
101324
101325
101328
101334
101344
101362
101384
101409
101433
101458
101470
101490
101487
101324
101324
101324
101324
101324
101324
101324
101324
101324
101324
101324
101324
101324
101324
101324
101326
101331
101341
101358
101375
101388
101398
101403
101324
101324
101324
101324
101324
101324
101324
101324
101324
101324
101323
101323
101323
101323
101323
101323
101323
101324
101326
101327
101332
101338
101349
101323
101323
101323
101323
101323
101323
101323
101323
101323
101323
101323
101323
101323
101323
101323
101323
101323
101323
101323
101323
101323
101323
101323
101323
101323
101323
101323
101323
101323
101323
101323
101323
101323
101323
101323
101323
101323
101323
101323
101323
101323
101323
101323
101323
101323
101322
101323
101323
101323
101323
101323
101323
101323
101323
101323
101323
101323
101323
101323
101323
101323
101323
101323
101323
101323
101323
101322
101322
101322
101323
101323
101323
101323
101323
101323
101323
101323
101323
101323
101323
101323
101323
101323
101323
101323
101323
101322
101322
101322
101322
101322
101322
101323
101323
101323
101323
101323
101323
101323
101323
101323
101323
101323
101323
101323
101323
101323
101323
101322
101322
101322
101322
101322
101322
101322
101323
101323
101323
101323
101323
101323
101323
101323
101323
101322
101322
101322
101322
101322
101322
101322
101322
101322
101322
101322
101322
101322
101322
101322
101322
101322
101322
101322
101322
101322
101322
101322
101322
101322
101322
101322
101322
101322
101322
101322
101322
101322
101322
101322
101322
101322
101322
101322
101322
101322
101322
101322
101322
101322
101322
101322
101322
101322
101322
101322
101322
101322
101322
101322
101322
101322
101322
101322
101322
101322
101322
101322
101322
101322
101322
101322
101322
101322
101322
101322
101322
101322
101322
101322
101322
101322
101322
101322
101322
101322
101322
101322
101322
101322
101322
101322
101322
101322
101322
101322
101322
101322
101322
101322
101322
101322
101322
101322
101322
101322
101322
101322
101322
101321
101321
101322
101322
101322
101322
101322
101322
101322
101322
101322
101322
101322
101322
101322
101322
101322
101322
101322
101322
101321
101321
101321
101321
101321
101322
101322
101322
101322
101322
101322
101322
101322
101322
101322
101322
101322
101322
101322
101321
101321
101321
101321
101321
101321
101321
101321
101321
101321
101321
101321
101321
101321
101321
101321
101321
101321
101321
101321
101321
101321
101321
101321
101321
101321
101321
101321
101321
101321
101321
101321
101321
101321
101321
101321
101321
101321
101321
101321
101321
101321
101321
101321
101321
101321
101321
101321
101321
101321
101321
101321
101321
101321
101321
101321
101321
101321
101321
101321
101321
101321
101321
101321
101321
101321
101321
101321
101321
101321
101321
101321
101321
101321
101321
101321
101321
101321
101321
101321
101321
101321
101321
101321
101321
101321
101321
101321
101321
101321
101321
101321
101321
101321
101321
101321
101321
101321
101321
101321
101321
101321
101321
101321
101321
101321
101321
101321
101321
101321
101321
101321
101321
101321
101321
101321
101321
101321
101321
101321
101321
101321
101321
101321
101321
101321
101321
101321
101321
101321
101321
101321
101321
101321
101321
101321
101321
101321
101321
101321
101321
101321
101321
101321
101321
101321
101320
101321
101321
101321
101321
101321
101321
101321
101321
101321
101321
101321
101321
101321
101321
101321
101321
101321
101321
101321
101321
101320
101320
101320
101320
101320
101320
101320
101320
101320
101320
101320
101320
101320
101320
101320
101320
101320
101320
101320
101320
101320
101320
101320
101320
101320
101320
101320
101320
101320
101320
101320
101320
101320
101320
101320
101320
101320
101320
101320
101320
101320
101320
101320
101320
101320
101320
101320
101320
101320
101320
101320
101320
101320
101320
101320
101320
101320
101320
101320
101320
101320
101320
101320
101320
101320
101320
101320
101320
101320
101320
101320
101320
101320
101320
101320
101320
101320
101320
101320
101320
101320
101320
101320
101320
101320
101320
101320
101320
101320
101320
101320
101320
101320
101320
101320
101320
101320
101320
101320
101320
101320
101320
101320
101320
101320
101320
101320
101320
101320
101320
101320
101320
101320
101320
101320
101320
101320
101320
101320
101320
101320
101320
101320
101320
101320
101320
101320
101320
101320
101320
101320
101320
101320
101320
101320
101320
101320
101320
101320
101320
101320
101320
101320
101320
101320
101320
101320
101320
101320
101320
101320
101320
101320
101320
101320
101320
101320
101320
101320
101320
101320
101320
101320
101320
101319
101319
101319
101319
101319
101319
101319
101319
101319
101319
101320
101320
101320
101320
101320
101320
101320
101320
101320
101320
101320
101320
101320
101319
101319
101319
101319
101319
101319
101319
101319
101319
101319
101319
101319
101319
101319
101319
101319
101320
101320
101320
101320
101320
101320
101319
101319
101319
101319
101319
101319
101319
101319
101319
101319
101319
101319
101319
101319
101319
101319
101319
101320
101320
101320
101320
101320
101320
101319
101319
101319
101319
101319
101319
101319
101319
101319
101319
101319
101319
101319
101319
101319
101319
101319
101319
101319
101319
101319
101319
101319
101319
101319
101319
101319
101319
101319
101319
101319
101319
101319
101319
101319
101319
101319
101319
101319
101319
101319
101319
101319
101319
101319
101319
101319
101319
101319
101319
101319
101319
101319
101319
101319
101319
101319
101319
101319
101319
101319
101319
101319
101319
101319
101319
101319
101319
101319
101319
101318
101318
101318
101318
101318
101318
101318
101318
101319
101319
101319
101319
101319
101319
101319
101319
101319
101319
101319
101319
101319
101319
101319
101318
101318
101318
101318
101318
101318
101318
101318
101318
101318
101318
101318
101318
101318
101318
101318
101319
101319
101319
101319
101319
101319
101318
101318
101318
101318
101318
101318
101318
101318
101318
101318
101318
101318
101318
101318
101318
101318
101319
101319
101319
101319
101319
101319
101319
101318
101318
101318
101318
101318
101318
101318
101318
101318
101318
101318
101318
101318
101318
101318
101318
101318
101318
101318
101318
101318
101318
101318
101318
101318
101318
101318
101318
101318
101318
101318
101318
101318
101318
101318
101318
101318
101318
101318
101318
101318
101318
101318
101318
101318
101318
101318
101656
101650
101644
101604
101591
101575
101569
101548
101492
101487
101490
101478
101410
101406
101408
101404
101356
101361
101363
101366
101323
101323
101323
101323
101323
101322
101322
101322
101322
101322
101322
101322
101322
101322
101322
101322
101322
101322
101322
101322
101322
101322
101322
101322
101322
101322
101322
101322
101322
101322
101322
101322
101322
101321
101321
101321
101321
101321
101321
101321
101321
101321
101321
101321
101321
101321
101321
101321
101321
101321
101321
101321
101321
101321
101321
101321
101321
101321
101321
101321
101321
101321
101320
101320
101320
101320
101320
101320
101320
101320
101320
101320
101320
101320
101320
101320
101320
101320
101320
101320
101320
101320
101320
101320
101320
101320
101320
101320
101320
101320
101320
101320
101320
101320
101320
101320
101320
101320
101320
101320
101320
101320
101319
101319
101319
101319
101319
101319
101319
101319
101319
101319
101319
101319
101319
101319
101319
101319
101319
101318
101319
101319
101318
101318
101319
101318
101318
101318
101318
101318
101318
101318
101318
101318
101318
101318
101318
101318
101318
101318
101318
101318
101318
101318
101318
101318
101318
101318
101574
101511
101559
101494
101480
101370
101239
101175
101171
101169
101171
101173
101173
101173
101172
101173
101172
101172
101173
101526
101487
101519
101472
101457
101295
101178
101169
101169
101167
101170
101172
101172
101172
101172
101172
101172
101173
101172
101487
101460
101482
101433
101421
101252
101171
101170
101170
101168
101170
101171
101171
101172
101172
101172
101172
101172
101174
101406
101395
101409
101385
101388
101227
101170
101170
101169
101168
101170
101171
101171
101172
101172
101172
101172
101172
101179
101369
101369
101373
101361
101356
101240
101173
101171
101171
101170
101172
101172
101172
101172
101172
101172
101173
101173
101188
101323
101326
101331
101345
101336
101260
101173
101172
101172
101172
101173
101172
101173
101172
101173
101173
101173
101173
101202
101322
101322
101322
101322
101329
101265
101171
101172
101175
101173
101174
101174
101173
101173
101173
101173
101173
101173
101223
101322
101322
101322
101322
101322
101317
101220
101165
101174
101174
101176
101174
101174
101173
101173
101173
101173
101174
101272
101322
101322
101322
101322
101322
101320
101296
101192
101173
101177
101175
101175
101174
101174
101174
101174
101174
101180
101339
101322
101322
101322
101322
101322
101321
101320
101286
101196
101163
101177
101172
101171
101173
101173
101173
101173
101294
101427
101322
101322
101322
101323
101322
101319
101293
101319
101288
101229
101153
101156
101160
101133
101138
101134
101251
101304
101426
101322
101322
101321
101322
101322
101308
101315
101258
101337
101365
101362
101336
101303
101279
101304
101316
101329
101337
101380
101322
101321
101321
101319
101318
101333
101348
101296
101344
101346
101313
101281
101232
101209
101234
101236
101244
101252
101305
101321
101321
101320
101319
101319
101319
101319
101323
101347
101361
101363
101306
101253
101232
101268
101278
101301
101306
101327
101321
101321
101320
101319
101319
101319
101319
101319
101319
101319
101321
101343
101362
101344
101317
101310
101305
101287
101302
101321
101321
101320
101320
101320
101320
101319
101319
101319
101319
101319
101319
101320
101328
101353
101326
101322
101304
101324
101321
101320
101320
101320
101319
101319
101319
101318
101318
101318
101319
101319
101320
101319
101320
101330
101297
101300
101315
101321
101320
101320
101320
101319
101319
101319
101318
101318
101318
101319
101319
101320
101320
101320
101321
101309
101319
101338
101321
101320
101320
101320
101320
101319
101319
101319
101319
101318
101319
101319
101320
101320
101320
101320
101319
101337
101347
101320
101320
101320
101320
101320
101319
101319
101319
101319
101319
101320
101320
101320
101320
101320
101320
101320
101334
101377
101320
101320
101320
101320
101320
101319
101319
101319
101319
101319
101320
101320
101320
101320
101321
101320
101322
101322
101348
101320
101320
101320
101320
101320
101320
101319
101319
101319
101319
101320
101320
101320
101320
101321
101320
101321
101321
101333
101320
101320
101320
101320
101320
101320
101320
101319
101320
101320
101320
101320
101320
101320
101321
101320
101321
101321
101324
101320
101320
101320
101320
101320
101320
101319
101319
101320
101320
101320
101320
101320
101320
101321
101321
101321
101321
101321
101320
101320
101320
101320
101320
101320
101319
101319
101320
101320
101320
101320
101320
101320
101321
101321
101321
101321
101322
101320
101320
101320
101320
101319
101319
101319
101319
101319
101319
101320
101320
101320
101320
101321
101321
101321
101320
101320
101320
101320
101320
101319
101319
101319
101319
101319
101319
101319
101320
101319
101320
101319
101320
101319
101320
101314
101312
101320
101320
101319
101319
101319
101319
101319
101319
101319
101319
101319
101319
101319
101319
101319
101318
101316
101296
101315
101320
101319
101319
101319
101319
101319
101319
101319
101319
101319
101319
101319
101319
101318
101317
101318
101323
101316
101320
101319
101319
101319
101319
101319
101319
101319
101319
101319
101319
101318
101318
101318
101317
101316
101317
101316
101317
101324
101319
101319
101319
101319
101318
101318
101318
101318
101318
101318
101318
101318
101317
101317
101316
101318
101316
101321
101319
101319
101319
101318
101318
101318
101318
101318
101318
101318
101318
101318
101318
101317
101317
101316
101316
101316
101317
101316
101319
101318
101318
101317
101317
101317
101317
101317
101317
101318
101317
101317
101317
101317
101316
101317
101316
101316
101316
101318
101318
101317
101316
101316
101316
101316
101316
101317
101317
101317
101317
101316
101317
101315
101316
101315
101317
101316
101318
101317
101317
101315
101315
101315
101315
101316
101316
101317
101317
101317
101316
101317
101315
101316
101315
101316
101315
101318
101317
101316
101314
101313
101313
101314
101315
101315
101316
101316
101316
101316
101316
101315
101316
101315
101316
101315
101318
101317
101315
101314
101313
101313
101314
101315
101315
101316
101316
101317
101316
101316
101315
101316
101315
101317
101315
101317
101316
101315
101314
101313
101313
101314
101315
101315
101316
101316
101316
101316
101316
101316
101316
101316
101317
101317
101317
101317
101316
101315
101314
101314
101315
101315
101316
101316
101316
101317
101316
101317
101316
101317
101316
101317
101317
101317
101317
101316
101315
101315
101315
101315
101315
101316
101316
101316
101317
101317
101317
101317
101317
101317
101317
101322
101317
101317
101317
101317
101316
101316
101316
101317
101317
101317
101317
101317
101317
101318
101317
101317
101317
101318
101315
101317
101317
101317
101317
101317
101317
101317
101317
101317
101317
101317
101317
101317
101318
101317
101318
101316
101318
101313
)
;

boundaryField
{
    leftWall
    {
        type            zeroGradient;
    }
    rightWall
    {
        type            zeroGradient;
    }
    lowerWall
    {
        type            zeroGradient;
    }
    atmosphere
    {
        type            fixedValue;
        value           uniform 101325;
    }
    defaultFaces
    {
        type            empty;
    }
}


// ************************************************************************* //
