/*--------------------------------*- C++ -*----------------------------------*\
| =========                 |                                                 |
| \\      /  F ield         | OpenFOAM: The Open Source CFD Toolbox           |
|  \\    /   O peration     | Version:  2012                                  |
|   \\  /    A nd           | Website:  www.openfoam.com                      |
|    \\/     M anipulation  |                                                 |
\*---------------------------------------------------------------------------*/
FoamFile
{
    version     2.0;
    format      ascii;
    class       volVectorField;
    location    "0.57";
    object      U;
}
// * * * * * * * * * * * * * * * * * * * * * * * * * * * * * * * * * * * * * //

dimensions      [0 1 -1 0 0 0 0];


internalField   nonuniform List<vector> 
2268
(
(0.00765295 -0.00453726 0)
(0.0278274 -0.00482874 0)
(0.0458 -0.00431484 0)
(0.0617658 -0.00373567 0)
(0.0748954 -0.00345822 0)
(0.0883862 -0.00386823 0)
(0.105052 -0.00316647 0)
(0.113111 -0.00213154 0)
(0.121353 -0.00149555 0)
(0.127567 -0.000907196 0)
(0.129839 0.000324385 0)
(0.129552 0.00112591 0)
(0.127382 0.00119717 0)
(0.125068 0.000969664 0)
(0.12092 0.0011386 0)
(0.114053 0.000430195 0)
(0.105957 0.00063135 0)
(0.0961577 -0.000745815 0)
(0.0862876 -0.000476382 0)
(0.0744608 -0.00175817 0)
(0.0594021 -0.00167464 0)
(0.0439264 -0.00398302 0)
(0.0225787 0.0102817 0)
(0.00749726 -0.0122265 0)
(0.0276813 -0.013197 0)
(0.0457506 -0.01172 0)
(0.0621983 -0.0100119 0)
(0.0755379 -0.00911691 0)
(0.0891689 -0.0103811 0)
(0.105364 -0.00851374 0)
(0.113464 -0.00556982 0)
(0.121762 -0.00532858 0)
(0.129078 -0.00310921 0)
(0.12948 -0.0012516 0)
(0.130518 1.85869e-05 0)
(0.128347 0.000937179 0)
(0.125341 0.00205804 0)
(0.120648 0.00408895 0)
(0.113664 0.0066043 0)
(0.105821 0.007849 0)
(0.0964268 0.009982 0)
(0.085856 0.0107472 0)
(0.0727008 0.0143788 0)
(0.054589 0.0160959 0)
(0.0337606 0.0212825 0)
(0.00345705 0.0210897 0)
(0.00715984 -0.0211732 0)
(0.0277554 -0.0229182 0)
(0.0458634 -0.0206376 0)
(0.0629516 -0.0178249 0)
(0.0766078 -0.016214 0)
(0.0905077 -0.0179768 0)
(0.105688 -0.0146591 0)
(0.113657 -0.00989387 0)
(0.122638 -0.00887958 0)
(0.129021 -0.00456553 0)
(0.130314 -0.000347168 0)
(0.131557 0.00165849 0)
(0.130274 0.00366965 0)
(0.126734 0.00460047 0)
(0.121925 0.00669342 0)
(0.114829 0.0074294 0)
(0.107792 0.00884362 0)
(0.0993298 0.0087111 0)
(0.0905372 0.010851 0)
(0.0785596 0.0131006 0)
(0.062245 0.0169072 0)
(0.0433727 0.0203667 0)
(0.0100183 0.028085 0)
(0.00687678 -0.0287073 0)
(0.0281651 -0.0314707 0)
(0.0461062 -0.0283342 0)
(0.0638644 -0.0245227 0)
(0.0780993 -0.0221192 0)
(0.0925616 -0.0241048 0)
(0.106698 -0.0194329 0)
(0.11502 -0.0135623 0)
(0.125004 -0.012568 0)
(0.130633 -0.00673843 0)
(0.132682 -0.00243774 0)
(0.133523 7.15258e-06 0)
(0.13134 0.00322112 0)
(0.126623 0.00595897 0)
(0.120863 0.00972411 0)
(0.113863 0.01322 0)
(0.107107 0.0151565 0)
(0.0989148 0.0180016 0)
(0.0887521 0.020493 0)
(0.0775092 0.0275056 0)
(0.0603842 0.0325504 0)
(0.0433858 0.045598 0)
(0.00561014 0.0460122 0)
(0.00739363 -0.037762 0)
(0.0285304 -0.041485 0)
(0.0464236 -0.0375365 0)
(0.0647404 -0.0329729 0)
(0.0796874 -0.0298032 0)
(0.0948405 -0.031522 0)
(0.107598 -0.0253022 0)
(0.116195 -0.0185759 0)
(0.126945 -0.0162768 0)
(0.131286 -0.00821142 0)
(0.134331 -0.00170076 0)
(0.135303 0.00230122 0)
(0.133876 0.00696802 0)
(0.129311 0.00956347 0)
(0.124514 0.0127685 0)
(0.116557 0.0139465 0)
(0.110188 0.0160083 0)
(0.102775 0.0174694 0)
(0.0947668 0.0211596 0)
(0.0840868 0.0267124 0)
(0.0689535 0.0333579 0)
(0.0525262 0.046625 0)
(0.01535 0.0516743 0)
(0.0090673 -0.0456465 0)
(0.0287631 -0.049879 0)
(0.0467519 -0.04541 0)
(0.0656175 -0.0402049 0)
(0.0816527 -0.0363076 0)
(0.0977427 -0.0372556 0)
(0.109654 -0.0294847 0)
(0.119552 -0.0226682 0)
(0.131299 -0.0196614 0)
(0.134737 -0.0102264 0)
(0.137633 -0.00432399 0)
(0.138575 0.000176082 0)
(0.135341 0.00604742 0)
(0.129078 0.0103197 0)
(0.122997 0.0157539 0)
(0.11488 0.0199113 0)
(0.108612 0.0216248 0)
(0.10211 0.0251037 0)
(0.0933232 0.0292048 0)
(0.0847508 0.0393569 0)
(0.0680615 0.0472126 0)
(0.0549473 0.0704261 0)
(0.0139346 0.0776543 0)
(0.0107809 -0.0556896 0)
(0.0294568 -0.0593416 0)
(0.0473195 -0.0550026 0)
(0.0665365 -0.0495145 0)
(0.0838899 -0.0450321 0)
(0.100557 -0.0448038 0)
(0.111572 -0.0356619 0)
(0.12236 -0.0288559 0)
(0.133782 -0.02349 0)
(0.135745 -0.01123 0)
(0.140282 -0.00349834 0)
(0.140977 0.00340949 0)
(0.139521 0.0115041 0)
(0.133692 0.0154288 0)
(0.128966 0.0195191 0)
(0.118815 0.020774 0)
(0.112017 0.0221603 0)
(0.105892 0.0248115 0)
(0.10022 0.0295939 0)
(0.0928425 0.0389038 0)
(0.0799926 0.0478151 0)
(0.0680712 0.0725998 0)
(0.0266733 0.0846701 0)
(0.0118771 -0.0646023 0)
(0.0303689 -0.0670854 0)
(0.0484294 -0.0628739 0)
(0.0678731 -0.0574258 0)
(0.0870457 -0.0523285 0)
(0.104035 -0.0502696 0)
(0.115497 -0.0397258 0)
(0.128421 -0.0330988 0)
(0.138848 -0.025927 0)
(0.141076 -0.0132868 0)
(0.146884 -0.00678956 0)
(0.145016 0.000470644 0)
(0.14229 0.00947318 0)
(0.133791 0.0152284 0)
(0.1274 0.0227932 0)
(0.116657 0.0278458 0)
(0.110045 0.0276779 0)
(0.105485 0.0304711 0)
(0.0999511 0.03525 0)
(0.0952875 0.0485433 0)
(0.0811701 0.0587145 0)
(0.0739192 0.0951506 0)
(0.0304906 0.122213 0)
(-1.55019 0.253929 0)
(-1.82914 -0.114922 0)
(-2.03863 -0.102635 0)
(-1.97033 -0.088779 0)
(-1.91734 -0.0393477 0)
(-1.73979 -0.0259206 0)
(-1.59198 0.0117673 0)
(-1.6455 0.0863787 0)
(-1.84296 0.0124539 0)
(-1.88658 -0.00499782 0)
(-1.82989 -0.00449194 0)
(-1.80602 0.00122757 0)
(-1.80309 0.0022621 0)
(-1.81181 0.000494807 0)
(-1.8192 -0.00672406 0)
(-1.79871 -0.0260911 0)
(-1.66998 -0.0604165 0)
(-1.29202 -0.126262 0)
(-0.639088 -0.226042 0)
(-1.54016 1.16537 0)
(-1.41475 0.259338 0)
(-2.48542 0.156251 0)
(-3.0086 0.0696241 0)
(-2.20088 -0.100493 0)
(-1.05276 -0.154544 0)
(-0.807481 -0.0550965 0)
(-1.36791 0.0160034 0)
(-1.63375 0.0894292 0)
(-1.67628 -0.00170371 0)
(-1.60541 -0.0299936 0)
(-1.59071 -0.0126142 0)
(-1.59503 0.000264701 0)
(-1.59664 0.00621002 0)
(-1.58163 0.00118538 0)
(-1.51014 -0.03825 0)
(-1.35533 -0.155691 0)
(-0.956366 -0.312055 0)
(-0.532522 -0.601059 0)
(-1.71311 1.40281 0)
(0.867572 0.687976 0)
(-1.32046 0.385726 0)
(-0.981826 -0.22967 0)
(0.308126 -0.755953 0)
(0.386738 -0.569322 0)
(1.37794 0.163936 0)
(0.757231 0.488277 0)
(0.155579 0.147867 0)
(-0.0597227 0.0123842 0)
(-1.58505 -0.034126 0)
(-1.83979 -0.00506329 0)
(-1.8704 0.00448503 0)
(-1.78806 -0.00542056 0)
(-1.63525 -0.0438291 0)
(-1.52296 -0.123745 0)
(-1.47947 -0.293827 0)
(-0.906969 -0.473981 0)
(-0.367011 -0.852739 0)
(-1.82196 1.41635 0)
(1.56302 0.42096 0)
(-0.222057 0.60509 0)
(0.827367 -0.332707 0)
(0.5565 -0.775233 0)
(0.525755 -0.654139 0)
(0.816655 -0.26545 0)
(1.91693 0.421197 0)
(2.68798 0.44145 0)
(2.5881 0.677221 0)
(1.45391 0.732435 0)
(-0.946851 0.14852 0)
(-1.73533 -0.00745181 0)
(-2.38525 -0.0792185 0)
(-2.679 -0.0977403 0)
(-2.88407 -0.1041 0)
(-1.96141 -0.430592 0)
(-1.01695 -0.789461 0)
(-0.200987 -1.15371 0)
(-1.8226 1.41947 0)
(1.57488 0.170338 0)
(-0.406498 0.357997 0)
(1.21268 -0.36284 0)
(0.633661 -0.709889 0)
(0.583676 -0.672345 0)
(0.655726 -0.421482 0)
(1.15261 -0.18716 0)
(1.98855 -0.0762888 0)
(2.48417 0.5502 0)
(2.16481 1.46508 0)
(-0.187903 1.25285 0)
(-1.17247 0.602917 0)
(-1.56255 0.359302 0)
(-1.87295 0.135821 0)
(-2.13188 -0.433484 0)
(-1.48811 -1.00745 0)
(-0.719601 -1.23088 0)
(-0.0407062 -1.37007 0)
(-1.77957 1.4135 0)
(0.298559 0.352507 0)
(0.0757671 0.361353 0)
(1.22145 -0.394656 0)
(0.685279 -0.601346 0)
(0.625478 -0.66483 0)
(0.667475 -0.509782 0)
(0.924475 -0.217044 0)
(1.24988 -0.123607 0)
(1.73247 0.574763 0)
(1.79992 1.88132 0)
(-0.0183807 1.6594 0)
(-0.363315 0.624597 0)
(-0.417111 0.257401 0)
(-0.3355 0.178425 0)
(-0.466597 -0.270787 0)
(-0.724995 -1.03311 0)
(-0.526239 -1.42498 0)
(0.0454062 -1.48606 0)
(-1.11836 2.00955 0)
(1.5321 -0.595003 0)
(0.760831 -0.402837 0)
(0.89082 -0.418316 0)
(0.708586 -0.539761 0)
(0.642985 -0.662751 0)
(0.663555 -0.550363 0)
(0.853092 -0.421463 0)
(1.18718 -0.396024 0)
(1.37412 0.333164 0)
(1.33921 2.23383 0)
(0.1114 2.10925 0)
(-0.0640543 0.766634 0)
(-0.227633 0.327036 0)
(-0.072815 0.160643 0)
(0.288804 -0.262894 0)
(-0.191127 -0.932095 0)
(-0.38244 -1.5517 0)
(0.0783402 -1.5781 0)
(3.22071 0.595033 0)
(2.46408 0.379772 0)
(1.04158 0.26733 0)
(0.773956 -0.213323 0)
(0.707112 -0.501942 0)
(0.631631 -0.646096 0)
(0.66392 -0.600175 0)
(0.842358 -0.454555 0)
(1.07365 -0.357347 0)
(1.17328 0.510312 0)
(0.842411 2.42179 0)
(0.301932 2.28539 0)
(0.0377634 0.8102 0)
(-0.157226 0.276416 0)
(0.113458 -0.0233462 0)
(0.257012 -0.227855 0)
(0.409375 -0.741214 0)
(-0.196594 -1.53539 0)
(0.0881551 -1.62372 0)
(0.0132832 -0.0820338 0)
(0.03189 -0.0821354 0)
(0.0510191 -0.0784334 0)
(0.0715579 -0.0737391 0)
(0.0927518 -0.0677922 0)
(0.109679 -0.0629012 0)
(0.121679 -0.0515525 0)
(0.135853 -0.0438607 0)
(0.143364 -0.0315861 0)
(0.146116 -0.0160618 0)
(0.153739 -0.00451254 0)
(0.150867 0.00852399 0)
(0.151708 0.0210428 0)
(0.144076 0.0266136 0)
(0.140144 0.0303628 0)
(0.1255 0.0296478 0)
(0.117399 0.0274816 0)
(0.111854 0.02927 0)
(0.118427 0.0342857 0)
(0.117033 0.047676 0)
(0.138188 0.0579237 0)
(0.138961 0.0976573 0)
(0.179382 0.140637 0)
(0.0144384 -0.1037 0)
(0.0259905 -0.0995644 0)
(0.044818 -0.0971198 0)
(0.064025 -0.0934717 0)
(0.0853719 -0.0850698 0)
(0.101165 -0.0747682 0)
(0.118056 -0.0617877 0)
(0.137019 -0.0510242 0)
(0.147493 -0.0342551 0)
(0.158739 -0.0228183 0)
(0.169592 -0.0124836 0)
(0.165242 -0.000555258 0)
(0.167446 0.0120923 0)
(0.155837 0.0226487 0)
(0.142041 0.0388072 0)
(0.116997 0.05002 0)
(0.106922 0.0414533 0)
(0.107296 0.0296077 0)
(0.109068 0.0304016 0)
(0.110907 0.0286043 0)
(0.131576 0.0371143 0)
(0.143857 0.0524022 0)
(0.193075 0.0887537 0)
(0.000560708 -0.122296 0)
(0.000172794 -0.112275 0)
(-0.00312421 -0.116265 0)
(-0.00336324 -0.113991 0)
(-0.0128196 -0.104679 0)
(-0.02053 -0.0951193 0)
(-0.0475854 -0.0870405 0)
(-0.0719849 -0.0726974 0)
(-0.147266 -0.0527738 0)
(-0.178566 -0.0373052 0)
(-0.322516 -0.0103313 0)
(-0.118307 0.0106369 0)
(0.0286703 0.030492 0)
(0.077464 0.0521088 0)
(0.0994308 0.0693231 0)
(0.101288 0.0648785 0)
(0.127186 0.0373679 0)
(0.142686 0.0271902 0)
(0.131526 0.0308746 0)
(0.133582 0.0250101 0)
(0.146098 0.0249127 0)
(0.163874 0.0356798 0)
(0.203163 0.0651714 0)
(-0.00136624 -0.105145 0)
(-0.00811207 -0.0967921 0)
(-0.00378107 -0.0942406 0)
(-0.0173448 -0.0850019 0)
(-0.0122849 -0.0684646 0)
(-0.025149 -0.0415114 0)
(-0.0162185 -0.0108529 0)
(-0.0361248 0.0470041 0)
(-0.0209087 0.0724746 0)
(-0.049658 0.147603 0)
(-0.0300692 -0.0690701 0)
(-0.0702961 -0.353937 0)
(-0.0747909 -0.18361 0)
(-0.252966 -0.0480775 0)
(-0.0693354 0.0152876 0)
(-0.0515122 0.0222857 0)
(-0.0320305 -7.16045e-05 0)
(0.0202531 0.0252513 0)
(0.0677586 0.039709 0)
(0.112548 0.0139272 0)
(0.172384 0.00712862 0)
(0.191003 -0.00512856 0)
(0.214582 0.00160125 0)
(-0.00623711 -0.111543 0)
(-0.0115154 -0.108483 0)
(-0.0195523 -0.105698 0)
(-0.0270264 -0.103869 0)
(-0.0348056 -0.0954404 0)
(-0.0354023 -0.0893588 0)
(-0.0355283 -0.0742971 0)
(-0.0178258 -0.0660915 0)
(0.0145485 -0.0372323 0)
(0.0590071 -0.0264879 0)
(0.156981 0.0129128 0)
(0.045202 0.0512821 0)
(-0.0857487 0.211543 0)
(-0.113394 0.0464717 0)
(-0.116693 -0.133472 0)
(-0.0904178 0.0268916 0)
(-0.270111 -0.0350517 0)
(-0.268519 -0.0733021 0)
(-0.0938132 -0.0619567 0)
(-0.0548697 -0.0802007 0)
(0.0366051 -0.0538898 0)
(0.0821163 -0.00667805 0)
(0.153156 0.0130347 0)
(-0.000608509 -0.0881954 0)
(-0.0110565 -0.0844969 0)
(-0.0105936 -0.0794346 0)
(-0.0231074 -0.0709998 0)
(-0.0227771 -0.0607322 0)
(-0.0363672 -0.0423378 0)
(-0.034684 -0.029146 0)
(-0.0492732 -0.00495072 0)
(-0.0445619 -0.00515427 0)
(-0.0527063 0.00302975 0)
(-0.0433606 -0.0545904 0)
(-0.036675 -0.107873 0)
(0.00761419 -0.0207633 0)
(0.129377 -0.0175748 0)
(0.0592485 -0.0052002 0)
(0.0486281 0.173187 0)
(0.0640719 0.181586 0)
(0.0111881 -0.150842 0)
(-0.00215735 -0.176082 0)
(-0.103914 -0.11662 0)
(-0.202971 -0.13111 0)
(-0.290449 -0.122217 0)
(-0.204534 -0.138544 0)
(-0.00238839 -0.0986979 0)
(-0.0062977 -0.0972565 0)
(-0.0102692 -0.0924968 0)
(-0.012345 -0.0903766 0)
(-0.0140174 -0.0810412 0)
(-0.0120518 -0.0761758 0)
(-0.00585015 -0.0602394 0)
(0.0021514 -0.0552112 0)
(0.0212825 -0.0327415 0)
(0.0279642 -0.0276633 0)
(0.0511173 -0.0026947 0)
(0.00859243 -0.0014203 0)
(-0.00625082 0.043448 0)
(0.0140326 -0.00513969 0)
(0.000498428 -0.0524024 0)
(0.0249312 0.0211689 0)
(0.155587 0.00455733 0)
(0.189 -0.0100629 0)
(0.0888962 0.054672 0)
(0.0949506 0.118053 0)
(0.0460504 0.136393 0)
(0.0148621 -0.00954048 0)
(-0.0703367 -0.142662 0)
(0.000606802 -0.0801835 0)
(-0.00591589 -0.0774255 0)
(-0.00427574 -0.0739382 0)
(-0.010137 -0.0681804 0)
(-0.00819215 -0.0614534 0)
(-0.0138579 -0.0515013 0)
(-0.0101446 -0.0436593 0)
(-0.0135398 -0.0330082 0)
(-0.00926403 -0.0309894 0)
(-0.00681772 -0.0272273 0)
(-0.00392879 -0.0343729 0)
(0.00411845 -0.0494721 0)
(0.00747877 -0.0251299 0)
(0.0431819 -0.0241196 0)
(0.00517206 -0.0147919 0)
(0.0026736 0.0179863 0)
(0.0170471 0.0165401 0)
(0.00134353 -0.0801134 0)
(-0.00724715 -0.0804569 0)
(0.0270394 -0.0717642 0)
(0.0709473 -0.0482999 0)
(0.141499 -0.00485054 0)
(0.0892386 0.0527844 0)
(-0.000680238 -0.0924579 0)
(0.000540298 -0.0914125 0)
(0.000435039 -0.0874067 0)
(0.00226749 -0.0855259 0)
(0.00401991 -0.0765338 0)
(0.00725703 -0.0734291 0)
(0.0130349 -0.0599022 0)
(0.0182972 -0.0556333 0)
(0.0277543 -0.0390397 0)
(0.030515 -0.0331714 0)
(0.0393526 -0.0135877 0)
(0.0279761 -0.0136358 0)
(0.0234604 0.00391824 0)
(0.0223803 -0.00358835 0)
(0.018483 -0.0118055 0)
(0.0169237 0.00733045 0)
(0.0421452 0.00625963 0)
(0.0311212 0.0112076 0)
(-0.0159975 0.0294885 0)
(-0.0369578 0.0362167 0)
(-0.0752151 0.0223686 0)
(-0.0882242 -0.0306978 0)
(-0.100288 -0.0505854 0)
(0.00128666 -0.0805405 0)
(-8.80301e-05 -0.07913 0)
(0.00293978 -0.076046 0)
(0.00148695 -0.0723891 0)
(0.00481088 -0.0666762 0)
(0.00408947 -0.0610887 0)
(0.00756419 -0.0547519 0)
(0.00934258 -0.0481007 0)
(0.0120231 -0.0429706 0)
(0.0176263 -0.0387652 0)
(0.0200458 -0.0311634 0)
(0.0295658 -0.0328541 0)
(0.0268141 -0.0186482 0)
(0.0393911 -0.0182302 0)
(0.0246817 -0.0082566 0)
(0.0225691 -0.00436405 0)
(0.0148283 0.00325998 0)
(0.00553719 -0.0195919 0)
(-0.0102596 -0.0108872 0)
(-0.0132856 -0.0111102 0)
(-0.0332524 0.005083 0)
(-0.0516282 0.0198001 0)
(-0.120596 0.0389675 0)
(0.00150139 -0.0929897 0)
(0.00467991 -0.0923922 0)
(0.00807678 -0.0883721 0)
(0.0116827 -0.0867812 0)
(0.0161828 -0.078628 0)
(0.0206464 -0.0757248 0)
(0.0263909 -0.0647975 0)
(0.0317307 -0.059932 0)
(0.0378333 -0.0471706 0)
(0.0417448 -0.0414763 0)
(0.0472815 -0.0256287 0)
(0.0487419 -0.0211186 0)
(0.0499539 -0.0061687 0)
(0.0512485 -0.00249397 0)
(0.049365 0.00493716 0)
(0.0455978 0.0155325 0)
(0.0424507 0.023398 0)
(0.0296131 0.0342139 0)
(0.000309182 0.0488155 0)
(-0.0240724 0.0571934 0)
(-0.066373 0.0617085 0)
(-0.0996505 0.0557153 0)
(-0.14835 0.0508739 0)
(0.00247666 -0.0870396 0)
(0.00420214 -0.0860787 0)
(0.0092151 -0.0832677 0)
(0.011189 -0.0808607 0)
(0.0161834 -0.0757243 0)
(0.0191208 -0.0715686 0)
(0.023529 -0.0657458 0)
(0.0282551 -0.0596057 0)
(0.0314874 -0.0526616 0)
(0.0379337 -0.047939 0)
(0.0399368 -0.0375835 0)
(0.0487769 -0.0348441 0)
(0.047725 -0.0203784 0)
(0.057009 -0.0166331 0)
(0.0501131 -0.00165277 0)
(0.0522798 0.00389871 0)
(0.0423051 0.0203289 0)
(0.036655 0.0242166 0)
(0.0190285 0.044181 0)
(0.00868069 0.0567373 0)
(-0.0234018 0.0824228 0)
(-0.0530001 0.101642 0)
(-0.122672 0.128399 0)
(0.00300194 -0.0992393 0)
(0.00846075 -0.0987107 0)
(0.0148151 -0.0949726 0)
(0.0204575 -0.0934003 0)
(0.0271824 -0.0862625 0)
(0.0331817 -0.0828675 0)
(0.0397212 -0.0737608 0)
(0.0459859 -0.0679275 0)
(0.0519242 -0.0568313 0)
(0.0574292 -0.0502844 0)
(0.0615956 -0.0366202 0)
(0.0656614 -0.0296071 0)
(0.0665209 -0.0146483 0)
(0.069363 -0.00589512 0)
(0.066725 0.00948924 0)
(0.0655316 0.0220021 0)
(0.0577534 0.0390244 0)
(0.0495717 0.0559436 0)
(0.0305326 0.077113 0)
(0.0132405 0.0982403 0)
(-0.0181249 0.124204 0)
(-0.0486411 0.154506 0)
(-0.0993909 0.189246 0)
(0.00353598 -0.0986647 0)
(0.00811353 -0.0980882 0)
(0.0152648 -0.0953519 0)
(0.0200414 -0.0933955 0)
(0.0269339 -0.0884231 0)
(0.0326237 -0.0841765 0)
(0.0385877 -0.078373 0)
(0.0457317 -0.0717024 0)
(0.0504306 -0.0637427 0)
(0.0589629 -0.0572465 0)
(0.0616535 -0.045257 0)
(0.0711375 -0.0391086 0)
(0.0707056 -0.0233445 0)
(0.0794219 -0.01591 0)
(0.0751006 0.0030742 0)
(0.0803418 0.0140187 0)
(0.0718561 0.0373364 0)
(0.0711979 0.0527009 0)
(0.0563677 0.0817719 0)
(0.0484448 0.106395 0)
(0.0223351 0.145868 0)
(0.00257944 0.183219 0)
(-0.0398143 0.238813 0)
(0.0042171 -0.11066 0)
(0.0118126 -0.110231 0)
(0.0203788 -0.106698 0)
(0.0277555 -0.10493 0)
(0.0361733 -0.0987131 0)
(0.0438025 -0.0945077 0)
(0.0516363 -0.0868331 0)
(0.0594826 -0.0799531 0)
(0.0664056 -0.0701313 0)
(0.0744152 -0.0619385 0)
(0.0794096 -0.0489673 0)
(0.08749 -0.0393456 0)
(0.0896451 -0.0231707 0)
(0.097077 -0.0112101 0)
(0.0955707 0.00834839 0)
(0.100423 0.0241341 0)
(0.0949442 0.0480651 0)
(0.0953694 0.0702063 0)
(0.0840533 0.0999797 0)
(0.078306 0.131133 0)
(0.0601122 0.17052 0)
(0.0478776 0.215866 0)
(0.0213908 0.271603 0)
(0.00471833 -0.114737 0)
(0.0119924 -0.114313 0)
(0.0214431 -0.111278 0)
(0.0288301 -0.109218 0)
(0.0378053 -0.10436 0)
(0.0459582 -0.0995812 0)
(0.0540665 -0.0938159 0)
(0.0632997 -0.0862736 0)
(0.0701443 -0.0782902 0)
(0.0805771 -0.0698688 0)
(0.0854116 -0.0577834 0)
(0.096904 -0.0487627 0)
(0.0990578 -0.0322218 0)
(0.111028 -0.0210668 0)
(0.109873 0.00058498 0)
(0.120885 0.0155565 0)
(0.11609 0.0433725 0)
(0.124259 0.0645838 0)
(0.115564 0.09996 0)
(0.118923 0.13126 0)
(0.105235 0.177583 0)
(0.102919 0.222606 0)
(0.0844765 0.284557 0)
(0.00542072 -0.127306 0)
(0.0148038 -0.126918 0)
(0.0256851 -0.123487 0)
(0.0349579 -0.121314 0)
(0.0453968 -0.115845 0)
(0.0549374 -0.110897 0)
(0.0648195 -0.104251 0)
(0.0746431 -0.0963195 0)
(0.0837026 -0.0875577 0)
(0.0940979 -0.0776939 0)
(0.101606 -0.0655052 0)
(0.1131 -0.0536898 0)
(0.118146 -0.0375458 0)
(0.13053 -0.0229144 0)
(0.132249 -0.00175544 0)
(0.144973 0.0168869 0)
(0.143215 0.0445003 0)
(0.155081 0.069617 0)
(0.149957 0.105235 0)
(0.159956 0.140355 0)
(0.15178 0.186611 0)
(0.160289 0.235631 0)
(0.149435 0.297059 0)
(0.00582353 -0.134914 0)
(0.0156369 -0.134544 0)
(0.0273007 -0.131338 0)
(0.0372012 -0.128863 0)
(0.0483573 -0.12417 0)
(0.0588659 -0.118865 0)
(0.0694874 -0.11325 0)
(0.0807231 -0.104912 0)
(0.0904891 -0.0973475 0)
(0.102842 -0.0874033 0)
(0.111179 -0.0762467 0)
(0.125132 -0.0648125 0)
(0.131546 -0.0489622 0)
(0.147252 -0.0345745 0)
(0.150848 -0.0130239 0)
(0.168287 0.00525302 0)
(0.168661 0.0342225 0)
(0.186893 0.0585497 0)
(0.184526 0.0961321 0)
(0.202663 0.130143 0)
(0.198635 0.178344 0)
(0.217301 0.225593 0)
(0.212768 0.286586 0)
(0.0063042 -0.148842 0)
(0.0171887 -0.148499 0)
(0.029807 -0.145135 0)
(0.040964 -0.142525 0)
(0.0533412 -0.137636 0)
(0.0650677 -0.132267 0)
(0.0774404 -0.126291 0)
(0.0895898 -0.117687 0)
(0.101908 -0.109916 0)
(0.114906 -0.0989085 0)
(0.126343 -0.0880785 0)
(0.140799 -0.0747604 0)
(0.150669 -0.0599668 0)
(0.167001 -0.0430946 0)
(0.174496 -0.0230764 0)
(0.193472 -0.00195006 0)
(0.198085 0.0256546 0)
(0.219502 0.0526193 0)
(0.221696 0.0892889 0)
(0.244984 0.125069 0)
(0.246642 0.171859 0)
(0.272331 0.220337 0)
(0.275286 0.278781 0)
(0.006631 -0.158281 0)
(0.0174091 -0.157932 0)
(0.030394 -0.154953 0)
(0.0420057 -0.152255 0)
(0.0548511 -0.148058 0)
(0.0674026 -0.142768 0)
(0.0805247 -0.137479 0)
(0.0939761 -0.129107 0)
(0.107488 -0.122275 0)
(0.12225 -0.111479 0)
(0.135538 -0.10164 0)
(0.152256 -0.0887045 0)
(0.164947 -0.0745373 0)
(0.183885 -0.0579273 0)
(0.19531 -0.0387281 0)
(0.217395 -0.0178693 0)
(0.226469 0.00909377 0)
(0.252108 0.0353824 0)
(0.25927 0.071639 0)
(0.287391 0.10561 0)
(0.295116 0.151993 0)
(0.325454 0.197336 0)
(0.336899 0.254063 0)
(0.00683697 -0.173079 0)
(0.0175282 -0.172484 0)
(0.0306415 -0.169936 0)
(0.0426408 -0.16725 0)
(0.0558861 -0.163273 0)
(0.0689544 -0.15828 0)
(0.0831251 -0.153157 0)
(0.0973761 -0.14509 0)
(0.112923 -0.138536 0)
(0.128582 -0.127522 0)
(0.144984 -0.118476 0)
(0.162723 -0.10487 0)
(0.179349 -0.0920103 0)
(0.19964 -0.074298 0)
(0.216067 -0.0569886 0)
(0.239677 -0.0340921 0)
(0.254658 -0.00940555 0)
(0.28249 0.0187078 0)
(0.295691 0.0537205 0)
(0.327146 0.088045 0)
(0.340843 0.133521 0)
(0.374273 0.177398 0)
(0.391795 0.232515 0)
(0.00651106 -0.18243 0)
(0.0162562 -0.181528 0)
(0.028707 -0.179825 0)
(0.040112 -0.177277 0)
(0.0528725 -0.174094 0)
(0.0659163 -0.16975 0)
(0.0800902 -0.165574 0)
(0.0950498 -0.158599 0)
(0.11142 -0.153096 0)
(0.128642 -0.14318 0)
(0.147044 -0.135329 0)
(0.166995 -0.122665 0)
(0.186928 -0.11093 0)
(0.209979 -0.0942256 0)
(0.231352 -0.0781553 0)
(0.257999 -0.0560756 0)
(0.279709 -0.0330056 0)
(0.311085 -0.00535948 0)
(0.331859 0.0277983 0)
(0.368585 0.0606597 0)
(0.389407 0.10569 0)
(0.427507 0.146543 0)
(0.451691 0.200405 0)
(0.00600157 -0.19615 0)
(0.0153491 -0.195003 0)
(0.0270101 -0.194103 0)
(0.0377645 -0.191783 0)
(0.0498593 -0.189422 0)
(0.0622519 -0.185932 0)
(0.075955 -0.18269 0)
(0.0903472 -0.176943 0)
(0.106718 -0.172593 0)
(0.123746 -0.163768 0)
(0.143292 -0.157349 0)
(0.163767 -0.14548 0)
(0.186547 -0.135554 0)
(0.211143 -0.119548 0)
(0.2375 -0.105581 0)
(0.266669 -0.0833747 0)
(0.295455 -0.0630267 0)
(0.330422 -0.0344733 0)
(0.359321 -0.00422995 0)
(0.400588 0.0293622 0)
(0.428094 0.0742306 0)
(0.471937 0.113989 0)
(0.501527 0.168012 0)
(0.00480436 -0.203449 0)
(0.0130177 -0.202215 0)
(0.0227512 -0.201893 0)
(0.0320065 -0.199798 0)
(0.0425428 -0.198208 0)
(0.0537084 -0.195496 0)
(0.0661228 -0.193265 0)
(0.0798545 -0.188987 0)
(0.095404 -0.186062 0)
(0.112654 -0.179356 0)
(0.132564 -0.174902 0)
(0.154523 -0.165514 0)
(0.179448 -0.157855 0)
(0.206976 -0.144791 0)
(0.237496 -0.133231 0)
(0.270549 -0.113706 0)
(0.306249 -0.0962958 0)
(0.34564 -0.0690245 0)
(0.384034 -0.0418495 0)
(0.431052 -0.0080964 0)
(0.467908 0.0349268 0)
(0.520487 0.0729915 0)
(0.558071 0.128185 0)
(0.00412692 -0.214367 0)
(0.0118957 -0.213363 0)
(0.0204993 -0.213493 0)
(0.0288442 -0.212025 0)
(0.038279 -0.211559 0)
(0.0481912 -0.21003 0)
(0.0592972 -0.20933 0)
(0.0715882 -0.206832 0)
(0.0856932 -0.20596 0)
(0.10148 -0.201636 0)
(0.120125 -0.19986 0)
(0.140778 -0.193166 0)
(0.165194 -0.18872 0)
(0.192392 -0.178478 0)
(0.223891 -0.169912 0)
(0.258148 -0.153066 0)
(0.297547 -0.138877 0)
(0.339651 -0.113263 0)
(0.3858 -0.0903165 0)
(0.437568 -0.0556108 0)
(0.484354 -0.015701 0)
(0.545688 0.0226681 0)
(0.591281 0.0800959 0)
(0.00289839 -0.219017 0)
(0.0088978 -0.218147 0)
(0.0150625 -0.218374 0)
(0.0215411 -0.217134 0)
(0.0287719 -0.217066 0)
(0.0368275 -0.21605 0)
(0.0458725 -0.216139 0)
(0.0565873 -0.214893 0)
(0.0688612 -0.215401 0)
(0.0836056 -0.213284 0)
(0.100972 -0.213648 0)
(0.121425 -0.2101 0)
(0.145656 -0.208955 0)
(0.17366 -0.203069 0)
(0.206346 -0.198558 0)
(0.243358 -0.187052 0)
(0.286504 -0.177495 0)
(0.333435 -0.157125 0)
(0.387326 -0.139569 0)
(0.444733 -0.10674 0)
(0.504118 -0.0729945 0)
(0.575282 -0.0343259 0)
(0.632916 0.0245104 0)
(0.00249836 -0.226637 0)
(0.00792936 -0.226014 0)
(0.0132312 -0.226609 0)
(0.0189039 -0.226252 0)
(0.0250619 -0.227351 0)
(0.0320643 -0.227718 0)
(0.0398478 -0.229662 0)
(0.0492982 -0.230514 0)
(0.0599757 -0.233647 0)
(0.0731223 -0.234568 0)
(0.0884387 -0.238455 0)
(0.106902 -0.238791 0)
(0.128846 -0.241833 0)
(0.15465 -0.240199 0)
(0.184966 -0.240551 0)
(0.220081 -0.234305 0)
(0.261677 -0.229926 0)
(0.308247 -0.215172 0)
(0.363513 -0.202567 0)
(0.422949 -0.173491 0)
(0.49042 -0.147059 0)
(0.567335 -0.107299 0)
(0.636558 -0.0486276 0)
(0.0014669 -0.228875 0)
(0.00494667 -0.228326 0)
(0.00813698 -0.228772 0)
(0.011966 -0.228409 0)
(0.0159442 -0.229623 0)
(0.021052 -0.230255 0)
(0.0265226 -0.232721 0)
(0.0339917 -0.234399 0)
(0.0422177 -0.238515 0)
(0.0533258 -0.241083 0)
(0.0660973 -0.246674 0)
(0.0826287 -0.249833 0)
(0.102354 -0.255957 0)
(0.127088 -0.258572 0)
(0.156772 -0.263348 0)
(0.192803 -0.263305 0)
(0.235367 -0.265231 0)
(0.284613 -0.25876 0)
(0.3432 -0.254146 0)
(0.407816 -0.233776 0)
(0.483844 -0.21755 0)
(0.56633 -0.180986 0)
(0.64903 -0.12719 0)
(0.00119504 -0.233596 0)
(0.00423313 -0.23324 0)
(0.00673882 -0.234169 0)
(0.00999273 -0.234647 0)
(0.0131365 -0.237012 0)
(0.0176006 -0.23896 0)
(0.0220912 -0.243255 0)
(0.0287872 -0.246996 0)
(0.0357557 -0.253756 0)
(0.0458361 -0.259399 0)
(0.0568641 -0.268689 0)
(0.0718434 -0.276183 0)
(0.0889363 -0.287395 0)
(0.110958 -0.295919 0)
(0.136704 -0.307496 0)
(0.169112 -0.314296 0)
(0.207422 -0.32301 0)
(0.253487 -0.32438 0)
(0.308716 -0.327014 0)
(0.372367 -0.315396 0)
(0.450036 -0.306735 0)
(0.533787 -0.273619 0)
(0.626529 -0.227615 0)
(0.000303275 -0.233629 0)
(0.00169567 -0.233206 0)
(0.00243299 -0.233843 0)
(0.00408392 -0.234132 0)
(0.00524209 -0.236503 0)
(0.00789092 -0.238498 0)
(0.0100368 -0.24311 0)
(0.0145389 -0.247287 0)
(0.0186427 -0.254669 0)
(0.0260353 -0.26133 0)
(0.0336114 -0.271676 0)
(0.0454195 -0.280959 0)
(0.0586034 -0.293973 0)
(0.0772015 -0.305354 0)
(0.0990902 -0.320401 0)
(0.128421 -0.333132 0)
(0.164693 -0.348706 0)
(0.21148 -0.359483 0)
(0.268683 -0.372555 0)
(0.33719 -0.375061 0)
(0.420208 -0.379132 0)
(0.511941 -0.35798 0)
(0.620198 -0.32871 0)
(0.000129472 -0.236221 0)
(0.00114835 -0.236009 0)
(0.00143337 -0.237189 0)
(0.00270379 -0.238141 0)
(0.00333434 -0.241497 0)
(0.00549683 -0.24453 0)
(0.00688789 -0.250674 0)
(0.0106794 -0.256521 0)
(0.0135396 -0.266169 0)
(0.0198352 -0.275487 0)
(0.0253646 -0.289191 0)
(0.0354842 -0.302547 0)
(0.0455379 -0.320548 0)
(0.0615591 -0.338058 0)
(0.0790366 -0.360354 0)
(0.104234 -0.381803 0)
(0.133422 -0.407898 0)
(0.173063 -0.430361 0)
(0.221129 -0.454551 0)
(0.282676 -0.468697 0)
(0.359464 -0.48316 0)
(0.450212 -0.474966 0)
(0.567334 -0.46285 0)
(-0.000641867 -0.234117 0)
(-0.00111341 -0.233723 0)
(-0.00236433 -0.234579 0)
(-0.00269094 -0.235215 0)
(-0.00387164 -0.238411 0)
(-0.00371951 -0.241168 0)
(-0.00463784 -0.247305 0)
(-0.00352479 -0.252954 0)
(-0.00375888 -0.262691 0)
(-0.00104012 -0.27203 0)
(0.000161143 -0.286006 0)
(0.00557352 -0.299836 0)
(0.00960675 -0.318524 0)
(0.0195992 -0.337379 0)
(0.0291839 -0.361373 0)
(0.0473671 -0.385932 0)
(0.0679755 -0.415804 0)
(0.101237 -0.445746 0)
(0.143106 -0.480843 0)
(0.204414 -0.512683 0)
(0.282804 -0.546263 0)
(0.381308 -0.566159 0)
(0.511258 -0.58202 0)
(-0.000738991 -0.235203 0)
(-0.00151484 -0.235042 0)
(-0.00300179 -0.236371 0)
(-0.00367674 -0.237454 0)
(-0.00516658 -0.241296 0)
(-0.00564491 -0.2447 0)
(-0.00715966 -0.251808 0)
(-0.00717426 -0.258505 0)
(-0.00863773 -0.269759 0)
(-0.0078413 -0.280747 0)
(-0.00905286 -0.297146 0)
(-0.00677285 -0.313636 0)
(-0.00702025 -0.336221 0)
(-0.00179038 -0.359652 0)
(0.000840636 -0.390151 0)
(0.0120866 -0.423035 0)
(0.0222541 -0.464219 0)
(0.0458107 -0.508289 0)
(0.0719269 -0.560419 0)
(0.116474 -0.611071 0)
(0.169962 -0.662571 0)
(0.249302 -0.705419 0)
(0.361487 -0.744485 0)
(-0.00143897 -0.230924 0)
(-0.00360584 -0.230518 0)
(-0.00656914 -0.23143 0)
(-0.00892785 -0.232053 0)
(-0.0121655 -0.235354 0)
(-0.0148146 -0.238071 0)
(-0.0186216 -0.244534 0)
(-0.0216325 -0.25022 0)
(-0.0261809 -0.260581 0)
(-0.029491 -0.270154 0)
(-0.0350526 -0.285363 0)
(-0.0388513 -0.300142 0)
(-0.0456892 -0.321478 0)
(-0.0498451 -0.343198 0)
(-0.0576872 -0.372889 0)
(-0.0607276 -0.404972 0)
(-0.066748 -0.446901 0)
(-0.0633577 -0.492834 0)
(-0.059876 -0.548962 0)
(-0.038218 -0.608584 0)
(-0.00875088 -0.677549 0)
(0.0550675 -0.757074 0)
(0.129538 -0.839443 0)
(-0.00138874 -0.231051 0)
(-0.003571 -0.230826 0)
(-0.00645966 -0.231978 0)
(-0.00893528 -0.232859 0)
(-0.0122997 -0.236434 0)
(-0.0154373 -0.239393 0)
(-0.0198315 -0.246165 0)
(-0.0241326 -0.2523 0)
(-0.0302084 -0.263267 0)
(-0.0361834 -0.273496 0)
(-0.0445917 -0.289416 0)
(-0.0530301 -0.304961 0)
(-0.0653539 -0.327181 0)
(-0.0777955 -0.35002 0)
(-0.0956716 -0.381602 0)
(-0.112843 -0.416812 0)
(-0.136705 -0.464365 0)
(-0.158181 -0.518517 0)
(-0.187579 -0.588707 0)
(-0.214408 -0.66566 0)
(-0.252572 -0.758975 0)
(-0.282564 -0.846141 0)
(-0.306111 -0.934965 0)
(-0.0020031 -0.224836 0)
(-0.00548415 -0.224308 0)
(-0.00975083 -0.22487 0)
(-0.0137496 -0.224986 0)
(-0.0187386 -0.22751 0)
(-0.0236743 -0.229146 0)
(-0.029981 -0.234271 0)
(-0.036473 -0.238214 0)
(-0.0451061 -0.246672 0)
(-0.0543189 -0.253838 0)
(-0.0666921 -0.266272 0)
(-0.0801049 -0.277046 0)
(-0.0988718 -0.294013 0)
(-0.119942 -0.310056 0)
(-0.149505 -0.334665 0)
(-0.183147 -0.36054 0)
(-0.229715 -0.397952 0)
(-0.284325 -0.437946 0)
(-0.358095 -0.48887 0)
(-0.449596 -0.539368 0)
(-0.551715 -0.605525 0)
(-0.642839 -0.700943 0)
(-0.670651 -0.879976 0)
(-0.00164294 -0.224666 0)
(-0.00449799 -0.224205 0)
(-0.00810198 -0.224869 0)
(-0.0115627 -0.225112 0)
(-0.0160778 -0.227801 0)
(-0.0207223 -0.229593 0)
(-0.0269225 -0.234873 0)
(-0.0336657 -0.2389 0)
(-0.0429212 -0.247205 0)
(-0.0535669 -0.25399 0)
(-0.0685681 -0.265768 0)
(-0.0864405 -0.275284 0)
(-0.111141 -0.289868 0)
(-0.141339 -0.302329 0)
(-0.18216 -0.321242 0)
(-0.233305 -0.339932 0)
(-0.304299 -0.366221 0)
(-0.395031 -0.393734 0)
(-0.520909 -0.426403 0)
(-0.678531 -0.475494 0)
(-0.839653 -0.569398 0)
(-0.948275 -0.729261 0)
(-0.919961 -0.996338 0)
(-0.00223883 -0.217332 0)
(-0.00630771 -0.216469 0)
(-0.0111867 -0.216352 0)
(-0.0159798 -0.215498 0)
(-0.0219266 -0.216695 0)
(-0.0281504 -0.216545 0)
(-0.0360399 -0.21935 0)
(-0.0447445 -0.220093 0)
(-0.0560521 -0.224341 0)
(-0.0690847 -0.225568 0)
(-0.0864215 -0.230365 0)
(-0.107371 -0.2312 0)
(-0.135217 -0.235333 0)
(-0.170089 -0.234945 0)
(-0.217839 -0.238186 0)
(-0.278199 -0.233352 0)
(-0.364828 -0.23102 0)
(-0.477188 -0.214968 0)
(-0.641523 -0.199598 0)
(-0.835859 -0.212987 0)
(-1.00235 -0.329049 0)
(-1.09148 -0.615616 0)
(-1.04981 -1.01264 0)
(-0.00157416 -0.217493 0)
(-0.00433061 -0.21666 0)
(-0.00775892 -0.216647 0)
(-0.0111114 -0.215926 0)
(-0.0155062 -0.217273 0)
(-0.0202236 -0.217306 0)
(-0.0264801 -0.220233 0)
(-0.0336781 -0.221116 0)
(-0.0432838 -0.225261 0)
(-0.0549193 -0.226376 0)
(-0.0706063 -0.230456 0)
(-0.0903387 -0.229869 0)
(-0.117948 -0.230823 0)
(-0.153714 -0.223765 0)
(-0.206382 -0.217291 0)
(-0.276766 -0.197343 0)
(-0.377808 -0.171337 0)
(-0.511577 -0.121373 0)
(-0.69198 -0.0710554 0)
(-0.937797 -0.119578 0)
(-1.18376 -0.319052 0)
(-1.25113 -0.687702 0)
(-1.17486 -1.11453 0)
(-0.00226998 -0.209783 0)
(-0.00638089 -0.20861 0)
(-0.011219 -0.207813 0)
(-0.0160663 -0.205901 0)
(-0.0220352 -0.205563 0)
(-0.0284999 -0.203389 0)
(-0.0366336 -0.203446 0)
(-0.0459413 -0.200597 0)
(-0.0578312 -0.200018 0)
(-0.0720264 -0.194835 0)
(-0.0905315 -0.190983 0)
(-0.113443 -0.179483 0)
(-0.14419 -0.166826 0)
(-0.183233 -0.140863 0)
(-0.237062 -0.108773 0)
(-0.306149 -0.0550056 0)
(-0.403802 0.0109497 0)
(-0.522856 0.107267 0)
(-0.713208 0.234108 0)
(-0.94155 0.289915 0)
(-1.20891 -0.00774678 0)
(-1.29236 -0.616563 0)
(-1.24215 -1.13759 0)
(-0.00132385 -0.210551 0)
(-0.00370462 -0.209458 0)
(-0.00666943 -0.208777 0)
(-0.00962612 -0.207046 0)
(-0.0134702 -0.20691 0)
(-0.017698 -0.204994 0)
(-0.0232261 -0.205284 0)
(-0.0297379 -0.20273 0)
(-0.0381776 -0.202285 0)
(-0.0485461 -0.1972 0)
(-0.0620655 -0.193007 0)
(-0.0791312 -0.1806 0)
(-0.102321 -0.166111 0)
(-0.132894 -0.13612 0)
(-0.17842 -0.100558 0)
(-0.245825 -0.0358799 0)
(-0.367033 0.0389383 0)
(-0.592076 0.184815 0)
(-0.973868 0.341544 0)
(-1.27427 0.372977 0)
(-1.47153 0.0245216 0)
(-1.40067 -0.661453 0)
(-1.35753 -1.1758 0)
(-0.00254777 -0.202767 0)
(-0.00747526 -0.201237 0)
(-0.013054 -0.199771 0)
(-0.0188621 -0.196856 0)
(-0.0257736 -0.195055 0)
(-0.0334412 -0.190977 0)
(-0.0427797 -0.188446 0)
(-0.0535779 -0.182357 0)
(-0.0668473 -0.177473 0)
(-0.0825525 -0.166778 0)
(-0.10194 -0.155562 0)
(-0.125397 -0.133921 0)
(-0.154523 -0.106745 0)
(-0.191916 -0.0581052 0)
(-0.239837 0.0123043 0)
(-0.314498 0.141814 0)
(-0.425975 0.367913 0)
(-0.657677 0.723993 0)
(-0.974799 0.929283 0)
(-1.26464 0.80111 0)
(-1.41601 0.120576 0)
(-1.37405 -0.719772 0)
(-1.36251 -1.21548 0)
(0.169567 0.141166 0)
(0.0761469 0.151119 0)
(0.0681077 0.143863 0)
(-0.0216281 0.112534 0)
(0.212126 0.0714973 0)
(0.227548 0.0655057 0)
(0.247425 0.0626625 0)
(0.258279 0.0429059 0)
(0.238382 0.0808189 0)
(0.251817 0.0765836 0)
(0.276484 0.0775253 0)
(0.291069 0.0672782 0)
(0.235694 -0.00540856 0)
(0.256497 -0.0147511 0)
(0.275814 -0.0219233 0)
(0.298338 -0.0325169 0)
(0.203205 0.00742012 0)
(0.246123 -0.00778941 0)
(0.28787 -0.0114816 0)
(0.316416 -0.0187134 0)
(-0.150715 -0.164545 0)
(-0.172126 -0.194334 0)
(-0.145141 -0.169595 0)
(-0.132599 -0.133496 0)
(-0.144762 -0.036619 0)
(-0.224891 -0.00553725 0)
(-0.299158 -0.123904 0)
(-0.384418 -0.267324 0)
(0.061397 0.1024 0)
(0.065009 0.14698 0)
(0.0578816 0.161907 0)
(-0.00265234 0.192754 0)
(-0.0790489 -0.0111013 0)
(-0.0687159 0.00400885 0)
(-0.0275904 0.0212126 0)
(-0.0251825 0.0573511 0)
(-0.143394 0.0449367 0)
(-0.163913 0.0451671 0)
(-0.16827 0.0582674 0)
(-0.184144 0.0707214 0)
(-0.176739 0.0626579 0)
(-0.206906 0.0592752 0)
(-0.224672 0.0658555 0)
(-0.25689 0.0671615 0)
(-0.172209 0.143486 0)
(-0.218703 0.151163 0)
(-0.261341 0.157734 0)
(-0.319187 0.166576 0)
(-0.141747 0.228416 0)
(-0.182135 0.250417 0)
(-0.219065 0.280108 0)
(-0.27651 0.311289 0)
(-0.068531 0.284294 0)
(-0.0956737 0.319469 0)
(-0.120005 0.353329 0)
(-0.154553 0.393299 0)
(0.00831912 0.323451 0)
(-0.00710561 0.362186 0)
(-0.0152627 0.402739 0)
(-0.0340913 0.450273 0)
(0.0795153 0.334064 0)
(0.0709361 0.372141 0)
(0.0695699 0.408913 0)
(0.0605564 0.452404 0)
(0.156761 0.346729 0)
(0.153041 0.384362 0)
(0.159768 0.42261 0)
(0.156411 0.464594 0)
(0.22949 0.331983 0)
(0.229537 0.367543 0)
(0.242745 0.401504 0)
(0.243945 0.439053 0)
(0.297743 0.322156 0)
(0.301739 0.356764 0)
(0.318427 0.390056 0)
(0.32375 0.426457 0)
(0.362277 0.292942 0)
(0.370159 0.325105 0)
(0.389023 0.354774 0)
(0.398845 0.388894 0)
(0.418926 0.269528 0)
(0.428475 0.30012 0)
(0.447845 0.32785 0)
(0.458618 0.36049 0)
(0.481097 0.235661 0)
(0.492958 0.264865 0)
(0.513332 0.29073 0)
(0.525952 0.321995 0)
(0.533294 0.203119 0)
(0.546614 0.23188 0)
(0.567461 0.256768 0)
(0.5804 0.28684 0)
(0.594868 0.163799 0)
(0.611371 0.193353 0)
(0.634651 0.218719 0)
(0.649823 0.249582 0)
(0.634212 0.116784 0)
(0.654379 0.147813 0)
(0.681015 0.174135 0)
(0.699287 0.206346 0)
(0.684873 0.0618939 0)
(0.710488 0.0949066 0)
(0.742603 0.122791 0)
(0.765926 0.157747 0)
(0.697104 -0.00950596 0)
(0.729175 0.0257483 0)
(0.768373 0.0554349 0)
(0.798355 0.0939552 0)
(0.719244 -0.0893901 0)
(0.760996 -0.0557777 0)
(0.808202 -0.0249377 0)
(0.84696 0.0165597 0)
(0.706093 -0.194661 0)
(0.756041 -0.162803 0)
(0.808269 -0.127944 0)
(0.855852 -0.0841292 0)
(0.712584 -0.304442 0)
(0.769596 -0.272546 0)
(0.829353 -0.237802 0)
(0.888901 -0.195992 0)
(0.666941 -0.44228 0)
(0.729347 -0.4106 0)
(0.80022 -0.381966 0)
(0.871266 -0.340129 0)
(0.621303 -0.573152 0)
(0.697568 -0.555522 0)
(0.784341 -0.54045 0)
(0.870719 -0.504202 0)
(0.468052 -0.754832 0)
(0.5496 -0.757001 0)
(0.641524 -0.750523 0)
(0.740389 -0.727484 0)
(0.213328 -0.891673 0)
(0.281144 -0.924221 0)
(0.35534 -0.947146 0)
(0.441523 -0.957639 0)
(-0.257962 -1.01436 0)
(-0.210837 -1.05877 0)
(-0.152793 -1.09148 0)
(-0.0816967 -1.11106 0)
(-0.606869 -1.05688 0)
(-0.560139 -1.14772 0)
(-0.49463 -1.22212 0)
(-0.42417 -1.28668 0)
(-0.841966 -1.20087 0)
(-0.792721 -1.29766 0)
(-0.729444 -1.38012 0)
(-0.668486 -1.44799 0)
(-0.995721 -1.26766 0)
(-0.952911 -1.38697 0)
(-0.908477 -1.48752 0)
(-0.862097 -1.5641 0)
(-1.13668 -1.36819 0)
(-1.09643 -1.48176 0)
(-1.07188 -1.57459 0)
(-1.03774 -1.63869 0)
(-1.23651 -1.40462 0)
(-1.21106 -1.5229 0)
(-1.20284 -1.61347 0)
(-1.18097 -1.67733 0)
(-1.33217 -1.43431 0)
(-1.31493 -1.55237 0)
(-1.30396 -1.64008 0)
(-1.28873 -1.70021 0)
(-1.34593 -1.47211 0)
(-1.33834 -1.58385 0)
(-1.33157 -1.66849 0)
(-1.3235 -1.7246 0)
(0.00793789 0.154097 0)
(0.24946 0.199817 0)
(0.630169 0.0515957 0)
(0.65402 -0.196292 0)
(0.639487 -0.466169 0)
(0.571682 -0.642347 0)
(0.591063 -0.665797 0)
(0.719028 -0.655871 0)
(0.959113 -0.611091 0)
(0.991525 0.503228 0)
(0.535592 2.7058 0)
(0.25743 2.5205 0)
(-0.0214257 1.05372 0)
(-0.191522 0.293215 0)
(0.0493678 -1.84242e-05 0)
(0.106646 -0.470328 0)
(0.39688 -0.733509 0)
(0.0225966 -1.3155 0)
(0.0890189 -1.63256 0)
(0.275896 0.0697848 0)
(0.364448 0.0343143 0)
(0.488112 -0.0486344 0)
(0.52108 -0.224235 0)
(0.540386 -0.441159 0)
(0.443424 -0.604041 0)
(0.439387 -0.714455 0)
(0.472634 -0.714933 0)
(0.716573 -0.530664 0)
(0.45648 0.876602 0)
(0.0317066 2.99049 0)
(-0.0627312 2.71179 0)
(-0.161774 1.16431 0)
(-0.199881 0.219571 0)
(0.105284 -0.27103 0)
(0.227327 -0.445559 0)
(0.156474 -0.654395 0)
(0.143859 -1.31592 0)
(0.0728476 -1.52209 0)
(0.326949 0.0518753 0)
(0.374628 0.00744477 0)
(0.420177 -0.0910002 0)
(0.428123 -0.243008 0)
(0.389082 -0.397314 0)
(0.278704 -0.551245 0)
(0.220911 -0.693606 0)
(0.197119 -0.879528 0)
(0.756536 -0.576844 0)
(0.0608555 1.19557 0)
(-0.260496 3.19648 0)
(-0.0591585 2.70121 0)
(-0.00282648 1.19622 0)
(0.101736 0.0622165 0)
(0.239489 -0.370027 0)
(0.201834 -0.504385 0)
(0.236238 -0.63244 0)
(0.138417 -1.23322 0)
(0.0630257 -1.43453 0)
(0.329131 -0.020068 0)
(0.360564 -0.0499476 0)
(0.379217 -0.0983685 0)
(0.340196 -0.195282 0)
(0.264807 -0.307341 0)
(0.143683 -0.452538 0)
(-0.00726628 -0.638121 0)
(-0.0697354 -1.20252 0)
(0.139654 -0.428732 0)
(-0.557711 1.81196 0)
(-0.40939 3.08898 0)
(-0.0795697 2.49381 0)
(0.223216 1.04509 0)
(0.340931 0.0150446 0)
(0.376464 -0.336383 0)
(0.286382 -0.42885 0)
(0.234376 -0.579707 0)
(0.172193 -1.14706 0)
(0.0417919 -1.3405 0)
(0.349639 -0.0151161 0)
(0.360551 -0.0368136 0)
(0.325091 -0.0723627 0)
(0.260311 -0.138368 0)
(0.159423 -0.221022 0)
(0.0270002 -0.305391 0)
(-0.176827 -0.492611 0)
(-0.398674 -0.998904 0)
(-0.73377 -0.0865609 0)
(-0.687922 1.74736 0)
(-0.372662 2.77383 0)
(0.13453 2.1589 0)
(0.568232 0.822766 0)
(0.595939 -0.0512929 0)
(0.546449 -0.311718 0)
(0.318391 -0.35536 0)
(0.233198 -0.512686 0)
(0.195604 -1.06018 0)
(0.0426769 -1.2412 0)
(0.0566375 -0.0726027 0)
(0.175147 -0.0278572 0)
(0.25212 -0.00796233 0)
(0.188738 -0.0446623 0)
(0.109015 -0.0969987 0)
(-0.0528833 -0.148902 0)
(-0.198489 -0.257026 0)
(-0.6448 -0.664744 0)
(-0.874735 -0.198952 0)
(-0.823421 1.51481 0)
(-0.336753 2.34356 0)
(0.373689 1.65924 0)
(0.776717 0.652053 0)
(0.759952 0.0480448 0)
(0.50409 -0.0653948 0)
(0.259055 -0.130699 0)
(0.263615 -0.453233 0)
(0.215526 -0.974225 0)
(0.0535594 -1.12529 0)
(-0.483966 -0.365093 0)
(-0.601872 -0.214432 0)
(-0.431065 -0.0809979 0)
(-0.221229 -0.00928598 0)
(-0.0196217 -0.0024196 0)
(-0.126682 -0.0279209 0)
(-0.208303 0.0394766 0)
(-0.652335 -0.397384 0)
(-1.18001 0.112465 0)
(-0.364208 1.2954 0)
(-0.118518 1.68088 0)
(0.561317 1.19427 0)
(0.860823 0.468319 0)
(0.684832 0.229761 0)
(0.617244 0.147817 0)
(0.2236 -0.111488 0)
(0.342776 -0.455432 0)
(0.251872 -0.868918 0)
(0.0881621 -0.998401 0)
(-0.159365 0.148398 0)
(-0.453141 -0.0697653 0)
(-0.499358 -0.368739 0)
(-0.386866 -0.412155 0)
(-0.206113 -0.183084 0)
(-0.146923 0.022633 0)
(-0.203994 0.214234 0)
(-0.327499 0.318176 0)
(-1.09774 -0.545345 0)
(-0.670816 0.589456 0)
(-0.143479 1.52296 0)
(0.417904 0.777429 0)
(0.674464 0.568561 0)
(0.721994 0.272872 0)
(0.455077 0.367855 0)
(0.372106 0.128715 0)
(0.443075 -0.470967 0)
(0.31652 -0.742361 0)
(0.113685 -0.818404 0)
(0.074381 0.108763 0)
(-0.0424904 0.0912051 0)
(-0.114391 -0.119485 0)
(-0.476053 -0.281268 0)
(-0.286778 -0.219826 0)
(-0.246017 -0.0306271 0)
(-0.152708 0.203329 0)
(-0.213654 0.401395 0)
(-0.181921 0.484665 0)
(-1.34149 0.504548 0)
(-0.0999765 0.661661 0)
(0.0100026 0.520151 0)
(0.476988 0.175254 0)
(0.47872 0.478574 0)
(0.461587 0.475552 0)
(0.701688 -0.0675923 0)
(0.615017 -0.38956 0)
(0.40874 -0.571103 0)
(0.135351 -0.610461 0)
(-0.16423 0.116683 0)
(-0.186618 0.108023 0)
(-0.224776 0.000980944 0)
(-0.436361 -0.245979 0)
(-0.585416 -0.407291 0)
(-0.371744 -0.0904672 0)
(-0.259081 0.185503 0)
(-0.151252 0.345876 0)
(-0.171491 0.450029 0)
(-0.0953651 0.47804 0)
(-0.00196969 0.371129 0)
(0.305416 0.229621 0)
(0.371484 0.1853 0)
(0.328657 0.278676 0)
(0.70958 0.181664 0)
(0.743185 -0.0161136 0)
(0.635016 -0.177561 0)
(0.451026 -0.307107 0)
(0.158635 -0.326919 0)
(-0.27452 0.110742 0)
(-0.367511 0.143386 0)
(-0.547214 0.126627 0)
(-0.950876 0.0502093 0)
(-0.934009 -0.26637 0)
(-0.970776 -0.337662 0)
(-0.59438 -0.00889592 0)
(-0.29068 0.321803 0)
(-0.211221 0.434406 0)
(-0.0673545 0.36928 0)
(0.114648 0.282146 0)
(0.279289 0.201155 0)
(0.409213 0.156166 0)
(0.524625 0.186116 0)
(0.616754 0.13105 0)
(0.650552 0.0131732 0)
(0.588726 -0.132819 0)
(0.437374 -0.141964 0)
(0.160928 -0.0599475 0)
(-0.414377 0.21659 0)
(-0.613825 0.356213 0)
(-1.0419 0.517025 0)
(-1.42253 0.0986917 0)
(-1.30205 -0.388965 0)
(-1.34316 -0.413755 0)
(-1.26257 -0.388955 0)
(-0.979235 -0.0121889 0)
(-0.556589 0.247421 0)
(-0.315631 0.1826 0)
(-0.0550283 0.0622263 0)
(0.140085 -0.0352362 0)
(0.337805 -0.0341361 0)
(0.494334 0.0996569 0)
(0.542563 0.0679267 0)
(0.531634 0.0138944 0)
(0.445728 0.0164095 0)
(0.26841 0.0825727 0)
(0.104324 0.213873 0)
(-0.353599 0.416979 0)
(-0.538749 0.700979 0)
(-0.697216 0.885411 0)
(-1.1244 0.256832 0)
(-1.50053 -0.344942 0)
(-1.42853 -0.363615 0)
(-1.35479 -0.348335 0)
(-1.28481 -0.306691 0)
(-1.0537 -0.16894 0)
(-0.859902 -0.0870564 0)
(-0.695537 -0.135891 0)
(-0.561784 -0.161 0)
(-0.471889 -0.173038 0)
(-0.309196 -0.00914291 0)
(-0.123583 0.0849857 0)
(-0.0659962 0.0868983 0)
(0.0532854 0.0945722 0)
(0.0527462 0.164144 0)
(0.0303897 0.276417 0)
(-0.202774 0.475828 0)
(-0.270354 0.681465 0)
(-0.217431 1.01598 0)
(-0.334065 0.861108 0)
(-0.876316 -0.095226 0)
(-0.983033 -0.553801 0)
(-1.06186 -0.494518 0)
(-0.997762 -0.281269 0)
(-0.945599 -0.136682 0)
(-0.86076 -0.13951 0)
(-0.801802 -0.203657 0)
(-0.721385 -0.233945 0)
(-0.671785 -0.257162 0)
(-0.618162 -0.201444 0)
(-0.440252 -0.14343 0)
(-0.247074 -0.129659 0)
(-0.0711834 -0.0811872 0)
(0.0112835 0.107563 0)
(0.000550784 0.289807 0)
(-0.0460087 0.538037 0)
(-0.0849214 0.719144 0)
(-0.0310855 0.938121 0)
(0.0996984 0.863092 0)
(-0.0951114 0.225984 0)
(-0.55729 -0.206301 0)
(-0.833571 -0.374576 0)
(-1.03173 -0.423235 0)
(-1.08559 -0.297612 0)
(-1.00801 -0.21971 0)
(-0.831728 -0.263136 0)
(-0.71936 -0.27826 0)
(-0.633124 -0.266211 0)
(-0.558612 -0.219675 0)
(-0.4259 -0.255222 0)
(-0.266109 -0.251925 0)
(-0.0773409 -0.142863 0)
(-0.0234222 0.0978633 0)
(-0.0105249 0.286026 0)
(0.0658866 0.5245 0)
(0.0589474 0.672559 0)
(0.121147 0.8389 0)
(0.206491 0.923686 0)
(0.0247971 0.511465 0)
(-0.521069 0.115035 0)
(-0.972139 -0.0293382 0)
(-1.39186 -0.0578723 0)
(-1.57208 -0.155473 0)
(-1.55694 -0.355 0)
(-1.31367 -0.46933 0)
(-1.07295 -0.421153 0)
(-0.81018 -0.403536 0)
(-0.646625 -0.389738 0)
(-0.48657 -0.407487 0)
(-0.339652 -0.445124 0)
(-0.145941 -0.300515 0)
(-0.0470164 0.0480125 0)
(-0.0251219 0.259634 0)
(0.174443 0.535467 0)
(0.177672 0.671367 0)
(0.246365 0.798904 0)
(0.317614 0.953758 0)
(0.303627 0.874913 0)
(-0.139303 0.690968 0)
(-0.577307 0.40337 0)
(-0.973557 0.131062 0)
(-1.19319 -0.158699 0)
(-1.28321 -0.452582 0)
(-1.13495 -0.704137 0)
(-1.05415 -0.740839 0)
(-0.811917 -0.622238 0)
(-0.702355 -0.532726 0)
(-0.454512 -0.544302 0)
(-0.340389 -0.559205 0)
(-0.26386 -0.408477 0)
(-0.100224 -0.0115389 0)
(-0.0459262 0.219991 0)
(0.272759 0.498844 0)
(0.28611 0.609675 0)
(0.375414 0.711601 0)
(0.433936 0.874675 0)
(0.572534 0.928829 0)
(0.479463 0.913391 0)
(0.368056 0.727747 0)
(0.0816851 0.494029 0)
(-0.0317978 0.124634 0)
(-0.243701 -0.399304 0)
(-0.273187 -0.68738 0)
(-0.503686 -0.704907 0)
(-0.610841 -0.728139 0)
(-0.597986 -0.718901 0)
(-0.404695 -0.679763 0)
(-0.288432 -0.638757 0)
(-0.301031 -0.51647 0)
(-0.165148 -0.148847 0)
(-0.0629105 0.127777 0)
(0.355615 0.485122 0)
(0.376301 0.579535 0)
(0.449911 0.662392 0)
(0.504175 0.777576 0)
(0.64402 0.833074 0)
(0.698335 0.877502 0)
(0.786748 0.762526 0)
(0.718605 0.504155 0)
(0.745796 0.13713 0)
(0.546933 -0.224865 0)
(0.286871 -0.472703 0)
(-0.0430239 -0.429543 0)
(-0.247808 -0.543259 0)
(-0.501269 -0.715506 0)
(-0.471775 -0.83151 0)
(-0.308741 -0.65326 0)
(-0.338146 -0.518532 0)
(-0.228378 -0.226832 0)
(-0.0633238 0.0133152 0)
(0.434609 0.440219 0)
(0.468966 0.525183 0)
(0.540146 0.596378 0)
(0.602801 0.698577 0)
(0.717112 0.75288 0)
(0.801264 0.784025 0)
(0.941629 0.705386 0)
(0.93401 0.530013 0)
(0.92725 0.271735 0)
(0.725988 0.0216987 0)
(0.503352 -0.16481 0)
(0.210161 -0.212934 0)
(0.0862711 -0.321933 0)
(-0.193149 -0.505985 0)
(-0.485349 -0.862737 0)
(-0.575973 -0.758523 0)
(-0.587432 -0.584814 0)
(-0.415002 -0.397709 0)
(-0.176398 -0.135374 0)
(0.494164 0.407841 0)
(0.525944 0.484377 0)
(0.587171 0.540826 0)
(0.635764 0.618599 0)
(0.72831 0.653965 0)
(0.785895 0.675855 0)
(0.914096 0.641454 0)
(0.903576 0.522108 0)
(0.913704 0.324019 0)
(0.751894 0.163984 0)
(0.61479 -0.0109989 0)
(0.383776 -0.0460678 0)
(0.260294 -0.183582 0)
(0.00556461 -0.193327 0)
(-0.28339 -0.483952 0)
(-0.715249 -0.570469 0)
(-0.615777 -0.658877 0)
(-0.495759 -0.604804 0)
(-0.171719 -0.523536 0)
(0.563065 0.366704 0)
(0.597744 0.441427 0)
(0.657056 0.497143 0)
(0.695633 0.570335 0)
(0.768338 0.61658 0)
(0.7917 0.616214 0)
(0.86947 0.596449 0)
(0.848413 0.531851 0)
(0.846347 0.403316 0)
(0.702221 0.298308 0)
(0.598501 0.159485 0)
(0.377691 0.116749 0)
(0.28423 0.00911972 0)
(0.0266495 -0.00325029 0)
(-0.0210127 -0.228158 0)
(-0.422783 -0.441738 0)
(-0.244119 -0.787618 0)
(-0.312775 -0.795412 0)
(0.0553112 -0.741745 0)
(0.616522 0.328971 0)
(0.647129 0.399498 0)
(0.699767 0.45248 0)
(0.7237 0.518422 0)
(0.782519 0.567738 0)
(0.788807 0.585186 0)
(0.820869 0.589626 0)
(0.774284 0.546221 0)
(0.76209 0.4547 0)
(0.630008 0.392606 0)
(0.566216 0.278262 0)
(0.366658 0.244451 0)
(0.322107 0.128692 0)
(0.0964525 0.0906743 0)
(0.130591 -0.0831365 0)
(-0.154823 -0.355093 0)
(-0.0164548 -0.775095 0)
(-0.166373 -0.856628 0)
(0.110567 -0.762735 0)
(0.688203 0.293305 0)
(0.718607 0.366353 0)
(0.766215 0.427787 0)
(0.77863 0.495127 0)
(0.818357 0.557122 0)
(0.801132 0.5816 0)
(0.810695 0.608045 0)
(0.745036 0.586914 0)
(0.714919 0.529424 0)
(0.573375 0.481053 0)
(0.513603 0.389847 0)
(0.31084 0.347205 0)
(0.263513 0.241921 0)
(0.0289613 0.182991 0)
(0.0417986 -0.0152721 0)
(-0.135289 -0.296624 0)
(0.133074 -0.788615 0)
(-0.093492 -0.904851 0)
(0.115031 -0.793487 0)
(0.741726 0.252498 0)
(0.774729 0.329145 0)
(0.819091 0.398532 0)
(0.825656 0.47172 0)
(0.851386 0.548393 0)
(0.82809 0.592994 0)
(0.817045 0.640566 0)
(0.747517 0.635118 0)
(0.70116 0.608396 0)
(0.553797 0.578863 0)
(0.488371 0.511516 0)
(0.257551 0.476724 0)
(0.203734 0.377483 0)
(-0.119052 0.29904 0)
(-0.128325 0.0568292 0)
(-0.329835 -0.423663 0)
(0.123998 -0.825649 0)
(-0.0436078 -0.823601 0)
(0.12651 -0.746844 0)
(0.815945 0.209523 0)
(0.855263 0.296521 0)
(0.899144 0.381521 0)
(0.901193 0.46547 0)
(0.910617 0.55422 0)
(0.87445 0.611743 0)
(0.842069 0.679984 0)
(0.758429 0.69273 0)
(0.699037 0.70138 0)
(0.537134 0.677947 0)
(0.464229 0.65081 0)
(0.202313 0.614088 0)
(0.114046 0.570954 0)
(-0.307405 0.498635 0)
(-0.5232 0.163292 0)
(-0.364647 -0.514 0)
(-0.023541 -1.05789 0)
(-0.0758621 -0.893731 0)
(0.18806 -0.715712 0)
(0.859929 0.153266 0)
(0.912772 0.254279 0)
(0.9648 0.357294 0)
(0.972547 0.462106 0)
(0.9756 0.573737 0)
(0.936193 0.656518 0)
(0.89051 0.746156 0)
(0.800037 0.766253 0)
(0.718625 0.80746 0)
(0.546903 0.795057 0)
(0.448454 0.810792 0)
(0.156514 0.799088 0)
(0.041534 0.833069 0)
(-0.504026 0.877582 0)
(-0.555459 0.104183 0)
(-0.143255 -0.875052 0)
(-0.0467105 -1.10118 0)
(-0.117044 -1.01904 0)
(0.185002 -0.658963 0)
(0.92293 0.08327 0)
(0.992425 0.201693 0)
(1.05808 0.327073 0)
(1.07604 0.455153 0)
(1.07786 0.586086 0)
(1.02839 0.687233 0)
(0.968921 0.802026 0)
(0.856645 0.848194 0)
(0.757553 0.928327 0)
(0.571313 0.924531 0)
(0.46356 0.998346 0)
(0.140316 0.9897 0)
(0.0396576 1.15234 0)
(-0.589696 1.06194 0)
(-0.216501 -0.185369 0)
(-0.114436 -0.957612 0)
(-0.0653486 -1.08013 0)
(-0.141594 -1.09565 0)
(0.0909644 -0.645899 0)
(0.943881 -0.00599234 0)
(1.03676 0.132616 0)
(1.12851 0.282061 0)
(1.16581 0.445239 0)
(1.17771 0.618123 0)
(1.12586 0.757275 0)
(1.05717 0.902777 0)
(0.935035 0.959296 0)
(0.817714 1.06512 0)
(0.632594 1.06466 0)
(0.489964 1.19846 0)
(0.20245 1.18979 0)
(0.0329171 1.48707 0)
(-0.444774 1.12534 0)
(-0.173451 -0.334236 0)
(-0.181603 -1.00981 0)
(-0.108934 -1.07779 0)
(-0.104246 -1.1566 0)
(-0.0599276 -0.706169 0)
(0.991442 -0.113002 0)
(1.11883 0.0343222 0)
(1.23414 0.20972 0)
(1.29212 0.409873 0)
(1.31661 0.621016 0)
(1.2639 0.794112 0)
(1.18463 0.973246 0)
(1.04325 1.06354 0)
(0.907969 1.20138 0)
(0.717673 1.21989 0)
(0.56189 1.38675 0)
(0.316572 1.39956 0)
(0.120262 1.73712 0)
(-0.199058 1.23466 0)
(-0.159041 -0.416606 0)
(-0.282666 -1.01936 0)
(-0.100544 -1.15127 0)
(-0.0219822 -1.14086 0)
(-0.155785 -0.794705 0)
(0.995138 -0.250987 0)
(1.16817 -0.085961 0)
(1.32391 0.126242 0)
(1.42991 0.371935 0)
(1.46689 0.645347 0)
(1.41541 0.879395 0)
(1.3161 1.10468 0)
(1.15877 1.21103 0)
(1.00691 1.36082 0)
(0.814925 1.37862 0)
(0.654943 1.56381 0)
(0.44991 1.59027 0)
(0.255324 1.96178 0)
(0.015678 1.37626 0)
(-0.127069 -0.239364 0)
(-0.333531 -1.06247 0)
(-0.208146 -1.30773 0)
(0.0239072 -1.10563 0)
(-0.0984887 -0.867844 0)
(1.03216 -0.427545 0)
(1.27078 -0.264294 0)
(1.49023 -0.0282555 0)
(1.64426 0.279589 0)
(1.69955 0.632943 0)
(1.63838 0.927749 0)
(1.51084 1.20393 0)
(1.32136 1.34072 0)
(1.13011 1.51278 0)
(0.921272 1.53565 0)
(0.732968 1.71911 0)
(0.556975 1.75352 0)
(0.347229 2.13384 0)
(0.218904 1.56235 0)
(-0.0544342 -0.087564 0)
(-0.250202 -0.997832 0)
(0.00916795 -1.44624 0)
(0.0942697 -1.25257 0)
(-0.0160892 -0.861144 0)
(0.931566 -0.671169 0)
(1.22031 -0.499032 0)
(1.50292 -0.209821 0)
(1.7603 0.183687 0)
(1.86381 0.652693 0)
(1.82855 1.05214 0)
(1.69486 1.39472 0)
(1.49195 1.55652 0)
(1.26852 1.72647 0)
(1.0385 1.73633 0)
(0.826711 1.8999 0)
(0.662032 1.93463 0)
(0.44134 2.27978 0)
(0.366609 1.73312 0)
(0.0161191 0.204353 0)
(-0.176619 -1.11818 0)
(0.045714 -1.59498 0)
(0.143467 -1.10863 0)
(0.00982651 -0.792368 0)
(0.600295 -0.933197 0)
(0.877002 -0.784006 0)
(1.24081 -0.520436 0)
(1.64099 -0.0504326 0)
(1.83415 0.568975 0)
(1.81282 1.0769 0)
(1.6831 1.5058 0)
(1.51916 1.72062 0)
(1.3181 1.92207 0)
(1.09858 1.92893 0)
(0.857358 2.06331 0)
(0.723406 2.09047 0)
(0.470316 2.41072 0)
(0.466451 1.9251 0)
(-0.00575368 0.423729 0)
(-0.0998032 -1.05555 0)
(-0.295946 -1.72303 0)
(0.158016 -1.20031 0)
(-0.0104939 -0.721626 0)
(0.057904 -1.12101 0)
(0.333358 -1.07571 0)
(0.726578 -0.896373 0)
(1.15921 -0.350022 0)
(1.51901 0.503692 0)
(1.60681 1.19118 0)
(1.51649 1.66737 0)
(1.40641 1.89015 0)
(1.25899 2.11463 0)
(1.11188 2.15167 0)
(0.884719 2.24949 0)
(0.777433 2.27831 0)
(0.517354 2.52829 0)
(0.554509 2.14843 0)
(0.0691271 0.739804 0)
(-0.00183359 -0.874229 0)
(-0.337633 -1.80786 0)
(0.180343 -1.38663 0)
(-0.0272235 -0.653956 0)
(-0.276028 -1.36086 0)
(-0.0343751 -1.39113 0)
(0.292462 -1.27366 0)
(0.625605 -0.771072 0)
(1.00532 0.159259 0)
(1.19191 1.07223 0)
(1.18911 1.68068 0)
(1.15889 1.94403 0)
(1.0776 2.18721 0)
(1.00039 2.25882 0)
(0.840254 2.36878 0)
(0.780292 2.40785 0)
(0.559656 2.62344 0)
(0.628693 2.30898 0)
(0.227787 0.945696 0)
(0.210797 -0.706598 0)
(-0.137054 -1.86915 0)
(0.156139 -1.48438 0)
(0.0101555 -0.578113 0)
(-0.552262 -1.52632 0)
(-0.396552 -1.58921 0)
(-0.18502 -1.49083 0)
(-0.0341562 -0.99169 0)
(0.236511 0.00228818 0)
(0.517503 1.02982 0)
(0.668963 1.70606 0)
(0.786944 1.99546 0)
(0.804323 2.26648 0)
(0.82191 2.36651 0)
(0.72357 2.46023 0)
(0.74436 2.52947 0)
(0.550146 2.679 0)
(0.709733 2.43773 0)
(0.378158 1.13643 0)
(0.43475 -0.554157 0)
(0.0559988 -1.74549 0)
(0.075822 -1.53132 0)
(0.0825915 -0.497785 0)
(-0.786816 -1.65087 0)
(-0.695414 -1.7239 0)
(-0.602358 -1.60574 0)
(-0.58413 -1.1586 0)
(-0.428658 -0.337032 0)
(-0.112734 0.67418 0)
(0.193684 1.4309 0)
(0.437741 1.81185 0)
(0.523138 2.15404 0)
(0.630789 2.32174 0)
(0.578806 2.43956 0)
(0.652803 2.55176 0)
(0.521704 2.66375 0)
(0.68492 2.44553 0)
(0.524574 1.21183 0)
(0.52289 -0.433932 0)
(0.14342 -1.5217 0)
(0.042472 -1.51946 0)
(0.115789 -0.42891 0)
(-1.0057 -1.70422 0)
(-0.95921 -1.75448 0)
(-0.960169 -1.58796 0)
(-1.00114 -1.14388 0)
(-0.921512 -0.415062 0)
(-0.603911 0.473811 0)
(-0.317584 1.21766 0)
(0.024768 1.70241 0)
(0.165972 2.10224 0)
(0.368619 2.31731 0)
(0.37554 2.45234 0)
(0.517762 2.57942 0)
(0.440156 2.65998 0)
(0.637773 2.43143 0)
(0.513142 1.28829 0)
(0.612252 -0.207675 0)
(0.219623 -1.31301 0)
(0.213266 -1.50435 0)
(0.106035 -0.353802 0)
(-1.16825 -1.73442 0)
(-1.13852 -1.76764 0)
(-1.15828 -1.5707 0)
(-1.20695 -1.2023 0)
(-1.15256 -0.701523 0)
(-0.850457 0.119544 0)
(-0.600367 0.851823 0)
(-0.229295 1.36385 0)
(-0.0752215 1.83763 0)
(0.195431 2.12209 0)
(0.222676 2.30042 0)
(0.411059 2.48377 0)
(0.365628 2.55726 0)
(0.54854 2.36563 0)
(0.552812 1.24492 0)
(0.521248 -0.186097 0)
(0.236281 -1.14452 0)
(0.256201 -1.42285 0)
(0.0675899 -0.136924 0)
(-1.2785 -1.74604 0)
(-1.25911 -1.76268 0)
(-1.27436 -1.52129 0)
(-1.31688 -1.14373 0)
(-1.31778 -0.728618 0)
(-1.17193 -0.0178776 0)
(-0.917431 0.66619 0)
(-0.594394 1.23687 0)
(-0.391708 1.72987 0)
(-0.0706063 2.05432 0)
(0.00573084 2.27117 0)
(0.262148 2.45313 0)
(0.240118 2.5478 0)
(0.476723 2.26424 0)
(0.465814 1.31456 0)
(1.02733 0.0902501 0)
(0.431248 -1.09498 0)
(1.61672 -1.32007 0)
(0.175347 -0.0740263 0)
(-1.31593 -1.76605 0)
(-1.29793 -1.77444 0)
(-1.29423 -1.52197 0)
(-1.28145 -1.17063 0)
(-1.24657 -0.840977 0)
(-1.13087 -0.253603 0)
(-0.963349 0.320183 0)
(-0.720304 0.872793 0)
(-0.532704 1.35177 0)
(-0.265875 1.74747 0)
(-0.168074 1.9849 0)
(0.0893356 2.26004 0)
(0.0622902 2.35426 0)
(0.339704 2.15172 0)
(0.177177 0.742096 0)
(1.01891 -0.16248 0)
(0.429118 -1.67023 0)
(1.74563 -1.20596 0)
(0.227119 1.53446 0)
)
;

boundaryField
{
    leftWall
    {
        type            noSlip;
    }
    rightWall
    {
        type            noSlip;
    }
    lowerWall
    {
        type            noSlip;
    }
    atmosphere
    {
        type            zeroGradient;
    }
    defaultFaces
    {
        type            empty;
    }
}


// ************************************************************************* //
