/*--------------------------------*- C++ -*----------------------------------*\
| =========                 |                                                 |
| \\      /  F ield         | OpenFOAM: The Open Source CFD Toolbox           |
|  \\    /   O peration     | Version:  2012                                  |
|   \\  /    A nd           | Website:  www.openfoam.com                      |
|    \\/     M anipulation  |                                                 |
\*---------------------------------------------------------------------------*/
FoamFile
{
    version     2.0;
    format      ascii;
    class       volScalarField;
    location    "0.07";
    object      p;
}
// * * * * * * * * * * * * * * * * * * * * * * * * * * * * * * * * * * * * * //

dimensions      [1 -1 -2 0 0 0 0];


internalField   nonuniform List<scalar> 
2268
(
102926
102919
102900
102875
102837
102794
102734
102670
102585
102495
102375
102254
102096
101899
101667
101461
101349
101330
101329
101329
101329
101329
101329
102868
102861
102842
102817
102779
102736
102676
102612
102526
102437
102317
102194
102033
101834
101599
101404
101336
101329
101329
101329
101329
101329
101329
102811
102804
102785
102760
102722
102679
102619
102555
102469
102379
102259
102133
101969
101766
101528
101363
101331
101328
101329
101329
101329
101329
101329
102755
102747
102728
102704
102666
102623
102563
102499
102412
102322
102201
102072
101905
101694
101460
101341
101329
101328
101328
101329
101329
101328
101328
102700
102692
102673
102649
102611
102568
102508
102444
102357
102266
102145
102013
101841
101622
101398
101333
101328
101328
101328
101328
101328
101328
101328
102646
102638
102619
102595
102557
102514
102454
102390
102303
102211
102090
101954
101780
101554
101361
101330
101328
101328
101328
101328
101328
101328
101328
102592
102585
102566
102542
102503
102461
102401
102337
102250
102157
102036
101899
101723
101494
101341
101329
101327
101327
101328
101328
101328
101328
101328
102540
102533
102514
102490
102451
102410
102349
102285
102198
102106
101983
101846
101667
101437
101333
101329
101327
101327
101327
101327
101327
101327
101327
101326
101326
101326
101326
101326
101326
101326
101326
101326
101326
101326
101326
101326
101326
101326
101326
101326
101326
101326
101326
101326
101326
101326
101326
101326
101326
101326
101326
101326
101326
101326
101326
101326
101326
101326
101326
101326
101326
101326
101326
101326
101326
101326
101326
101326
101326
101326
101326
101326
101326
101326
101326
101326
101326
101326
101326
101326
101326
101326
101326
101326
101326
101326
101326
101326
101326
101326
101326
101326
101326
101326
101326
101326
101326
101326
101326
101326
101326
101326
101326
101326
101326
101326
101326
101326
101326
101326
101326
101326
101326
101326
101326
101326
101326
101326
101326
101326
101326
101326
101326
101326
101326
101326
101326
101326
101326
101326
101326
101326
101326
101326
101326
101326
101326
101326
101326
101326
101326
101326
101326
101326
101326
101326
101326
101326
101326
101326
101326
101326
101326
101326
101326
101326
101326
101326
101326
101326
101326
101326
101326
101326
101326
101326
101326
101326
101326
101326
101326
101326
101326
101326
101326
102460
102452
102433
102410
102372
102330
102269
102206
102119
102028
101902
101770
101588
101369
101329
101328
101327
101327
101327
101327
101327
101327
101326
102356
102348
102330
102307
102269
102228
102169
102108
102020
101935
101806
101689
101499
101336
101327
101327
101326
101327
101327
101327
101327
101327
101326
102256
102249
102232
102208
102173
102132
102075
102016
101930
101850
101723
101620
101432
101328
101327
101326
101326
101326
101326
101326
101326
101326
101326
102162
102155
102139
102116
102083
102043
101989
101931
101851
101775
101656
101563
101386
101327
101327
101326
101326
101326
101326
101326
101326
101326
101326
102074
102067
102052
102029
101999
101959
101911
101854
101781
101708
101600
101514
101356
101326
101326
101325
101326
101325
101326
101326
101326
101326
101325
101991
101984
101970
101948
101921
101882
101839
101784
101720
101649
101556
101474
101339
101326
101326
101325
101325
101325
101325
101325
101325
101325
101325
101914
101907
101895
101873
101849
101812
101774
101721
101666
101598
101519
101440
101330
101325
101325
101325
101325
101325
101325
101325
101325
101325
101325
101840
101834
101824
101803
101782
101747
101715
101664
101618
101553
101489
101413
101326
101325
101324
101325
101325
101325
101325
101325
101325
101325
101325
101774
101767
101759
101739
101722
101688
101661
101614
101575
101515
101463
101392
101324
101325
101324
101324
101324
101324
101324
101324
101324
101324
101324
101709
101704
101696
101678
101664
101633
101611
101568
101537
101482
101440
101374
101324
101324
101324
101324
101324
101324
101324
101324
101324
101324
101324
101651
101646
101640
101623
101611
101584
101565
101527
101501
101452
101420
101360
101323
101324
101323
101324
101324
101324
101324
101324
101324
101324
101324
101596
101591
101586
101572
101563
101539
101524
101491
101470
101427
101402
101349
101323
101324
101323
101324
101323
101324
101323
101324
101324
101324
101324
101543
101539
101535
101523
101515
101495
101483
101455
101440
101404
101385
101340
101323
101323
101323
101323
101323
101323
101323
101323
101323
101323
101323
101496
101493
101490
101480
101474
101458
101449
101426
101414
101384
101371
101333
101323
101323
101323
101323
101323
101323
101323
101323
101323
101323
101323
101444
101442
101440
101433
101429
101417
101411
101394
101386
101365
101357
101327
101323
101323
101323
101323
101323
101323
101323
101323
101323
101323
101323
101404
101402
101400
101395
101392
101383
101378
101366
101359
101344
101336
101321
101322
101323
101322
101322
101322
101322
101322
101323
101323
101323
101323
101357
101357
101356
101355
101354
101352
101351
101348
101347
101341
101341
101326
101322
101323
101322
101322
101322
101322
101322
101322
101322
101322
101322
101347
101347
101346
101345
101345
101343
101342
101340
101339
101337
101334
101329
101320
101322
101322
101322
101322
101322
101322
101322
101322
101322
101322
101320
101320
101320
101320
101320
101320
101320
101320
101320
101320
101320
101319
101319
101319
101321
101321
101322
101321
101322
101322
101322
101322
101322
101320
101320
101320
101320
101320
101320
101320
101320
101320
101320
101320
101319
101319
101319
101319
101321
101321
101321
101321
101321
101322
101322
101322
101320
101320
101320
101320
101320
101320
101320
101320
101320
101320
101320
101320
101319
101320
101320
101321
101321
101321
101321
101321
101321
101321
101321
101320
101320
101320
101320
101320
101320
101320
101320
101320
101320
101320
101320
101320
101320
101320
101320
101321
101321
101321
101321
101321
101321
101321
101320
101320
101320
101320
101320
101320
101320
101320
101320
101320
101320
101320
101320
101320
101320
101320
101321
101321
101321
101321
101321
101321
101321
101320
101320
101320
101320
101320
101320
101320
101320
101320
101320
101320
101320
101320
101320
101320
101320
101320
101320
101321
101321
101321
101321
101321
101319
101319
101319
101319
101319
101320
101320
101320
101320
101320
101320
101320
101320
101320
101320
101320
101320
101320
101320
101320
101321
101321
101321
101319
101319
101319
101319
101319
101319
101319
101319
101320
101320
101320
101320
101320
101320
101320
101320
101320
101320
101320
101320
101320
101320
101320
101319
101319
101319
101319
101319
101319
101319
101319
101319
101319
101320
101320
101320
101320
101320
101320
101320
101320
101320
101320
101320
101320
101320
101319
101319
101319
101319
101319
101319
101319
101319
101319
101319
101319
101319
101320
101320
101320
101320
101320
101320
101320
101320
101320
101320
101320
101319
101319
101319
101319
101319
101319
101319
101319
101319
101319
101319
101319
101319
101319
101320
101320
101320
101320
101320
101320
101320
101320
101320
101319
101319
101319
101319
101319
101319
101319
101319
101319
101319
101319
101319
101319
101319
101319
101319
101319
101320
101320
101320
101320
101320
101320
101319
101319
101319
101319
101319
101319
101319
101319
101319
101319
101319
101319
101319
101319
101319
101319
101319
101319
101319
101319
101319
101320
101320
101319
101319
101319
101319
101319
101319
101319
101319
101319
101319
101319
101319
101319
101319
101319
101319
101319
101319
101319
101319
101319
101319
101319
101319
101319
101319
101319
101319
101319
101319
101319
101319
101319
101319
101319
101319
101319
101319
101319
101319
101319
101319
101319
101319
101319
101319
101319
101319
101319
101319
101319
101319
101319
101319
101319
101319
101319
101319
101319
101319
101319
101319
101319
101319
101319
101319
101319
101319
101319
101318
101318
101318
101318
101319
101319
101319
101319
101319
101319
101319
101319
101319
101319
101319
101319
101319
101319
101319
101319
101319
101319
101319
101318
101318
101318
101318
101318
101318
101318
101318
101318
101318
101318
101318
101319
101319
101319
101319
101319
101319
101319
101319
101319
101319
101319
101318
101318
101318
101318
101318
101318
101318
101318
101318
101318
101318
101318
101318
101318
101318
101318
101318
101318
101318
101318
101318
101319
101319
101318
101318
101318
101318
101318
101318
101318
101318
101318
101318
101318
101318
101318
101318
101318
101318
101318
101318
101318
101318
101318
101318
101318
101318
101318
101318
101318
101318
101318
101318
101318
101318
101318
101318
101318
101318
101318
101318
101318
101318
101318
101318
101318
101318
101318
101318
101318
101318
101318
101318
101318
101318
101318
101318
101318
101318
101318
101318
101318
101318
101318
101318
101318
101318
101318
101318
101318
101318
101318
101318
101318
101318
101318
101318
101318
101318
101318
101318
101318
101318
101318
101318
101318
101318
101318
101318
101318
101318
101318
101318
101318
101318
101318
101318
101318
101318
101318
101318
101318
101318
101318
101318
101318
101318
101318
101318
101318
101318
101318
101318
101318
101318
101318
101318
101318
101325
101326
101326
101326
101326
101326
101326
101326
101326
101326
101326
101326
101326
101326
101326
101326
101325
101325
101325
101325
101325
101325
101325
101325
101325
101325
101325
101325
101325
101325
101325
101325
101324
101324
101324
101324
101324
101324
101324
101324
101324
101324
101324
101324
101324
101324
101324
101324
101323
101323
101323
101323
101323
101323
101323
101323
101323
101323
101323
101323
101323
101323
101323
101323
101322
101322
101322
101322
101322
101322
101322
101322
101322
101322
101322
101322
101322
101322
101322
101322
101321
101322
101322
101322
101321
101321
101321
101321
101321
101321
101321
101321
101321
101321
101321
101321
101321
101321
101321
101321
101320
101320
101321
101321
101320
101320
101320
101320
101320
101320
101320
101320
101320
101320
101320
101320
101320
101320
101320
101320
101320
101320
101320
101320
101319
101319
101319
101319
101319
101319
101319
101319
101319
101319
101319
101319
101319
101319
101319
101319
101319
101319
101319
101319
101319
101319
101319
101319
101318
101318
101318
101318
101318
101318
101318
101318
101318
101318
101318
101318
101318
101318
101318
101318
101318
101318
101318
101318
101326
101326
101326
101326
101326
101326
101326
101326
101326
101326
101326
101325
101325
101325
101325
101325
101325
101325
101325
101326
101326
101326
101326
101326
101326
101325
101325
101325
101325
101325
101325
101325
101325
101325
101325
101325
101325
101325
101326
101326
101325
101325
101325
101325
101325
101325
101325
101325
101325
101325
101325
101325
101325
101325
101325
101325
101325
101325
101325
101325
101325
101325
101325
101325
101325
101325
101325
101325
101325
101325
101325
101325
101325
101325
101325
101325
101325
101325
101325
101325
101325
101325
101325
101325
101325
101325
101325
101325
101325
101325
101325
101325
101325
101325
101325
101325
101325
101325
101325
101325
101325
101325
101325
101325
101325
101325
101325
101325
101325
101325
101325
101325
101325
101325
101325
101325
101325
101325
101325
101325
101325
101325
101324
101324
101324
101324
101324
101324
101324
101324
101324
101324
101324
101325
101325
101324
101324
101324
101324
101324
101324
101324
101324
101324
101324
101324
101324
101324
101324
101324
101324
101324
101324
101324
101324
101324
101324
101324
101324
101324
101324
101324
101324
101324
101324
101324
101324
101324
101324
101324
101324
101324
101324
101324
101324
101324
101324
101324
101324
101324
101324
101324
101324
101324
101324
101324
101324
101324
101324
101324
101324
101324
101324
101324
101324
101324
101324
101324
101324
101324
101324
101324
101324
101324
101324
101324
101324
101324
101324
101324
101324
101324
101324
101324
101324
101324
101324
101323
101323
101323
101323
101323
101323
101323
101323
101323
101323
101323
101323
101323
101323
101323
101323
101323
101323
101323
101323
101323
101323
101323
101323
101323
101323
101323
101323
101323
101323
101323
101323
101323
101323
101323
101323
101323
101323
101323
101323
101323
101323
101323
101323
101323
101323
101323
101323
101323
101323
101323
101323
101323
101323
101323
101323
101323
101323
101323
101323
101323
101323
101323
101323
101323
101323
101323
101323
101323
101323
101323
101323
101323
101323
101323
101323
101323
101323
101323
101323
101323
101323
101323
101323
101323
101323
101323
101322
101322
101322
101322
101322
101322
101322
101322
101322
101322
101322
101322
101322
101322
101322
101322
101322
101322
101322
101322
101322
101322
101322
101322
101322
101322
101322
101322
101322
101322
101322
101322
101322
101322
101322
101322
101322
101322
101322
101322
101322
101322
101322
101322
101322
101322
101322
101322
101322
101322
101322
101322
101322
101322
101322
101322
101322
101322
101322
101322
101322
101322
101322
101322
101322
101322
101322
101322
101322
101322
101322
101322
101322
101322
101322
101322
101322
101322
101322
101322
101322
101322
101322
101322
101322
101322
101322
101322
101322
101322
101322
101322
101322
101322
101322
101321
101321
101321
101321
101321
101321
101321
101321
101321
101321
101321
101321
101321
101321
101321
101321
101321
101321
101321
101321
101321
101321
101321
101321
101321
101321
101321
101321
101321
101321
101321
101321
101321
101321
101321
101321
101321
101321
101321
101321
101321
101321
101321
101321
101321
101321
101321
101321
101321
101321
101321
101321
101321
101321
101321
101321
101321
101321
101321
101321
101321
101321
101321
101321
101321
101321
101321
101321
101321
101321
101321
101321
101321
101321
101321
101321
101321
101321
101321
101321
101321
101321
101321
101321
101321
101321
101321
101321
101321
101321
101321
101321
101321
101321
101321
101320
101320
101320
101320
101320
101320
101320
101320
101320
101320
101321
101321
101321
101321
101321
101321
101321
101321
101321
101320
101320
101320
101320
101320
101320
101320
101320
101320
101320
101320
101320
101320
101320
101320
101320
101320
101320
101320
101320
101320
101320
101320
101320
101320
101320
101320
101320
101320
101320
101320
101320
101320
101320
101320
101320
101320
101320
101320
101320
101320
101320
101320
101320
101320
101320
101320
101320
101320
101320
101320
101320
101320
101320
101320
101320
101320
101320
101320
101320
101320
101320
101320
101320
101320
101320
101320
101320
101320
101320
101320
101320
101320
101320
101320
101320
101319
101319
101319
101319
101319
101320
101320
101320
101320
101320
101320
101320
101320
101320
101320
101320
101320
101320
101320
101319
101319
101319
101319
101319
101319
101319
101319
101319
101319
101319
101319
101319
101319
101319
101319
101319
101319
101319
101319
101319
101319
101319
101319
101319
101319
101319
101319
101319
101319
101319
101319
101319
101319
101319
101319
101319
101319
101319
101319
101319
101319
101319
101319
101319
101319
101319
101319
101319
101319
101319
101319
101319
101319
101319
101319
101319
101319
101319
101319
101319
101319
101319
101319
101319
101319
101319
101319
101319
101319
101319
101319
101319
101319
101319
101319
101319
101319
101319
101319
101319
101319
101319
101319
101319
101319
101319
101319
101319
101319
101319
101319
101319
101319
101319
101318
101318
101318
101318
101318
101318
101318
101318
101318
101318
101318
101318
101318
101318
101318
101318
101318
101318
101318
101318
101318
101318
101318
101318
101318
101318
101318
101318
101318
101318
101318
101318
101318
101318
101318
101318
101318
101318
101318
101318
101318
101318
101318
101318
101318
101318
101318
101318
101318
101318
101318
101318
101318
101318
101318
101318
101318
101318
101318
101318
101318
101318
101318
101318
101318
101318
101318
101318
101318
101318
101318
101318
101318
101318
101318
101318
101318
101318
101318
101318
101318
101318
101318
101318
101318
101318
101318
101318
101318
101318
101318
101318
101318
101318
101318
)
;

boundaryField
{
    leftWall
    {
        type            zeroGradient;
    }
    rightWall
    {
        type            zeroGradient;
    }
    lowerWall
    {
        type            zeroGradient;
    }
    atmosphere
    {
        type            fixedValue;
        value           uniform 101325;
    }
    defaultFaces
    {
        type            empty;
    }
}


// ************************************************************************* //
