/*--------------------------------*- C++ -*----------------------------------*\
| =========                 |                                                 |
| \\      /  F ield         | OpenFOAM: The Open Source CFD Toolbox           |
|  \\    /   O peration     | Version:  2012                                  |
|   \\  /    A nd           | Website:  www.openfoam.com                      |
|    \\/     M anipulation  |                                                 |
\*---------------------------------------------------------------------------*/
FoamFile
{
    version     2.0;
    format      ascii;
    class       volScalarField;
    location    "0.33";
    object      T;
}
// * * * * * * * * * * * * * * * * * * * * * * * * * * * * * * * * * * * * * //

dimensions      [0 0 0 1 0 0 0];


internalField   nonuniform List<scalar> 
2268
(
273
273
273
273
273
273
273
273
273
273
273
273
273
273
273
273
273
273
273
273
273
273
273.001
273
273
273
273
273
273
273
273
273
273
273
273
273
273
273
273
273
273
273
273
273
273
273.001
273
273
273
273
273
273
273
273
273
273
273
273
273
273
273
273
273
273
273
273
273
273
273.001
273
273
273
273
273
273
273
273
273
273
273
273
273
273
273
273
273
273
273
273
273
273
273.001
273
273
273
273
273
273
273
273
273
273
273
273
273
273
273
273
273
273
273
273
273
273
273.001
273
273
273
273
273
273
273
273
273
273
273
273
273
273
273
273
273
273
273
273
273
273
273.001
273
273
273
273
273
273
273
273
273
273
273
273
273
273
273
273
273
273
273
273
273
273
273.001
273
273
273
273
273
273
273
273
273
273
273
273
273
273
273
273
273
273
273
273
273
273
273.001
275.183
275.183
275.184
275.184
275.185
275.185
275.186
275.186
275.187
275.187
275.188
275.188
275.189
275.189
275.19
275.19
275.191
275.191
275.191
275.183
275.183
275.184
275.184
275.185
275.185
275.186
275.186
275.187
275.187
275.188
275.188
275.189
275.189
275.19
275.19
275.191
275.191
275.191
275.183
275.183
275.184
275.184
275.185
275.185
275.186
275.186
275.187
275.187
275.188
275.188
275.189
275.189
275.19
275.19
275.191
275.191
275.191
275.183
275.183
275.184
275.184
275.185
275.185
275.185
275.186
275.187
275.187
275.188
275.188
275.189
275.189
275.19
275.19
275.191
275.191
275.191
275.182
275.183
275.183
275.183
275.184
275.184
275.185
275.186
275.186
275.187
275.188
275.188
275.189
275.189
275.19
275.19
275.191
275.191
275.191
275.182
275.182
275.183
275.183
275.184
275.184
275.185
275.185
275.186
275.187
275.187
275.188
275.189
275.189
275.19
275.19
275.191
275.191
275.191
275.182
275.182
275.183
275.183
275.184
275.184
275.185
275.185
275.186
275.186
275.187
275.188
275.188
275.189
275.19
275.19
275.191
275.191
275.191
275.181
275.181
275.182
275.183
275.183
275.183
275.184
275.185
275.186
275.186
275.187
275.187
275.188
275.189
275.189
275.19
275.19
275.191
275.191
273
273
273
273
273
273
273
273
273
273
273
273
273
273
273
273
273
273
273
273
273
273.001
273.001
273
273
273
273
273
273
272.999
272.999
272.999
272.999
272.999
272.999
272.999
272.999
272.999
272.999
272.999
272.999
273
273
273
273
273.001
272.998
272.998
272.998
272.997
272.997
272.997
272.996
272.996
272.996
272.995
272.994
272.994
272.993
272.993
272.993
272.993
272.993
272.994
272.995
272.997
272.998
272.999
273
272.99
272.99
272.989
272.989
272.988
272.987
272.986
272.985
272.985
272.984
272.983
272.983
272.982
272.982
272.982
272.981
272.981
272.981
272.982
272.985
272.989
272.992
272.996
272.976
272.976
272.976
272.976
272.976
272.976
272.976
272.975
272.976
272.977
272.977
272.978
272.978
272.979
272.979
272.978
272.977
272.975
272.974
272.975
272.977
272.98
272.984
272.971
272.971
272.971
272.972
272.972
272.973
272.973
272.98
272.987
272.994
272.996
272.999
273.001
273.003
273.004
273.004
273.003
272.999
272.992
272.985
272.981
272.981
272.983
272.992
272.993
272.993
272.995
272.997
272.999
273.001
273.003
273.006
273.008
273.01
273.011
273.012
273.013
273.014
273.014
273.014
273.012
273.008
273.001
272.998
272.994
272.992
273.007
273.007
273.008
273.009
273.01
273.011
273.011
273.012
273.013
273.014
273.014
273.015
273.015
273.015
273.016
273.016
273.016
273.016
273.015
273.011
273.007
273.006
273.005
273.012
273.013
273.013
273.013
273.013
273.013
273.014
273.014
273.014
273.014
273.015
273.015
273.015
273.015
273.016
273.016
273.017
273.017
273.017
273.016
273.015
273.014
273.014
273.013
273.013
273.013
273.014
273.014
273.014
273.014
273.014
273.014
273.014
273.014
273.015
273.015
273.015
273.015
273.016
273.016
273.016
273.017
273.017
273.017
273.017
273.018
273.013
273.013
273.013
273.013
273.013
273.013
273.013
273.013
273.014
273.014
273.014
273.014
273.014
273.015
273.015
273.015
273.016
273.016
273.016
273.017
273.017
273.018
273.018
273.013
273.013
273.013
273.013
273.013
273.013
273.013
273.013
273.013
273.013
273.013
273.014
273.014
273.014
273.014
273.015
273.015
273.015
273.016
273.016
273.017
273.017
273.017
273.012
273.012
273.012
273.012
273.012
273.013
273.013
273.013
273.013
273.013
273.013
273.013
273.014
273.014
273.014
273.014
273.015
273.015
273.015
273.016
273.016
273.016
273.017
273.012
273.012
273.012
273.012
273.012
273.012
273.012
273.012
273.012
273.013
273.013
273.013
273.013
273.013
273.014
273.014
273.014
273.014
273.015
273.015
273.015
273.016
273.016
273.012
273.012
273.012
273.012
273.012
273.012
273.012
273.012
273.012
273.012
273.012
273.012
273.013
273.013
273.013
273.013
273.014
273.014
273.014
273.014
273.015
273.015
273.015
273.011
273.011
273.011
273.011
273.011
273.011
273.012
273.012
273.012
273.012
273.012
273.012
273.012
273.012
273.013
273.013
273.013
273.013
273.013
273.014
273.014
273.014
273.014
273.011
273.011
273.011
273.011
273.011
273.011
273.011
273.011
273.011
273.011
273.011
273.012
273.012
273.012
273.012
273.012
273.012
273.013
273.013
273.013
273.013
273.013
273.013
273.011
273.011
273.011
273.011
273.011
273.011
273.011
273.011
273.011
273.011
273.011
273.011
273.011
273.011
273.012
273.012
273.012
273.012
273.012
273.012
273.012
273.012
273.013
273.01
273.01
273.01
273.01
273.01
273.01
273.01
273.01
273.01
273.011
273.011
273.011
273.011
273.011
273.011
273.011
273.011
273.011
273.011
273.012
273.012
273.012
273.012
273.01
273.01
273.01
273.01
273.01
273.01
273.01
273.01
273.01
273.01
273.01
273.01
273.01
273.01
273.01
273.011
273.011
273.011
273.011
273.011
273.011
273.011
273.011
273.009
273.009
273.009
273.009
273.009
273.009
273.01
273.01
273.01
273.01
273.01
273.01
273.01
273.01
273.01
273.01
273.01
273.01
273.01
273.01
273.01
273.01
273.01
273.009
273.009
273.009
273.009
273.009
273.009
273.009
273.009
273.009
273.009
273.009
273.009
273.009
273.009
273.009
273.009
273.009
273.009
273.009
273.009
273.009
273.009
273.009
273.009
273.009
273.009
273.009
273.009
273.009
273.009
273.009
273.009
273.009
273.009
273.009
273.009
273.009
273.009
273.009
273.009
273.009
273.009
273.009
273.009
273.008
273.008
273.008
273.008
273.008
273.008
273.008
273.008
273.008
273.008
273.008
273.008
273.008
273.008
273.008
273.008
273.008
273.008
273.008
273.008
273.008
273.008
273.008
273.008
273.008
273.008
273.008
273.008
273.008
273.008
273.008
273.008
273.008
273.008
273.008
273.008
273.008
273.008
273.008
273.008
273.008
273.008
273.008
273.007
273.007
273.007
273.007
273.007
273.008
273.008
273.008
273.008
273.008
273.008
273.007
273.007
273.007
273.007
273.007
273.007
273.007
273.007
273.007
273.007
273.007
273.007
273.007
273.007
273.007
273.006
273.006
273.007
273.007
273.007
273.007
273.007
273.007
273.007
273.007
273.007
273.007
273.007
273.007
273.007
273.007
273.007
273.006
273.006
273.006
273.006
273.006
273.006
273.006
273.006
273.007
273.007
273.007
273.007
273.007
273.007
273.007
273.007
273.007
273.007
273.006
273.006
273.006
273.006
273.006
273.006
273.006
273.006
273.006
273.006
273.005
273.005
273.005
273.007
273.007
273.007
273.007
273.007
273.007
273.007
273.007
273.007
273.006
273.006
273.006
273.006
273.006
273.006
273.005
273.005
273.005
273.005
273.005
273.005
273.005
273.004
273.008
273.008
273.008
273.008
273.008
273.007
273.007
273.007
273.007
273.006
273.006
273.006
273.006
273.005
273.005
273.005
273.005
273.005
273.005
273.004
273.004
273.004
273.004
273.009
273.009
273.009
273.009
273.008
273.008
273.008
273.008
273.007
273.007
273.006
273.006
273.006
273.005
273.005
273.005
273.005
273.004
273.004
273.004
273.004
273.004
273.003
273.01
273.01
273.01
273.01
273.01
273.01
273.009
273.009
273.008
273.008
273.007
273.007
273.006
273.006
273.005
273.005
273.004
273.004
273.004
273.003
273.003
273.003
273.003
273.013
273.013
273.012
273.012
273.012
273.012
273.011
273.011
273.01
273.01
273.009
273.008
273.007
273.007
273.006
273.005
273.005
273.004
273.004
273.003
273.003
273.003
273.003
273.015
273.015
273.015
273.014
273.014
273.014
273.014
273.013
273.013
273.012
273.011
273.011
273.01
273.009
273.007
273.006
273.005
273.004
273.004
273.003
273.003
273.002
273.002
273.016
273.016
273.016
273.016
273.016
273.016
273.016
273.015
273.015
273.014
273.014
273.013
273.012
273.011
273.01
273.009
273.007
273.005
273.004
273.003
273.002
273.002
273.002
273.018
273.018
273.017
273.017
273.017
273.017
273.017
273.017
273.016
273.016
273.016
273.015
273.014
273.014
273.013
273.011
273.01
273.008
273.006
273.004
273.003
273.002
273.002
273.018
273.018
273.018
273.018
273.018
273.018
273.018
273.018
273.017
273.017
273.017
273.016
273.016
273.015
273.014
273.013
273.012
273.01
273.009
273.006
273.004
273.002
273.001
273.019
273.019
273.019
273.019
273.019
273.019
273.018
273.018
273.018
273.018
273.018
273.017
273.017
273.016
273.016
273.015
273.014
273.013
273.011
273.009
273.006
273.004
273.002
273.019
273.019
273.019
273.019
273.019
273.019
273.019
273.019
273.019
273.018
273.018
273.018
273.018
273.017
273.017
273.016
273.015
273.014
273.013
273.011
273.009
273.006
273.003
273.019
273.019
273.019
273.019
273.019
273.019
273.019
273.019
273.019
273.019
273.018
273.018
273.018
273.018
273.017
273.016
273.016
273.015
273.014
273.012
273.01
273.008
273.006
273.019
273.019
273.019
273.019
273.019
273.019
273.019
273.019
273.018
273.018
273.018
273.018
273.018
273.017
273.017
273.016
273.016
273.015
273.014
273.013
273.011
273.009
273.007
273.018
273.018
273.018
273.018
273.018
273.018
273.018
273.017
273.017
273.017
273.017
273.017
273.017
273.017
273.016
273.016
273.015
273.014
273.013
273.012
273.011
273.009
273.007
273.001
273.001
273.061
273.944
273.001
273.001
273.004
273.102
273
273
273.001
273.005
272.997
272.998
272.999
272.999
272.988
272.99
272.991
272.993
272.985
272.986
272.987
272.988
272.992
272.993
272.993
272.993
273.003
273.001
273.001
273.004
273.014
273.014
273.015
273.015
273.018
273.018
273.018
273.018
273.019
273.019
273.019
273.019
273.018
273.018
273.018
273.018
273.017
273.017
273.017
273.018
273.016
273.016
273.016
273.017
273.015
273.015
273.016
273.016
273.014
273.014
273.015
273.015
273.013
273.014
273.014
273.014
273.013
273.012
273.012
273.012
273.012
273.011
273.011
273.011
273.011
273.01
273.01
273.01
273.01
273.009
273.009
273.009
273.009
273.009
273.008
273.008
273.008
273.008
273.008
273.008
273.007
273.007
273.007
273.007
273.007
273.006
273.006
273.006
273.006
273.006
273.006
273.006
273.005
273.005
273.005
273.005
273.005
273.005
273.004
273.004
273.004
273.004
273.004
273.004
273.004
273.004
273.003
273.003
273.003
273.003
273.003
273.003
273.003
273.003
273.003
273.003
273.002
273.002
273.002
273.002
273.002
273.002
273.002
273.002
273.002
273.002
273.001
273.001
273.001
273.001
273.001
273.001
273.001
273.001
273.001
273.001
273.001
273.001
273
273
273.001
273.001
273
273
273.004
273.002
273.001
273
273.006
273.004
273.003
273.002
273.006
273.005
273.004
273.002
275.179
275.179
275.181
275.181
275.182
275.182
275.184
275.184
275.185
275.186
275.186
275.187
275.188
275.188
275.189
275.19
275.19
275.191
275.191
273.791
273.809
273.73
274.555
275.111
275.178
275.18
275.182
275.183
275.184
275.185
275.186
275.187
275.188
275.188
275.189
275.19
275.19
275.191
273.074
273.086
273.087
273.344
273.545
273.586
274.343
275.067
275.177
275.172
275.18
275.184
275.184
275.186
275.187
275.188
275.189
275.19
275.19
273.005
273.008
273.008
273.027
273.043
273.055
273.244
273.504
273.548
273.583
274.567
275.135
275.17
275.178
275.175
275.18
275.187
275.19
275.19
272.995
272.997
272.999
273.001
273.003
273.004
273.017
273.036
273.045
273.08
273.312
273.554
274.159
275.024
275.105
275.117
275.17
275.187
275.19
272.99
272.991
272.993
272.995
272.997
272.999
273.001
273.002
273.004
273.008
273.026
273.054
273.206
273.484
273.729
274.627
275.063
275.171
275.188
272.994
272.994
272.995
272.995
272.996
272.996
272.997
272.998
272.999
273.001
273.004
273.008
273.023
273.053
273.137
273.437
274.379
275.08
275.177
273.011
273.014
273.016
273.016
273.014
273.01
273.005
273
272.997
272.996
272.996
272.998
273.003
273.01
273.027
273.102
273.546
274.616
275.122
273.017
273.019
273.02
273.022
273.023
273.024
273.024
273.024
273.024
273.022
273.021
273.005
272.997
272.999
273.007
273.029
273.169
274.002
274.915
273.019
273.019
273.02
273.021
273.022
273.023
273.025
273.026
273.027
273.029
273.029
273.025
273.002
272.993
272.996
273.008
273.056
273.448
274.537
273.019
273.02
273.02
273.021
273.022
273.023
273.023
273.025
273.026
273.028
273.03
273.03
273.024
272.998
272.993
272.999
273.019
273.175
274.293
273.019
273.019
273.019
273.02
273.021
273.022
273.022
273.023
273.025
273.026
273.029
273.029
273.028
273.009
272.986
272.989
273.004
273.083
274.054
273.018
273.018
273.019
273.019
273.019
273.02
273.021
273.022
273.023
273.024
273.026
273.029
273.027
273.02
272.99
272.988
272.999
273.059
273.948
273.017
273.017
273.017
273.018
273.018
273.018
273.019
273.02
273.021
273.023
273.024
273.027
273.027
273.023
272.995
272.986
272.995
273.057
273.883
273.016
273.016
273.016
273.016
273.016
273.017
273.017
273.018
273.019
273.021
273.022
273.025
273.025
273.022
272.998
272.982
272.993
273.058
273.829
273.015
273.014
273.014
273.015
273.015
273.015
273.016
273.017
273.018
273.019
273.021
273.023
273.024
273.019
272.992
272.98
272.994
273.066
273.767
273.013
273.013
273.013
273.013
273.014
273.015
273.015
273.015
273.016
273.017
273.019
273.021
273.021
273.002
272.973
272.979
273.001
273.103
273.698
273.012
273.012
273.012
273.013
273.015
273.015
273.015
273.015
273.015
273.015
273.017
273.018
273.016
272.975
272.973
272.983
273.009
273.116
273.708
273.011
273.011
273.012
273.014
273.016
273.017
273.016
273.016
273.015
273.015
273.015
273.016
273.01
272.974
272.976
272.992
273.021
273.116
273.702
273.01
273.011
273.014
273.015
273.016
273.017
273.016
273.016
273.015
273.014
273.013
273.011
272.998
272.974
272.983
273.011
273.037
273.111
273.634
273.009
273.012
273.015
273.014
273.015
273.015
273.015
273.015
273.014
273.013
273.011
273.007
272.988
272.983
272.997
273.023
273.04
273.098
273.52
273.009
273.013
273.015
273.012
273.013
273.012
273.013
273.012
273.011
273.01
273.007
273.002
272.99
272.993
273.008
273.023
273.039
273.083
273.422
273.008
273.013
273.015
273.01
273.009
273.009
273.009
273.008
273.008
273.007
273.007
273.005
273
273.003
273.007
273.013
273.026
273.063
273.349
273.008
273.013
273.015
273.009
273.008
273.008
273.007
273.007
273.007
273.007
273.008
273.007
273.008
273.005
273.004
273.005
273.012
273.044
273.284
273.007
273.011
273.016
273.007
273.006
273.005
273.005
273.005
273.005
273.006
273.005
273.004
273.002
273
272.998
273
273.004
273.027
273.219
273.007
273.009
273.016
273.006
273.003
273
272.998
272.996
272.992
272.996
273.001
272.999
272.995
272.993
272.993
272.995
273.004
273.025
273.169
273.006
273.008
273.013
273.008
273.003
272.999
272.994
272.985
272.967
272.955
272.964
272.988
272.993
272.988
272.989
272.99
273.006
273.031
273.145
273.005
273.006
273.01
273.012
273.007
273.001
272.995
272.974
272.933
272.941
272.959
272.991
272.997
272.987
272.988
272.992
273.017
273.051
273.136
273.004
273.004
273.007
273.013
273.011
273.006
272.997
272.969
272.946
272.955
272.978
273.014
273.015
272.996
272.991
272.994
273.02
273.074
273.127
273.003
273.003
273.004
273.008
273.015
273.011
273.003
272.974
272.968
272.987
273.018
273.046
273.036
273.003
272.996
272.998
273.017
273.068
273.107
273.003
273.002
273.003
273.005
273.011
273.016
273.01
272.993
273.007
273.036
273.062
273.062
273.037
273.001
273
273
273.007
273.042
273.065
273.002
273.002
273.002
273.002
273.005
273.014
273.019
273.02
273.031
273.052
273.063
273.055
273.022
272.999
273
273.001
273.003
273.013
273.024
273.002
273.001
273.001
273.001
273.002
273.006
273.015
273.022
273.03
273.042
273.043
273.029
273.005
272.999
273.001
273.002
273.003
273.007
273.01
273.002
273.001
273.001
273
273
273.001
273.004
273.01
273.015
273.018
273.014
273.005
272.999
272.999
273.001
273.003
273.004
273.005
273.007
273.001
273.001
273.001
273
273
272.999
273
273.001
273.003
273.003
273.002
273
272.999
273
273.002
273.003
273.004
273.005
273.006
273.001
273.001
273.001
273
273
272.999
272.999
272.999
273
273
273
272.999
272.999
273.001
273.002
273.003
273.004
273.004
273.005
273.001
273.001
273
273
273
273
272.999
272.999
272.999
272.999
272.999
272.999
273
273.001
273.002
273.002
273.003
273.004
273.004
273
273
273
273
273
273
273
273
272.999
272.999
272.999
273
273
273.001
273.001
273.002
273.003
273.003
273.003
273
273
273
273
273
273
273
273
273
273
273
273
273.001
273.001
273.001
273.002
273.002
273.002
273.002
273
272.999
272.999
272.999
273
273
273
273
273
273
273
273
273.001
273.001
273.001
273.001
273.002
273.002
273.002
273
272.999
272.999
272.999
272.999
272.999
272.999
272.999
273
273
273
273
273
273
273.001
273.001
273.001
273.001
273.001
273.001
272.999
272.998
272.997
272.998
272.998
272.998
272.998
272.998
272.998
272.998
272.998
272.998
272.998
272.998
272.998
272.998
272.998
272.998
)
;

boundaryField
{
    leftWall
    {
        type            zeroGradient;
    }
    rightWall
    {
        type            zeroGradient;
    }
    lowerWall
    {
        type            zeroGradient;
    }
    atmosphere
    {
        type            zeroGradient;
    }
    defaultFaces
    {
        type            empty;
    }
}


// ************************************************************************* //
