/*--------------------------------*- C++ -*----------------------------------*\
| =========                 |                                                 |
| \\      /  F ield         | OpenFOAM: The Open Source CFD Toolbox           |
|  \\    /   O peration     | Version:  2012                                  |
|   \\  /    A nd           | Website:  www.openfoam.com                      |
|    \\/     M anipulation  |                                                 |
\*---------------------------------------------------------------------------*/
FoamFile
{
    version     2.0;
    format      ascii;
    class       volScalarField;
    location    "0.9";
    object      pcorr;
}
// * * * * * * * * * * * * * * * * * * * * * * * * * * * * * * * * * * * * * //

dimensions      [1 -1 -2 0 0 0 0];


internalField   nonuniform List<scalar> 
2268
(
101370
101370
101370
101370
101370
101370
101370
101370
101370
101369
101368
101368
101367
101367
101367
101368
101369
101371
101375
101379
101384
101389
101392
101370
101370
101370
101370
101370
101370
101370
101370
101370
101369
101368
101368
101367
101367
101367
101367
101369
101371
101375
101379
101384
101389
101392
101370
101370
101370
101370
101370
101370
101370
101370
101370
101369
101368
101368
101367
101366
101366
101367
101368
101371
101374
101379
101385
101390
101394
101370
101370
101370
101370
101370
101371
101371
101370
101370
101369
101368
101368
101367
101366
101366
101366
101368
101370
101373
101378
101385
101391
101396
101370
101370
101370
101370
101370
101371
101371
101371
101370
101369
101368
101368
101367
101366
101365
101366
101367
101369
101372
101378
101385
101393
101399
101370
101370
101370
101370
101370
101371
101371
101371
101370
101369
101369
101367
101366
101365
101365
101365
101366
101368
101371
101376
101385
101395
101403
101370
101370
101369
101370
101370
101371
101372
101371
101371
101370
101369
101367
101366
101365
101364
101364
101364
101366
101369
101374
101385
101398
101409
101370
101369
101369
101369
101370
101371
101372
101372
101371
101370
101369
101367
101366
101364
101363
101363
101363
101364
101366
101371
101384
101401
101418
101679
101661
101646
101644
101643
101644
101644
101645
101596
101538
101492
101461
101438
101428
101422
101416
101412
101409
101404
101679
101660
101644
101644
101643
101643
101643
101645
101598
101534
101487
101456
101436
101428
101421
101416
101411
101408
101403
101680
101653
101644
101643
101643
101643
101643
101643
101599
101527
101476
101448
101430
101424
101419
101415
101411
101408
101401
101678
101647
101644
101643
101643
101643
101642
101640
101589
101513
101462
101434
101423
101419
101415
101413
101409
101405
101397
101677
101649
101644
101643
101638
101634
101642
101631
101569
101494
101443
101416
101412
101413
101411
101408
101406
101399
101392
101674
101648
101643
101634
101612
101613
101633
101612
101542
101471
101420
101397
101402
101409
101409
101405
101400
101392
101385
101651
101638
101626
101612
101609
101607
101614
101584
101514
101445
101397
101392
101399
101406
101407
101402
101394
101384
101378
101627
101624
101610
101610
101608
101606
101604
101560
101486
101417
101384
101388
101397
101403
101404
101402
101388
101376
101369
101370
101369
101369
101369
101370
101372
101373
101373
101371
101370
101369
101367
101365
101363
101361
101360
101360
101361
101361
101364
101382
101406
101438
101371
101369
101367
101367
101369
101374
101377
101374
101372
101371
101370
101367
101364
101361
101359
101357
101357
101358
101359
101360
101374
101400
101439
101373
101369
101364
101362
101367
101375
101381
101374
101369
101369
101369
101366
101362
101355
101355
101357
101357
101358
101358
101359
101361
101393
101439
101379
101370
101359
101351
101359
101367
101369
101361
101357
101358
101360
101356
101354
101355
101355
101356
101357
101357
101358
101359
101373
101395
101422
101393
101373
101352
101337
101343
101352
101352
101348
101353
101355
101355
101353
101353
101354
101355
101356
101357
101357
101358
101362
101374
101390
101403
101420
101379
101351
101347
101337
101337
101338
101345
101351
101353
101353
101352
101352
101353
101354
101355
101356
101357
101359
101365
101375
101383
101383
101389
101357
101346
101340
101338
101338
101338
101339
101342
101346
101346
101351
101351
101351
101353
101355
101357
101358
101361
101367
101382
101379
101366
101353
101340
101339
101338
101338
101338
101338
101338
101338
101337
101339
101348
101349
101350
101351
101355
101358
101358
101361
101364
101379
101378
101358
101338
101338
101338
101338
101337
101337
101337
101337
101337
101337
101337
101338
101344
101346
101351
101349
101348
101343
101349
101355
101363
101366
101353
101337
101337
101337
101337
101337
101337
101337
101337
101337
101337
101337
101338
101339
101339
101338
101336
101335
101335
101336
101340
101340
101333
101332
101337
101337
101337
101337
101337
101337
101337
101337
101337
101337
101337
101337
101338
101337
101337
101336
101335
101335
101335
101335
101335
101334
101334
101337
101336
101336
101336
101336
101336
101336
101336
101336
101336
101336
101337
101337
101336
101336
101335
101335
101335
101335
101335
101334
101334
101334
101336
101336
101336
101336
101336
101336
101336
101336
101336
101336
101336
101336
101336
101336
101335
101335
101335
101335
101334
101334
101334
101334
101333
101335
101335
101335
101335
101335
101335
101335
101335
101335
101335
101335
101335
101335
101335
101335
101335
101334
101334
101334
101334
101334
101333
101333
101335
101335
101335
101335
101335
101335
101335
101335
101335
101335
101335
101335
101335
101335
101334
101334
101334
101334
101334
101333
101333
101333
101333
101335
101335
101335
101335
101335
101335
101335
101335
101335
101334
101334
101334
101334
101334
101334
101334
101334
101333
101333
101333
101333
101333
101332
101334
101334
101334
101334
101334
101334
101334
101334
101334
101334
101334
101334
101334
101334
101334
101333
101333
101333
101333
101333
101333
101332
101332
101334
101334
101334
101334
101334
101334
101334
101334
101334
101334
101334
101333
101333
101333
101333
101333
101333
101333
101333
101332
101332
101332
101332
101333
101333
101333
101333
101333
101333
101333
101333
101333
101333
101333
101333
101333
101333
101333
101333
101333
101332
101332
101332
101332
101332
101332
101333
101333
101333
101333
101333
101333
101333
101333
101333
101333
101333
101333
101333
101332
101332
101332
101332
101332
101332
101332
101332
101331
101331
101333
101333
101333
101333
101333
101333
101333
101332
101332
101332
101332
101332
101332
101332
101332
101332
101332
101332
101332
101331
101331
101331
101331
101332
101332
101332
101332
101332
101332
101332
101332
101332
101332
101332
101332
101332
101332
101332
101332
101331
101331
101331
101331
101331
101331
101331
101332
101332
101332
101332
101332
101332
101332
101332
101332
101332
101332
101332
101331
101331
101331
101331
101331
101331
101331
101331
101331
101331
101330
101331
101331
101331
101331
101331
101331
101331
101331
101331
101331
101331
101331
101331
101331
101331
101331
101331
101331
101331
101331
101330
101330
101330
101331
101331
101331
101331
101331
101331
101331
101331
101331
101331
101331
101331
101331
101331
101331
101331
101330
101330
101330
101330
101330
101330
101330
101331
101331
101331
101331
101331
101331
101331
101331
101331
101331
101330
101330
101330
101330
101330
101330
101330
101330
101330
101330
101330
101330
101330
101330
101330
101330
101330
101330
101330
101330
101330
101330
101330
101330
101330
101330
101330
101330
101330
101330
101330
101330
101330
101330
101329
101329
101330
101330
101330
101330
101330
101330
101330
101330
101330
101330
101330
101330
101330
101330
101330
101330
101329
101329
101329
101329
101329
101329
101329
101330
101330
101330
101330
101330
101330
101330
101330
101329
101329
101329
101329
101329
101329
101329
101329
101329
101329
101329
101329
101329
101329
101329
101329
101329
101329
101329
101329
101329
101329
101329
101329
101329
101329
101329
101329
101329
101329
101329
101329
101329
101329
101329
101329
101329
101329
101329
101329
101329
101329
101329
101329
101329
101329
101329
101329
101329
101329
101329
101329
101329
101329
101329
101328
101328
101328
101328
101328
101328
101329
101329
101329
101329
101329
101329
101329
101328
101328
101328
101328
101328
101328
101328
101328
101328
101328
101328
101328
101328
101328
101328
101328
101328
101328
101328
101328
101328
101328
101328
101328
101328
101328
101328
101328
101328
101328
101328
101328
101328
101328
101328
101328
101328
101328
101328
101328
101328
101328
101328
101328
101328
101328
101328
101328
101328
101328
101328
101328
101328
101328
101328
101328
101328
101328
101327
101327
101327
101327
101328
101328
101328
101328
101328
101328
101327
101327
101327
101327
101327
101327
101327
101327
101327
101327
101327
101327
101327
101327
101327
101327
101327
101327
101327
101327
101327
101327
101327
101327
101327
101327
101327
101327
101327
101327
101327
101327
101327
101327
101327
101327
101327
101327
101327
101327
101327
101327
101327
101327
101327
101327
101327
101327
101327
101327
101327
101327
101327
101327
101327
101327
101327
101327
101327
101327
101327
101327
101327
101327
101327
101327
101327
101327
101326
101326
101326
101326
101326
101326
101326
101326
101326
101326
101326
101326
101326
101326
101326
101326
101326
101326
101326
101326
101326
101326
101326
101326
101326
101326
101326
101326
101326
101326
101326
101326
101326
101326
101326
101326
101326
101326
101326
101326
101326
101326
101326
101326
101326
101326
101326
101326
101326
101326
101326
101326
101326
101326
101326
101326
101326
101326
101326
101326
101326
101326
101326
101326
101326
101326
101326
101326
101326
101326
101325
101325
101325
101325
101325
101325
101325
101325
101325
101325
101325
101325
101325
101325
101325
101325
101325
101325
101325
101325
101325
101325
101325
101325
101325
101325
101325
101325
101325
101325
101325
101325
101325
101325
101325
101325
101325
101325
101325
101325
101482
101508
101528
101548
101476
101496
101512
101527
101463
101478
101490
101505
101439
101449
101460
101472
101411
101416
101423
101432
101381
101381
101392
101405
101358
101371
101376
101375
101342
101341
101350
101352
101343
101333
101336
101339
101341
101341
101339
101338
101334
101336
101336
101336
101334
101334
101333
101333
101333
101333
101333
101333
101333
101333
101333
101333
101333
101333
101332
101332
101332
101332
101332
101332
101332
101332
101332
101332
101332
101332
101332
101332
101331
101331
101331
101331
101331
101331
101331
101331
101331
101331
101331
101331
101331
101331
101331
101331
101330
101330
101330
101330
101330
101330
101330
101330
101330
101330
101330
101330
101330
101330
101329
101329
101329
101329
101329
101329
101329
101329
101329
101329
101329
101329
101329
101329
101328
101328
101328
101328
101328
101328
101328
101328
101328
101328
101328
101328
101328
101328
101328
101328
101327
101327
101327
101327
101327
101327
101327
101327
101327
101327
101327
101327
101327
101327
101327
101326
101326
101326
101326
101326
101326
101326
101326
101326
101326
101326
101326
101326
101325
101325
101325
101325
101325
101325
101325
101325
101586
101603
101604
101607
101605
101603
101596
101526
101440
101376
101373
101382
101394
101398
101396
101394
101375
101359
101353
101557
101587
101593
101600
101599
101594
101561
101463
101375
101351
101361
101371
101384
101375
101367
101360
101346
101333
101331
101532
101568
101581
101581
101582
101555
101480
101391
101348
101347
101350
101354
101356
101352
101345
101334
101331
101331
101331
101494
101524
101544
101480
101444
101434
101402
101352
101344
101342
101339
101333
101333
101332
101332
101331
101331
101331
101331
101455
101455
101416
101344
101342
101349
101350
101342
101339
101337
101334
101333
101332
101332
101331
101331
101331
101331
101331
101409
101379
101342
101341
101341
101339
101333
101332
101332
101332
101333
101333
101332
101332
101331
101331
101331
101331
101331
101367
101343
101341
101341
101340
101335
101333
101332
101332
101332
101332
101332
101332
101331
101331
101331
101331
101331
101331
101351
101340
101341
101340
101340
101335
101333
101332
101332
101332
101332
101331
101331
101331
101331
101331
101331
101331
101331
101340
101337
101340
101339
101338
101334
101332
101332
101332
101332
101331
101331
101331
101331
101331
101331
101331
101331
101331
101337
101336
101334
101335
101334
101332
101332
101332
101332
101331
101331
101331
101331
101331
101331
101331
101331
101331
101331
101335
101335
101334
101333
101332
101332
101332
101331
101331
101331
101331
101331
101331
101331
101331
101331
101331
101331
101331
101334
101334
101333
101333
101332
101332
101331
101331
101331
101331
101331
101331
101331
101331
101331
101331
101331
101331
101331
101333
101333
101333
101332
101332
101331
101331
101331
101331
101331
101331
101331
101331
101331
101331
101330
101330
101330
101330
101332
101332
101332
101331
101331
101331
101331
101331
101331
101331
101331
101331
101331
101330
101330
101330
101330
101330
101330
101332
101332
101332
101331
101331
101331
101331
101331
101331
101331
101331
101331
101330
101330
101330
101330
101330
101330
101330
101332
101332
101331
101331
101331
101331
101331
101331
101331
101331
101330
101330
101330
101330
101330
101330
101330
101330
101330
101332
101331
101331
101331
101331
101331
101331
101331
101330
101330
101330
101330
101330
101330
101330
101330
101330
101330
101330
101331
101331
101331
101331
101331
101331
101330
101330
101330
101330
101330
101330
101330
101330
101330
101330
101330
101330
101330
101331
101331
101331
101331
101331
101330
101330
101330
101330
101330
101330
101330
101330
101330
101330
101330
101330
101330
101330
101331
101331
101331
101330
101330
101330
101330
101330
101330
101330
101330
101330
101330
101330
101330
101330
101330
101330
101330
101331
101331
101330
101330
101330
101330
101330
101330
101330
101330
101330
101330
101330
101329
101329
101329
101329
101329
101329
101330
101330
101330
101330
101330
101330
101330
101330
101330
101330
101329
101329
101329
101329
101329
101329
101329
101329
101329
101330
101330
101330
101330
101330
101330
101330
101329
101329
101329
101329
101329
101329
101329
101329
101329
101329
101329
101329
101330
101330
101330
101330
101330
101329
101329
101329
101329
101329
101329
101329
101329
101329
101329
101329
101329
101329
101329
101330
101330
101329
101329
101329
101329
101329
101329
101329
101329
101329
101329
101329
101329
101329
101329
101329
101329
101329
101329
101329
101329
101329
101329
101329
101329
101329
101329
101329
101329
101329
101329
101329
101329
101329
101329
101329
101328
101329
101329
101329
101329
101329
101329
101329
101329
101329
101329
101328
101328
101328
101328
101328
101328
101328
101328
101328
101329
101329
101329
101329
101329
101329
101328
101328
101328
101328
101328
101328
101328
101328
101328
101328
101328
101328
101328
101329
101329
101328
101328
101328
101328
101328
101328
101328
101328
101328
101328
101328
101328
101328
101328
101328
101328
101328
101328
101328
101328
101328
101328
101328
101328
101328
101328
101328
101328
101328
101328
101328
101328
101328
101328
101328
101328
101328
101328
101328
101328
101328
101328
101328
101328
101328
101328
101328
101328
101328
101328
101328
101328
101328
101328
101328
101328
101328
101328
101328
101328
101328
101328
101328
101327
101327
101327
101327
101327
101327
101327
101327
101327
101327
101327
101328
101328
101327
101327
101327
101327
101327
101327
101327
101327
101327
101327
101327
101327
101327
101327
101327
101327
101327
101327
101327
101327
101327
101327
101327
101327
101327
101327
101327
101327
101327
101327
101327
101327
101327
101327
101327
101327
101327
101327
101327
101327
101327
101327
101327
101327
101327
101327
101327
101327
101327
101327
101327
101327
101327
101327
101327
101327
101327
101327
101327
101327
101327
101327
101327
101327
101327
101327
101327
101326
101326
101326
101326
101326
101326
101326
101326
101326
101326
101326
101326
101326
101326
101326
101326
101326
101326
101326
101326
101326
101326
101326
101326
101326
101326
101326
101326
101326
101326
101326
101326
101326
101326
101326
101326
101326
101326
101326
101326
101326
101326
101326
101326
101326
101326
101326
101326
101326
101326
101326
101326
101326
101326
101326
101326
101326
101326
101326
101326
101326
101326
101326
101326
101326
101326
101326
101326
101326
101326
101326
101326
101326
101326
101326
101326
101326
101326
101326
101326
101326
101326
101326
101325
101325
101325
101325
101325
101325
101325
101325
101325
101325
101325
101325
101325
101325
101325
101325
101325
101325
101325
101325
101325
101325
101325
101325
101325
101325
101325
101325
101325
101325
101325
101325
101325
101325
101325
101325
101325
101325
)
;

boundaryField
{
    leftWall
    {
        type            zeroGradient;
    }
    rightWall
    {
        type            zeroGradient;
    }
    lowerWall
    {
        type            zeroGradient;
    }
    atmosphere
    {
        type            fixedValue;
        value           uniform 101325;
    }
    defaultFaces
    {
        type            empty;
    }
}


// ************************************************************************* //
