/*--------------------------------*- C++ -*----------------------------------*\
| =========                 |                                                 |
| \\      /  F ield         | OpenFOAM: The Open Source CFD Toolbox           |
|  \\    /   O peration     | Version:  2012                                  |
|   \\  /    A nd           | Website:  www.openfoam.com                      |
|    \\/     M anipulation  |                                                 |
\*---------------------------------------------------------------------------*/
FoamFile
{
    version     2.0;
    format      ascii;
    class       volVectorField;
    location    "0.9";
    object      U;
}
// * * * * * * * * * * * * * * * * * * * * * * * * * * * * * * * * * * * * * //

dimensions      [0 1 -1 0 0 0 0];


internalField   nonuniform List<vector> 
2268
(
(-0.0149049 0.00712526 0)
(-0.0446843 0.00631178 0)
(-0.0716352 0.00585304 0)
(-0.0958779 0.00389806 0)
(-0.115263 0.00250766 0)
(-0.131255 0.00133785 0)
(-0.144 0.00174428 0)
(-0.15326 0.00185943 0)
(-0.161526 0.00195577 0)
(-0.166485 0.00139878 0)
(-0.168086 -6.44329e-05 0)
(-0.162487 -0.00177793 0)
(-0.15542 -0.00311757 0)
(-0.138291 -0.00518645 0)
(-0.118047 -0.00704868 0)
(-0.0863622 -0.00935987 0)
(-0.0482699 -0.0113047 0)
(-0.00347847 -0.0122546 0)
(0.0400011 -0.0126234 0)
(0.0754828 -0.011883 0)
(0.0937958 -0.00813899 0)
(0.0582842 -0.00774621 0)
(0.0458403 0.00450345 0)
(-0.0149721 0.0209849 0)
(-0.0452842 0.0204627 0)
(-0.0729578 0.0182647 0)
(-0.0970068 0.0166993 0)
(-0.115681 0.0141218 0)
(-0.131169 0.0122552 0)
(-0.143934 0.0085767 0)
(-0.153732 0.00643972 0)
(-0.162073 0.00423373 0)
(-0.167218 0.00171381 0)
(-0.169037 -0.00187878 0)
(-0.163637 -0.00418173 0)
(-0.15716 -0.0083746 0)
(-0.140036 -0.0124336 0)
(-0.119546 -0.0175535 0)
(-0.0871689 -0.023564 0)
(-0.0491803 -0.0279319 0)
(-0.00289069 -0.0293925 0)
(0.041653 -0.0247525 0)
(0.0776111 -0.0134595 0)
(0.0952197 0.0162471 0)
(0.0642299 0.0304549 0)
(0.0399505 0.0446415 0)
(-0.015788 0.0357334 0)
(-0.0466807 0.0338503 0)
(-0.0736548 0.0304463 0)
(-0.0982919 0.0242473 0)
(-0.118004 0.0187973 0)
(-0.134305 0.0147992 0)
(-0.147219 0.0125104 0)
(-0.156423 0.0105215 0)
(-0.16438 0.0084113 0)
(-0.168239 0.00476344 0)
(-0.170882 -0.00171932 0)
(-0.166207 -0.00731871 0)
(-0.160042 -0.0142859 0)
(-0.14223 -0.0228881 0)
(-0.122494 -0.0320722 0)
(-0.0882935 -0.0425374 0)
(-0.0503041 -0.0512003 0)
(0.000473055 -0.0551483 0)
(0.04815 -0.0507427 0)
(0.0904648 -0.0371711 0)
(0.115523 -0.00194789 0)
(0.0789084 0.0184575 0)
(0.0414418 0.0537616 0)
(-0.0160522 0.0502734 0)
(-0.0475487 0.0476008 0)
(-0.0759913 0.0423597 0)
(-0.100001 0.0374538 0)
(-0.118502 0.030833 0)
(-0.13444 0.0259735 0)
(-0.147041 0.0187817 0)
(-0.15702 0.0144849 0)
(-0.165314 0.00962327 0)
(-0.17075 0.00473689 0)
(-0.174839 -0.0029878 0)
(-0.170268 -0.00932612 0)
(-0.165109 -0.0198022 0)
(-0.147908 -0.030169 0)
(-0.128557 -0.0431203 0)
(-0.0938675 -0.0576485 0)
(-0.0557864 -0.0699353 0)
(-0.000954527 -0.0757903 0)
(0.0516091 -0.0673104 0)
(0.102547 -0.0451204 0)
(0.129907 0.0218208 0)
(0.0998055 0.0655589 0)
(0.0420729 0.101427 0)
(-0.0176151 0.0661048 0)
(-0.0509838 0.0624855 0)
(-0.0792553 0.0556044 0)
(-0.104737 0.0446754 0)
(-0.124532 0.0354308 0)
(-0.140834 0.0284804 0)
(-0.153294 0.0234587 0)
(-0.161326 0.0193211 0)
(-0.168771 0.0151367 0)
(-0.173264 0.00937673 0)
(-0.178354 -0.00180114 0)
(-0.175463 -0.0118078 0)
(-0.170907 -0.0248222 0)
(-0.153329 -0.0400646 0)
(-0.134893 -0.0576328 0)
(-0.0975095 -0.0768332 0)
(-0.0578454 -0.0952106 0)
(0.00432995 -0.105963 0)
(0.0637349 -0.0998038 0)
(0.132611 -0.0742102 0)
(0.167827 -0.00102415 0)
(0.130139 0.0599797 0)
(0.0675184 0.120685 0)
(-0.0172592 0.0822829 0)
(-0.0526524 0.0763324 0)
(-0.0835236 0.0672586 0)
(-0.107314 0.0584414 0)
(-0.125707 0.0474063 0)
(-0.141898 0.0393805 0)
(-0.153338 0.0280764 0)
(-0.161857 0.0216341 0)
(-0.169797 0.0149348 0)
(-0.178331 0.00917307 0)
(-0.185384 -0.00219913 0)
(-0.182291 -0.0129136 0)
(-0.179148 -0.0303908 0)
(-0.163896 -0.0472145 0)
(-0.144938 -0.069585 0)
(-0.107863 -0.0940606 0)
(-0.0673309 -0.118074 0)
(-0.00137688 -0.132967 0)
(0.0685014 -0.127871 0)
(0.152533 -0.0939947 0)
(0.180096 0.0233373 0)
(0.148071 0.113201 0)
(0.0613861 0.195153 0)
(-0.0196822 0.099629 0)
(-0.0561894 0.0943084 0)
(-0.0874038 0.0820123 0)
(-0.113951 0.065158 0)
(-0.133074 0.0523161 0)
(-0.149858 0.0417963 0)
(-0.161665 0.033328 0)
(-0.166973 0.0273341 0)
(-0.173698 0.0233463 0)
(-0.181217 0.0168431 0)
(-0.189566 0.00034595 0)
(-0.190475 -0.0146255 0)
(-0.189292 -0.0334396 0)
(-0.17396 -0.0561169 0)
(-0.154782 -0.0841122 0)
(-0.115967 -0.11337 0)
(-0.0733173 -0.145704 0)
(-0.00154436 -0.170438 0)
(0.0736885 -0.172927 0)
(0.165959 -0.127184 0)
(0.196992 0.000425107 0)
(0.183905 0.115877 0)
(0.104447 0.21868 0)
(-0.0211166 0.117575 0)
(-0.0666443 0.107706 0)
(-0.0993656 0.0938799 0)
(-0.120319 0.0793571 0)
(-0.137763 0.0637568 0)
(-0.154142 0.0526309 0)
(-0.162973 0.0356726 0)
(-0.166954 0.0270411 0)
(-0.174025 0.0211997 0)
(-0.188644 0.0165767 0)
(-0.199804 0.00180939 0)
(-0.200249 -0.0131452 0)
(-0.200716 -0.0383488 0)
(-0.185913 -0.0635805 0)
(-0.166424 -0.0970873 0)
(-0.133805 -0.132642 0)
(-0.0991696 -0.172078 0)
(-0.0337257 -0.201884 0)
(0.0358157 -0.206593 0)
(0.132269 -0.151644 0)
(0.168492 0.0153007 0)
(0.169824 0.157474 0)
(0.100291 0.333277 0)
(-0.475774 0.2384 0)
(-1.23038 0.161129 0)
(-1.71439 0.0880663 0)
(-1.90228 0.0162875 0)
(-2.05633 -0.0543869 0)
(-1.85278 -0.0500083 0)
(-1.67088 -0.0754143 0)
(-1.4586 -0.119721 0)
(-0.844246 -0.140295 0)
(-0.312936 -0.102551 0)
(0.0276632 -0.0221508 0)
(0.136229 0.109615 0)
(-0.217135 0.0971858 0)
(-0.549095 -0.0262287 0)
(-0.675776 -0.0341284 0)
(-0.684344 0.0307378 0)
(-0.640818 0.00152844 0)
(-0.546536 -0.0867672 0)
(-0.168867 -0.0880228 0)
(-0.339819 0.48638 0)
(-0.973822 0.368544 0)
(-1.44958 0.198451 0)
(-1.7479 0.118104 0)
(-2.17916 0.0641978 0)
(-1.91979 -0.134159 0)
(-1.47395 -0.0993081 0)
(-1.13774 -0.22974 0)
(-0.627199 -0.351193 0)
(-0.238212 -0.267919 0)
(0.0243042 -0.168856 0)
(0.386072 -0.00414509 0)
(0.463105 0.193641 0)
(0.275397 0.221873 0)
(-0.148773 0.0925174 0)
(-0.414554 -0.0467928 0)
(-0.487539 -0.0602655 0)
(-0.294063 -0.114217 0)
(-0.131555 -0.217156 0)
(-0.320616 0.787395 0)
(-0.77964 0.630297 0)
(-1.08859 0.41526 0)
(-1.28544 0.332486 0)
(-1.36424 -0.00461786 0)
(-0.765506 -0.318466 0)
(-1.34237 -0.365517 0)
(-0.805583 -0.47607 0)
(-0.444462 -0.525296 0)
(-0.236435 -0.378578 0)
(-0.0205677 -0.287277 0)
(0.252344 -0.0807642 0)
(0.670385 0.144484 0)
(0.671236 0.23485 0)
(0.548213 0.256344 0)
(0.151076 0.178279 0)
(-0.294722 -0.048591 0)
(-0.0252271 -0.238154 0)
(-0.00942871 -0.268736 0)
(-0.246368 0.958564 0)
(-0.517671 0.703629 0)
(-0.325845 0.430103 0)
(-0.223218 0.186665 0)
(-0.202429 -0.0958729 0)
(-0.138866 -0.160058 0)
(-0.517877 -0.217654 0)
(-0.445951 -0.586836 0)
(-0.321994 -0.601297 0)
(-0.254112 -0.447109 0)
(-0.053791 -0.376711 0)
(0.10425 -0.295 0)
(0.616481 0.0141692 0)
(0.677776 0.274407 0)
(0.56359 0.315761 0)
(0.408166 0.304541 0)
(0.233218 0.0141069 0)
(0.183963 -0.235041 0)
(0.077816 -0.232293 0)
(-0.111792 1.10561 0)
(-0.232761 0.653916 0)
(0.0678117 0.304817 0)
(-0.100987 0.273503 0)
(-0.1643 -0.0419083 0)
(-0.0585535 -0.161951 0)
(-0.0454728 -0.190435 0)
(-0.178873 -0.546213 0)
(-0.258895 -0.607437 0)
(-0.247024 -0.492607 0)
(-0.105769 -0.439538 0)
(-0.0305925 -0.368518 0)
(0.14927 -0.0981791 0)
(0.566789 0.258165 0)
(0.476199 0.36965 0)
(0.365059 0.323783 0)
(0.382709 0.050403 0)
(0.258876 -0.171876 0)
(0.104368 -0.157594 0)
(-0.0403783 1.10416 0)
(0.0380535 0.637386 0)
(-0.139927 0.384982 0)
(-0.240745 0.270418 0)
(-0.122626 -0.11396 0)
(-0.0316378 -0.210334 0)
(0.0136357 -0.181055 0)
(-0.0554277 -0.493162 0)
(-0.238085 -0.576064 0)
(-0.255778 -0.511099 0)
(-0.18949 -0.46887 0)
(-0.115275 -0.402063 0)
(-0.130887 -0.24154 0)
(0.347784 0.13549 0)
(0.315016 0.400771 0)
(0.287189 0.340699 0)
(0.317954 0.059388 0)
(0.201168 -0.116772 0)
(0.0757642 -0.0779679 0)
(-0.0451882 1.10735 0)
(-0.0744993 0.688858 0)
(-0.280106 0.422599 0)
(-0.180504 0.266578 0)
(0.0126857 -0.129403 0)
(-0.10355 -0.220491 0)
(0.0320076 -0.181319 0)
(-0.0434484 -0.439225 0)
(-0.284606 -0.521241 0)
(-0.292165 -0.514304 0)
(-0.291886 -0.499843 0)
(-0.20616 -0.395363 0)
(-0.463313 -0.294687 0)
(-0.299362 0.0723449 0)
(0.0208659 0.397919 0)
(0.177873 0.32317 0)
(0.19624 0.0857165 0)
(0.0616773 -0.0685481 0)
(0.0400125 -0.0401977 0)
(-0.0629435 1.15161 0)
(-0.183045 0.744052 0)
(-0.274272 0.426987 0)
(0.00115537 0.166264 0)
(0.37438 -0.15769 0)
(-0.188 -0.206726 0)
(0.0152474 -0.207904 0)
(-0.142163 -0.357194 0)
(-0.359152 -0.471349 0)
(-0.379295 -0.507251 0)
(-0.410867 -0.504044 0)
(-0.497986 -0.323815 0)
(-0.75483 -0.20243 0)
(-0.807761 -0.0719626 0)
(-0.370751 0.194244 0)
(-0.0792753 0.26512 0)
(-0.0580344 0.108884 0)
(-0.146903 -0.0495127 0)
(-0.047202 -0.034408 0)
(-0.0235353 0.155364 0)
(-0.0684727 0.145744 0)
(-0.106654 0.116085 0)
(-0.137342 0.0867981 0)
(-0.155929 0.0719391 0)
(-0.173295 0.0547312 0)
(-0.180024 0.0423327 0)
(-0.171915 0.0361039 0)
(-0.172841 0.0416306 0)
(-0.183304 0.0360068 0)
(-0.200474 0.00878662 0)
(-0.211209 -0.0146053 0)
(-0.217549 -0.0410778 0)
(-0.208141 -0.0770719 0)
(-0.202658 -0.115227 0)
(-0.174429 -0.151797 0)
(-0.147183 -0.20519 0)
(-0.0757479 -0.253464 0)
(-0.0216533 -0.27813 0)
(0.0576846 -0.212758 0)
(0.0710275 -0.0363826 0)
(0.28727 0.141435 0)
(0.203397 0.348383 0)
(-0.0320896 0.195707 0)
(-0.0960671 0.176508 0)
(-0.130166 0.154367 0)
(-0.146681 0.124984 0)
(-0.158661 0.0962491 0)
(-0.166758 0.0759678 0)
(-0.163107 0.0313748 0)
(-0.144518 0.0161961 0)
(-0.145612 0.0245986 0)
(-0.203966 0.0375095 0)
(-0.238588 0.0266371 0)
(-0.249202 0.00451809 0)
(-0.261681 -0.0406572 0)
(-0.27673 -0.0737417 0)
(-0.28011 -0.124552 0)
(-0.265045 -0.181916 0)
(-0.238071 -0.259685 0)
(-0.181992 -0.30929 0)
(-0.149371 -0.314779 0)
(-0.188007 -0.221295 0)
(-0.146485 -0.196875 0)
(0.0709271 0.0299502 0)
(0.0768472 0.284585 0)
(-0.0484719 0.285325 0)
(-0.151833 0.245707 0)
(-0.219716 0.167563 0)
(-0.256972 0.117256 0)
(-0.264516 0.0931617 0)
(-0.250018 0.0586538 0)
(-0.209873 0.020117 0)
(-0.0752776 0.0179025 0)
(-0.0134183 0.103512 0)
(-0.114805 0.127785 0)
(-0.305905 0.0557996 0)
(-0.373792 0.0083804 0)
(-0.376308 -0.0131532 0)
(-0.36916 -0.0586128 0)
(-0.382837 -0.126999 0)
(-0.344913 -0.193858 0)
(-0.127905 -0.281106 0)
(0.0294516 -0.329391 0)
(-0.2272 -0.260487 0)
(-0.0526956 -0.250303 0)
(-0.0506723 -0.294308 0)
(0.0523442 -0.0825626 0)
(0.0591598 0.28532 0)
(-0.0663164 0.395768 0)
(-0.201963 0.346742 0)
(-0.357029 0.259664 0)
(-0.559084 0.167038 0)
(-0.674938 0.0881354 0)
(-0.700685 0.0224006 0)
(-0.540359 -0.141338 0)
(-0.398401 -0.181009 0)
(-0.150181 0.061833 0)
(-0.120697 0.334804 0)
(-0.185091 0.283932 0)
(-0.275811 0.0759221 0)
(-0.316476 -0.0458605 0)
(-0.210561 -0.0665769 0)
(-0.14054 -0.145156 0)
(-0.309028 -0.43425 0)
(-0.144386 -0.633926 0)
(-0.0958705 -0.255058 0)
(-0.132413 -0.244338 0)
(-0.10577 -0.344632 0)
(-0.180187 -0.302052 0)
(-0.187332 -0.0827774 0)
(-0.237744 0.273408 0)
(-0.111585 0.557699 0)
(-0.329221 0.541165 0)
(-0.641327 0.526182 0)
(-1.00737 0.441127 0)
(-1.1796 0.242409 0)
(-1.09511 -0.0800629 0)
(-1.08733 -0.285867 0)
(-1.09394 -0.384007 0)
(-1.14291 -0.148292 0)
(-0.699415 0.1166 0)
(-0.244395 0.22676 0)
(0.0436045 0.140461 0)
(0.2574 -0.0775562 0)
(0.276707 -0.233198 0)
(-0.129216 -0.0407238 0)
(-0.32715 -0.214919 0)
(-0.528331 -0.475501 0)
(-0.412397 -0.301535 0)
(-0.368681 -0.240435 0)
(-0.424792 -0.235667 0)
(-0.492299 -0.208197 0)
(-0.557779 -0.0221745 0)
(-0.632692 0.393908 0)
(-0.145707 0.836857 0)
(-0.383104 0.873975 0)
(-0.658219 0.941752 0)
(-1.25726 0.703509 0)
(-1.44749 0.171326 0)
(-1.49762 -0.0770986 0)
(-1.68926 -0.141753 0)
(-1.88025 -0.111268 0)
(-1.77528 -0.367639 0)
(-1.56944 -0.478365 0)
(-1.23071 -0.508866 0)
(-0.813279 -0.425156 0)
(-0.513776 -0.265771 0)
(-0.943456 0.336127 0)
(-1.24565 0.456362 0)
(-1.04609 0.0217197 0)
(-0.889402 -0.602478 0)
(-0.835154 -0.390247 0)
(-0.540974 -0.247614 0)
(-0.587089 -0.217832 0)
(-0.651204 -0.168597 0)
(-0.755546 0.0604882 0)
(-0.788549 0.442562 0)
(-0.11234 1.08931 0)
(-0.325465 1.05735 0)
(-0.473269 1.39023 0)
(-1.21448 1.20537 0)
(-1.44813 0.473121 0)
(-1.58866 0.160181 0)
(-1.84307 0.0482934 0)
(-1.71197 -0.313631 0)
(-1.63122 -0.440192 0)
(-1.55559 -0.485702 0)
(-1.5249 -0.526906 0)
(-1.50507 -0.552516 0)
(-1.44209 0.0238477 0)
(-1.67567 0.477423 0)
(-1.5418 0.0395361 0)
(-0.966278 -0.592806 0)
(-0.927111 -0.662802 0)
(-0.952354 -0.661009 0)
(-0.6563 -0.502849 0)
(-0.648036 -0.122553 0)
(-0.70925 -0.0394296 0)
(-0.758849 0.114121 0)
(-0.737346 0.409094 0)
(-0.11147 1.27943 0)
(-0.220272 1.22743 0)
(-0.422082 1.84237 0)
(-1.04436 1.72402 0)
(-1.26429 0.556569 0)
(-1.30238 0.351946 0)
(-1.47244 0.0860038 0)
(-1.51675 -0.342717 0)
(-1.5431 -0.530955 0)
(-1.52391 -0.575773 0)
(-1.52076 -0.564463 0)
(-1.53737 -0.538553 0)
(-1.67579 0.0598927 0)
(-1.37996 0.418 0)
(-0.92224 -0.225168 0)
(-0.92185 -0.5783 0)
(-0.929299 -0.624542 0)
(-0.966649 -0.637896 0)
(-0.976247 -0.556927 0)
(-1.04576 -0.151305 0)
(-0.955657 -0.0566041 0)
(-0.760863 0.0924664 0)
(-0.509096 0.368919 0)
(-0.27548 1.41426 0)
(-0.129408 1.38222 0)
(-0.611787 2.21161 0)
(-0.758753 2.0979 0)
(-1.06252 0.701594 0)
(-1.09176 0.396572 0)
(-1.10616 0.202833 0)
(-1.06874 -0.194239 0)
(-1.26833 -0.423608 0)
(-1.37375 -0.510162 0)
(-1.40831 -0.506132 0)
(-1.40588 -0.385399 0)
(-1.46202 -0.285402 0)
(-1.26151 -0.254977 0)
(-0.932885 -0.474493 0)
(-0.936486 -0.585074 0)
(-0.90883 -0.621792 0)
(-0.90328 -0.611885 0)
(-0.893414 -0.449249 0)
(-1.05608 -0.127826 0)
(-0.931513 -0.333666 0)
(-0.784931 -0.338731 0)
(-0.404676 0.1144 0)
(-0.387545 1.64297 0)
(-0.0735298 1.70676 0)
(-0.894726 2.3764 0)
(-0.532461 2.21168 0)
(-0.955614 0.860251 0)
(-0.84464 0.405552 0)
(-0.872044 0.0282658 0)
(-0.689776 -0.179583 0)
(-0.846704 -0.262554 0)
(-0.855226 -0.426247 0)
(-1.03808 -0.540312 0)
(-1.08935 -0.473575 0)
(-1.17476 -0.0611571 0)
(-1.05804 -0.181382 0)
(-1.01753 -0.512108 0)
(-0.935231 -0.606714 0)
(-0.852467 -0.655019 0)
(-0.80237 -0.652709 0)
(-0.749554 -0.409835 0)
(-0.823762 -0.111804 0)
(-0.781527 -0.338321 0)
(-0.689348 -0.428909 0)
(-0.600168 -0.369791 0)
(-0.438966 1.8403 0)
(0.182492 1.96948 0)
(-0.960685 2.55664 0)
(-0.351596 2.22214 0)
(-0.849726 0.969117 0)
(-0.584565 0.355122 0)
(-0.703524 0.0205365 0)
(-0.52691 -0.190177 0)
(-0.591223 -0.256235 0)
(-0.49822 -0.304475 0)
(-0.642586 -0.281573 0)
(-0.707601 -0.256201 0)
(-0.737565 -0.268334 0)
(-0.607124 -0.280099 0)
(-0.669267 -0.610971 0)
(-0.786311 -0.747785 0)
(-0.830389 -0.755609 0)
(-0.810668 -0.715817 0)
(-0.880795 -0.419908 0)
(-0.794868 -0.0831555 0)
(-0.758541 -0.464373 0)
(-0.6695 -0.526896 0)
(-0.60456 -0.616173 0)
(-0.438097 1.86746 0)
(0.392044 2.32879 0)
(-0.953964 2.82001 0)
(-0.315687 2.17284 0)
(-0.772759 1.04719 0)
(-0.443217 0.291631 0)
(-0.595971 -0.0568483 0)
(-0.368758 -0.277616 0)
(-0.44819 -0.312879 0)
(-0.331857 -0.362491 0)
(-0.435297 -0.342267 0)
(-0.378999 -0.332389 0)
(-0.417544 -0.262525 0)
(-0.291899 -0.259201 0)
(-0.319719 -0.354928 0)
(-0.43932 -0.458074 0)
(-0.599314 -0.632142 0)
(-0.740278 -0.609401 0)
(-0.85573 -0.430024 0)
(-0.708716 -0.235275 0)
(-0.594857 -0.463989 0)
(-0.687331 -0.57463 0)
(-0.602056 -0.499229 0)
(-0.431336 1.86185 0)
(0.0318072 2.56984 0)
(-0.966224 3.17057 0)
(-0.419052 2.09948 0)
(-0.697679 1.04831 0)
(-0.332777 0.214997 0)
(-0.454197 -0.0819087 0)
(-0.240167 -0.316938 0)
(-0.332315 -0.30464 0)
(-0.218364 -0.308595 0)
(-0.330392 -0.242431 0)
(-0.284684 -0.272476 0)
(-0.348548 -0.341516 0)
(-0.27181 -0.381969 0)
(-0.302639 -0.44983 0)
(-0.293161 -0.455064 0)
(-0.394751 -0.446227 0)
(-0.507233 -0.452947 0)
(-0.586749 -0.447477 0)
(-0.536157 -0.354943 0)
(-0.495597 -0.481656 0)
(-0.561466 -0.53752 0)
(-0.588031 -0.544604 0)
(-0.406614 2.24204 0)
(-0.502651 2.90195 0)
(-0.943613 3.23332 0)
(-0.581429 1.95134 0)
(-0.616377 0.920515 0)
(-0.294583 0.0802776 0)
(-0.340579 -0.174171 0)
(-0.157474 -0.382815 0)
(-0.242726 -0.34828 0)
(-0.135933 -0.353508 0)
(-0.219346 -0.282224 0)
(-0.145592 -0.302664 0)
(-0.225363 -0.291827 0)
(-0.214273 -0.298269 0)
(-0.289503 -0.339622 0)
(-0.324166 -0.373783 0)
(-0.405796 -0.419068 0)
(-0.433207 -0.423239 0)
(-0.518658 -0.395693 0)
(-0.522386 -0.330969 0)
(-0.536396 -0.425903 0)
(-0.626711 -0.47997 0)
(-0.699697 -0.539449 0)
(-0.420314 2.77849 0)
(-0.62919 3.13795 0)
(-0.856509 3.21967 0)
(-0.614619 1.79442 0)
(-0.521351 0.731847 0)
(-0.226783 -0.0382095 0)
(-0.230965 -0.240399 0)
(-0.0845772 -0.40002 0)
(-0.173933 -0.338269 0)
(-0.109743 -0.324433 0)
(-0.194564 -0.239754 0)
(-0.149611 -0.263678 0)
(-0.225845 -0.272914 0)
(-0.202551 -0.31684 0)
(-0.26755 -0.33621 0)
(-0.286413 -0.335656 0)
(-0.359189 -0.331446 0)
(-0.406927 -0.339206 0)
(-0.479553 -0.35662 0)
(-0.491786 -0.341476 0)
(-0.526529 -0.378979 0)
(-0.598508 -0.380759 0)
(-0.685666 -0.393757 0)
(-0.297357 3.28925 0)
(-0.573262 3.34751 0)
(-0.72388 3.20342 0)
(-0.554314 1.63834 0)
(-0.433558 0.509247 0)
(-0.16322 -0.191178 0)
(-0.149871 -0.332667 0)
(-0.0367069 -0.426702 0)
(-0.125698 -0.332915 0)
(-0.0870908 -0.323904 0)
(-0.156959 -0.247255 0)
(-0.124603 -0.265607 0)
(-0.192394 -0.24258 0)
(-0.201132 -0.254052 0)
(-0.282861 -0.256464 0)
(-0.317647 -0.283705 0)
(-0.383195 -0.298634 0)
(-0.413766 -0.305022 0)
(-0.478693 -0.306413 0)
(-0.52049 -0.285151 0)
(-0.582728 -0.310512 0)
(-0.656452 -0.319397 0)
(-0.735646 -0.329714 0)
(-0.173754 3.6504 0)
(-0.469424 3.57579 0)
(-0.54283 3.18586 0)
(-0.417112 1.51952 0)
(-0.295741 0.319196 0)
(-0.0575076 -0.309253 0)
(-0.0634817 -0.381947 0)
(0.00944389 -0.413397 0)
(-0.0811997 -0.297584 0)
(-0.0617675 -0.286059 0)
(-0.135315 -0.208525 0)
(-0.127034 -0.224277 0)
(-0.199804 -0.198905 0)
(-0.213313 -0.224631 0)
(-0.276632 -0.219367 0)
(-0.302203 -0.234317 0)
(-0.36978 -0.23298 0)
(-0.411146 -0.244235 0)
(-0.475856 -0.2492 0)
(-0.511825 -0.240334 0)
(-0.555208 -0.24423 0)
(-0.60339 -0.2317 0)
(-0.659934 -0.216944 0)
(-0.221994 3.93128 0)
(-0.329062 3.72146 0)
(-0.365286 3.14428 0)
(-0.20959 1.40907 0)
(-0.0942991 0.132674 0)
(0.0779652 -0.410534 0)
(0.0427896 -0.411301 0)
(0.0650094 -0.39771 0)
(-0.027742 -0.269419 0)
(-0.0358726 -0.261702 0)
(-0.110442 -0.186507 0)
(-0.123185 -0.19595 0)
(-0.191635 -0.158579 0)
(-0.218227 -0.174219 0)
(-0.286916 -0.16802 0)
(-0.324417 -0.189498 0)
(-0.385944 -0.189296 0)
(-0.422908 -0.198655 0)
(-0.481579 -0.202588 0)
(-0.522379 -0.205317 0)
(-0.570215 -0.213884 0)
(-0.611774 -0.213121 0)
(-0.649817 -0.204447 0)
(-0.210778 4.20369 0)
(-0.160879 3.72237 0)
(-0.183817 3.05741 0)
(0.100379 1.26049 0)
(0.183727 0.0138277 0)
(0.261896 -0.436718 0)
(0.183826 -0.381507 0)
(0.149159 -0.333506 0)
(0.0486993 -0.204942 0)
(0.0111631 -0.196787 0)
(-0.0755876 -0.126613 0)
(-0.112328 -0.138876 0)
(-0.189874 -0.106908 0)
(-0.227063 -0.127036 0)
(-0.294495 -0.114362 0)
(-0.335543 -0.134244 0)
(-0.397765 -0.134278 0)
(-0.437926 -0.148959 0)
(-0.489989 -0.149792 0)
(-0.526582 -0.153505 0)
(-0.567399 -0.155563 0)
(-0.603805 -0.154383 0)
(-0.640518 -0.143117 0)
(-0.0904436 4.30212 0)
(0.061134 3.69977 0)
(0.0654213 2.87482 0)
(0.493751 1.05817 0)
(0.51544 -0.0436739 0)
(0.47711 -0.397728 0)
(0.332688 -0.307925 0)
(0.229288 -0.251735 0)
(0.113053 -0.137072 0)
(0.0426867 -0.130076 0)
(-0.0485476 -0.0665823 0)
(-0.102299 -0.0765683 0)
(-0.1788 -0.045797 0)
(-0.227059 -0.0661981 0)
(-0.294261 -0.0601508 0)
(-0.338459 -0.0840939 0)
(-0.398077 -0.086539 0)
(-0.439678 -0.104997 0)
(-0.490359 -0.112192 0)
(-0.526102 -0.126617 0)
(-0.567249 -0.134171 0)
(-0.601043 -0.138518 0)
(-0.636061 -0.136062 0)
(0.0146983 4.23136 0)
(0.253976 3.56608 0)
(0.44634 2.61164 0)
(0.901192 0.830251 0)
(0.829447 0.013542 0)
(0.66827 -0.24325 0)
(0.458763 -0.142941 0)
(0.30855 -0.106207 0)
(0.171523 -0.0237329 0)
(0.0753529 -0.0299221 0)
(-0.028815 0.0143809 0)
(-0.0988508 -0.00482436 0)
(-0.182365 0.0151422 0)
(-0.238463 -0.00916339 0)
(-0.308965 -0.00457238 0)
(-0.358905 -0.0291483 0)
(-0.418831 -0.0339054 0)
(-0.459565 -0.0564639 0)
(-0.507296 -0.0640096 0)
(-0.542901 -0.0773242 0)
(-0.584639 -0.0812682 0)
(-0.621785 -0.0867896 0)
(-0.661092 -0.0830792 0)
(0.18459 4.03148 0)
(0.400541 3.2683 0)
(0.929653 2.21945 0)
(1.19474 0.69008 0)
(1.02403 0.176201 0)
(0.762821 -0.0149558 0)
(0.519432 0.0481379 0)
(0.345497 0.0429345 0)
(0.200317 0.093855 0)
(0.0896574 0.0760721 0)
(-0.0155266 0.105484 0)
(-0.0959463 0.0815163 0)
(-0.181128 0.0924339 0)
(-0.245429 0.0637973 0)
(-0.31716 0.0597648 0)
(-0.370516 0.0282812 0)
(-0.431368 0.0143709 0)
(-0.477206 -0.0146699 0)
(-0.531972 -0.0279366 0)
(-0.577595 -0.0476822 0)
(-0.634952 -0.0539567 0)
(-0.686286 -0.0604868 0)
(-0.734267 -0.0661487 0)
(0.393158 3.63851 0)
(0.651729 2.82652 0)
(1.30289 1.80612 0)
(1.25915 0.755219 0)
(1.04801 0.433311 0)
(0.751471 0.27073 0)
(0.529203 0.269999 0)
(0.346183 0.218485 0)
(0.200789 0.228965 0)
(0.0801175 0.18997 0)
(-0.0283576 0.197314 0)
(-0.115057 0.163897 0)
(-0.201735 0.162487 0)
(-0.268709 0.129069 0)
(-0.340997 0.118889 0)
(-0.396395 0.086442 0)
(-0.45929 0.0715282 0)
(-0.510378 0.0448973 0)
(-0.573568 0.0354265 0)
(-0.634085 0.0259491 0)
(-0.702489 0.0267319 0)
(-0.759245 0.0122375 0)
(-0.804946 -0.00126575 0)
(0.531116 2.98013 0)
(0.825874 2.36125 0)
(1.28101 1.60633 0)
(1.10468 0.945641 0)
(0.913061 0.681527 0)
(0.655599 0.510147 0)
(0.479883 0.45219 0)
(0.311613 0.376856 0)
(0.181266 0.358799 0)
(0.0634495 0.309752 0)
(-0.040452 0.299602 0)
(-0.13031 0.258679 0)
(-0.216982 0.245396 0)
(-0.288323 0.206172 0)
(-0.362461 0.187253 0)
(-0.423505 0.149104 0)
(-0.492283 0.12866 0)
(-0.5564 0.101657 0)
(-0.635689 0.0965682 0)
(-0.709927 0.0829645 0)
(-0.774356 0.0723155 0)
(-0.815737 0.0435264 0)
(-0.844987 0.0110088 0)
(0.402311 2.27853 0)
(0.687132 2.04795 0)
(0.975619 1.53485 0)
(0.829645 1.12582 0)
(0.715431 0.88069 0)
(0.525678 0.708448 0)
(0.391385 0.612684 0)
(0.245592 0.520416 0)
(0.129921 0.47561 0)
(0.0180966 0.414457 0)
(-0.0804383 0.389458 0)
(-0.168683 0.342735 0)
(-0.25399 0.318901 0)
(-0.326719 0.27634 0)
(-0.40272 0.252604 0)
(-0.469426 0.217663 0)
(-0.547027 0.203218 0)
(-0.625829 0.189627 0)
(-0.710429 0.188004 0)
(-0.775194 0.165664 0)
(-0.818267 0.13183 0)
(-0.83608 0.0829253 0)
(-0.868265 0.0589981 0)
(0.189181 1.8804 0)
(0.444931 1.78646 0)
(0.617659 1.46786 0)
(0.574908 1.20066 0)
(0.518833 0.988001 0)
(0.395002 0.836132 0)
(0.296454 0.732654 0)
(0.177928 0.641555 0)
(0.0788751 0.586185 0)
(-0.0235172 0.523347 0)
(-0.115496 0.486221 0)
(-0.201508 0.435266 0)
(-0.284754 0.403423 0)
(-0.360378 0.357672 0)
(-0.440184 0.330214 0)
(-0.518385 0.295842 0)
(-0.609082 0.285605 0)
(-0.697655 0.266921 0)
(-0.769185 0.246865 0)
(-0.80693 0.192196 0)
(-0.822416 0.13358 0)
(-0.843395 0.0948825 0)
(-0.870766 0.0738964 0)
(0.0894052 1.64635 0)
(0.274753 1.61355 0)
(0.386464 1.40688 0)
(0.388444 1.22628 0)
(0.356548 1.06204 0)
(0.271754 0.932577 0)
(0.193835 0.829863 0)
(0.0954198 0.739828 0)
(0.00793846 0.676484 0)
(-0.0849806 0.610624 0)
(-0.171326 0.566534 0)
(-0.254813 0.513607 0)
(-0.33775 0.476611 0)
(-0.415782 0.433199 0)
(-0.500618 0.40949 0)
(-0.5874 0.388078 0)
(-0.680932 0.3816 0)
(-0.754533 0.351386 0)
(-0.797361 0.296552 0)
(-0.803919 0.219238 0)
(-0.828005 0.167944 0)
(-0.843173 0.131172 0)
(-0.863965 0.109752 0)
(0.0430211 1.51368 0)
(0.166101 1.48759 0)
(0.239197 1.35474 0)
(0.247256 1.23006 0)
(0.227248 1.10534 0)
(0.168397 1.00008 0)
(0.10703 0.909518 0)
(0.0263082 0.829475 0)
(-0.0501202 0.766978 0)
(-0.133876 0.704914 0)
(-0.214393 0.65644 0)
(-0.295084 0.604124 0)
(-0.37634 0.564944 0)
(-0.461116 0.52297 0)
(-0.553138 0.502551 0)
(-0.651523 0.478176 0)
(-0.734886 0.453511 0)
(-0.780987 0.384937 0)
(-0.787906 0.296029 0)
(-0.803761 0.224221 0)
(-0.82044 0.172492 0)
(-0.831579 0.131871 0)
(-0.834291 0.0988476 0)
(0.0220045 1.43733 0)
(0.096511 1.41541 0)
(0.136859 1.32642 0)
(0.140518 1.23838 0)
(0.120484 1.14156 0)
(0.0729829 1.05365 0)
(0.0178145 0.972174 0)
(-0.0535804 0.898137 0)
(-0.12483 0.83652 0)
(-0.203588 0.776142 0)
(-0.280058 0.727273 0)
(-0.360048 0.676691 0)
(-0.441865 0.641905 0)
(-0.528894 0.611282 0)
(-0.626566 0.599165 0)
(-0.71424 0.571379 0)
(-0.770149 0.510724 0)
(-0.77419 0.40455 0)
(-0.790162 0.319258 0)
(-0.798987 0.251737 0)
(-0.807287 0.195856 0)
(-0.800721 0.145102 0)
(-0.781903 0.095693 0)
(0.00965041 1.3943 0)
(0.0498688 1.37191 0)
(0.0669791 1.3104 0)
(0.0634965 1.24645 0)
(0.0425952 1.17306 0)
(0.00220543 1.10356 0)
(-0.0469862 1.03651 0)
(-0.11008 0.973466 0)
(-0.176387 0.917508 0)
(-0.249964 0.861833 0)
(-0.324759 0.813558 0)
(-0.405143 0.768003 0)
(-0.490678 0.734743 0)
(-0.586978 0.709667 0)
(-0.680487 0.688841 0)
(-0.747108 0.623676 0)
(-0.758635 0.513074 0)
(-0.765309 0.406374 0)
(-0.780442 0.320265 0)
(-0.780903 0.242038 0)
(-0.776704 0.173671 0)
(-0.751991 0.106428 0)
(-0.720223 0.0436286 0)
(0.00182993 1.37775 0)
(0.0169251 1.35767 0)
(0.0145435 1.31308 0)
(0.000611078 1.2631 0)
(-0.0275827 1.20326 0)
(-0.0693655 1.14396 0)
(-0.119863 1.0848 0)
(-0.180929 1.02844 0)
(-0.245478 0.976603 0)
(-0.31709 0.925389 0)
(-0.390841 0.882367 0)
(-0.473969 0.843332 0)
(-0.560053 0.823438 0)
(-0.653902 0.802089 0)
(-0.729165 0.759165 0)
(-0.749628 0.649696 0)
(-0.752555 0.528699 0)
(-0.761605 0.42651 0)
(-0.757888 0.334759 0)
(-0.746603 0.248387 0)
(-0.720904 0.166888 0)
(-0.68726 0.0889633 0)
(-0.646506 0.0178935 0)
(-0.00301151 1.37538 0)
(-0.00597788 1.35885 0)
(-0.0205137 1.32646 0)
(-0.0421875 1.2886 0)
(-0.0742527 1.24306 0)
(-0.116526 1.19636 0)
(-0.166558 1.14837 0)
(-0.225213 1.10006 0)
(-0.288121 1.0542 0)
(-0.357764 1.00871 0)
(-0.433773 0.971296 0)
(-0.516963 0.93941 0)
(-0.611055 0.915665 0)
(-0.697093 0.880637 0)
(-0.737209 0.785554 0)
(-0.734229 0.647636 0)
(-0.74302 0.525221 0)
(-0.739929 0.411766 0)
(-0.729258 0.304782 0)
(-0.705822 0.204563 0)
(-0.674466 0.113413 0)
(-0.635396 0.0311502 0)
(-0.591867 -0.0439931 0)
(-0.00852525 1.38701 0)
(-0.025971 1.37572 0)
(-0.0531766 1.34993 0)
(-0.0853819 1.31759 0)
(-0.126124 1.27824 0)
(-0.173736 1.23712 0)
(-0.227666 1.19401 0)
(-0.287196 1.15079 0)
(-0.351676 1.10944 0)
(-0.422028 1.07147 0)
(-0.498921 1.04168 0)
(-0.583554 1.02058 0)
(-0.668483 1.00357 0)
(-0.727712 0.928942 0)
(-0.726689 0.794658 0)
(-0.726251 0.656356 0)
(-0.721725 0.533714 0)
(-0.704881 0.413388 0)
(-0.680686 0.300685 0)
(-0.647575 0.194188 0)
(-0.611019 0.0966572 0)
(-0.568126 0.00678149 0)
(-0.523079 -0.0754993 0)
(-0.0138298 1.40952 0)
(-0.0406174 1.40311 0)
(-0.0740094 1.38554 0)
(-0.111163 1.36149 0)
(-0.155122 1.33139 0)
(-0.204759 1.29833 0)
(-0.260129 1.26223 0)
(-0.320984 1.22508 0)
(-0.387099 1.18995 0)
(-0.460259 1.15773 0)
(-0.540123 1.13419 0)
(-0.627859 1.11134 0)
(-0.701171 1.06124 0)
(-0.717496 0.939734 0)
(-0.710935 0.785187 0)
(-0.707805 0.642451 0)
(-0.693174 0.50359 0)
(-0.67 0.370022 0)
(-0.640343 0.246414 0)
(-0.604624 0.133722 0)
(-0.564989 0.0326241 0)
(-0.520549 -0.0581009 0)
(-0.473322 -0.140128 0)
(-0.0204679 1.44244 0)
(-0.05953 1.43695 0)
(-0.103067 1.42147 0)
(-0.149192 1.39966 0)
(-0.200791 1.37256 0)
(-0.256327 1.34285 0)
(-0.316522 1.31053 0)
(-0.380809 1.27812 0)
(-0.450281 1.24852 0)
(-0.523856 1.22445 0)
(-0.603041 1.20865 0)
(-0.676925 1.18122 0)
(-0.716165 1.09269 0)
(-0.706002 0.937907 0)
(-0.695094 0.784424 0)
(-0.677859 0.638678 0)
(-0.649511 0.496129 0)
(-0.617575 0.361143 0)
(-0.579927 0.235862 0)
(-0.540672 0.119554 0)
(-0.497108 0.0131631 0)
(-0.453678 -0.0843256 0)
(-0.408031 -0.171685 0)
(-0.0229149 1.48919 0)
(-0.0670783 1.48551 0)
(-0.114668 1.47518 0)
(-0.164453 1.45953 0)
(-0.21883 1.43905 0)
(-0.27694 1.41507 0)
(-0.339878 1.38786 0)
(-0.407167 1.36052 0)
(-0.480127 1.33483 0)
(-0.556444 1.3128 0)
(-0.635842 1.28951 0)
(-0.698835 1.22701 0)
(-0.70201 1.0911 0)
(-0.687696 0.919733 0)
(-0.671987 0.756852 0)
(-0.646326 0.596345 0)
(-0.614847 0.442211 0)
(-0.580065 0.299065 0)
(-0.542065 0.167904 0)
(-0.501364 0.0492287 0)
(-0.457888 -0.0560447 0)
(-0.411009 -0.148776 0)
(-0.36721 -0.234361 0)
(-0.0294119 1.53323 0)
(-0.0873643 1.52945 0)
(-0.145755 1.51928 0)
(-0.204583 1.50407 0)
(-0.266738 1.4849 0)
(-0.331626 1.46365 0)
(-0.399611 1.44015 0)
(-0.471099 1.41777 0)
(-0.545435 1.39681 0)
(-0.618132 1.37914 0)
(-0.683954 1.34986 0)
(-0.708361 1.24597 0)
(-0.691702 1.08031 0)
(-0.666541 0.907443 0)
(-0.63925 0.742783 0)
(-0.60132 0.582089 0)
(-0.564545 0.430512 0)
(-0.522189 0.289368 0)
(-0.481183 0.15813 0)
(-0.435553 0.036449 0)
(-0.395279 -0.0763116 0)
(-0.351118 -0.17415 0)
(-0.310137 -0.261324 0)
(-0.0298957 1.60712 0)
(-0.0890244 1.60321 0)
(-0.149145 1.59398 0)
(-0.211119 1.58252 0)
(-0.275749 1.56841 0)
(-0.343249 1.55056 0)
(-0.413786 1.53002 0)
(-0.48849 1.50929 0)
(-0.564276 1.4848 0)
(-0.638146 1.45427 0)
(-0.692878 1.38242 0)
(-0.690913 1.23651 0)
(-0.669122 1.04988 0)
(-0.642084 0.867185 0)
(-0.610005 0.69069 0)
(-0.570909 0.520256 0)
(-0.532979 0.361176 0)
(-0.490675 0.213669 0)
(-0.451025 0.079114 0)
(-0.405771 -0.0388073 0)
(-0.363434 -0.142486 0)
(-0.321828 -0.235859 0)
(-0.282278 -0.319714 0)
(-0.0368986 1.65052 0)
(-0.109823 1.64707 0)
(-0.183747 1.63942 0)
(-0.257187 1.62844 0)
(-0.33065 1.61443 0)
(-0.405631 1.59929 0)
(-0.481802 1.5829 0)
(-0.558878 1.56623 0)
(-0.629513 1.54415 0)
(-0.690513 1.5063 0)
(-0.709012 1.40032 0)
(-0.684705 1.22085 0)
(-0.648734 1.03101 0)
(-0.611668 0.848322 0)
(-0.568813 0.67234 0)
(-0.524861 0.506175 0)
(-0.480478 0.351778 0)
(-0.434463 0.208886 0)
(-0.390342 0.0748295 0)
(-0.349177 -0.0497244 0)
(-0.312257 -0.158851 0)
(-0.273735 -0.25401 0)
(-0.239813 -0.34038 0)
(-0.0368264 1.75934 0)
(-0.108653 1.75572 0)
(-0.182705 1.7472 0)
(-0.255229 1.73553 0)
(-0.331893 1.72316 0)
(-0.408265 1.70767 0)
(-0.486442 1.68875 0)
(-0.562969 1.66196 0)
(-0.635791 1.62041 0)
(-0.69069 1.53683 0)
(-0.687016 1.37866 0)
(-0.660126 1.17631 0)
(-0.627748 0.976193 0)
(-0.590454 0.78567 0)
(-0.547738 0.601781 0)
(-0.503221 0.42928 0)
(-0.45797 0.267969 0)
(-0.413199 0.120749 0)
(-0.370141 -0.0089377 0)
(-0.328448 -0.11949 0)
(-0.293374 -0.220448 0)
(-0.256052 -0.310802 0)
(-0.224595 -0.394322 0)
(-0.043662 1.78793 0)
(-0.130493 1.78493 0)
(-0.217475 1.77791 0)
(-0.305121 1.76945 0)
(-0.392344 1.75934 0)
(-0.47729 1.74672 0)
(-0.560809 1.7315 0)
(-0.636942 1.7107 0)
(-0.700201 1.66874 0)
(-0.718393 1.55514 0)
(-0.693123 1.36862 0)
(-0.650389 1.16204 0)
(-0.608021 0.962298 0)
(-0.557669 0.770013 0)
(-0.507924 0.587243 0)
(-0.456757 0.418791 0)
(-0.408824 0.264176 0)
(-0.36268 0.123306 0)
(-0.325832 -0.00767298 0)
(-0.290455 -0.124362 0)
(-0.259636 -0.22905 0)
(-0.225238 -0.320533 0)
(-0.196248 -0.40566 0)
(-0.046936 1.9492 0)
(-0.140201 1.94533 0)
(-0.232773 1.93723 0)
(-0.32445 1.92564 0)
(-0.41285 1.90978 0)
(-0.497215 1.88878 0)
(-0.574325 1.85927 0)
(-0.641939 1.80935 0)
(-0.684942 1.70686 0)
(-0.688819 1.53186 0)
(-0.665396 1.30932 0)
(-0.629453 1.08874 0)
(-0.590659 0.879865 0)
(-0.544439 0.681664 0)
(-0.499526 0.496593 0)
(-0.450899 0.32599 0)
(-0.404209 0.169958 0)
(-0.354464 0.0341419 0)
(-0.313276 -0.0845394 0)
(-0.275867 -0.189092 0)
(-0.246573 -0.289114 0)
(-0.213515 -0.377913 0)
(-0.186458 -0.461368 0)
(0.301401 0.267845 0)
(-0.00140036 0.00755915 0)
(0.300221 -0.0592955 0)
(-0.107191 0.412556 0)
(0.117248 0.232838 0)
(0.0531035 0.0268328 0)
(-0.053054 0.238349 0)
(-0.311261 0.750395 0)
(0.0630899 0.347012 0)
(-0.0750425 0.359332 0)
(-0.274357 0.717952 0)
(-0.425735 1.02894 0)
(-0.27819 0.516994 0)
(-0.439749 0.751609 0)
(-0.543526 0.981493 0)
(-0.602791 1.10653 0)
(-0.700863 0.743267 0)
(-0.759587 0.924267 0)
(-0.773557 1.06316 0)
(-0.779817 1.13528 0)
(-0.775672 0.737904 0)
(-0.770168 0.906924 0)
(-0.758673 1.02995 0)
(-0.754839 1.09442 0)
(-0.700203 0.711032 0)
(-0.670897 0.886716 0)
(-0.625835 1.02603 0)
(-0.594009 1.09728 0)
(-0.477459 0.626468 0)
(-0.438632 0.740271 0)
(-0.377909 0.879673 0)
(-0.323515 0.959181 0)
(-0.155778 0.581751 0)
(-0.191101 0.684159 0)
(-0.118259 0.777728 0)
(-0.103644 0.87944 0)
(-0.122431 0.383349 0)
(-0.0381987 0.649604 0)
(-0.0601366 0.700058 0)
(0.0339249 0.743019 0)
(-0.560498 -0.269506 0)
(-0.339039 0.561861 0)
(-0.181755 0.632641 0)
(0.0387255 0.530481 0)
(-0.726536 -0.144863 0)
(-0.57348 -0.11578 0)
(-0.468524 -0.177508 0)
(-0.367853 -0.168323 0)
(-0.531551 -0.39282 0)
(-0.386959 -0.00183745 0)
(-0.346435 0.196988 0)
(-0.287856 0.153375 0)
(-0.759665 -0.527961 0)
(-0.733872 -0.492428 0)
(-0.616645 -0.385469 0)
(-0.505257 -0.275047 0)
(-0.769419 -0.369447 0)
(-0.811082 -0.322723 0)
(-0.843166 -0.286702 0)
(-0.844359 -0.231873 0)
(-0.809351 -0.325584 0)
(-0.843993 -0.323192 0)
(-0.882124 -0.313119 0)
(-0.906725 -0.294274 0)
(-0.706731 -0.199118 0)
(-0.739503 -0.17517 0)
(-0.772685 -0.152715 0)
(-0.812708 -0.124173 0)
(-0.677334 -0.19108 0)
(-0.692218 -0.177576 0)
(-0.703675 -0.1563 0)
(-0.713293 -0.128966 0)
(-0.661872 -0.132484 0)
(-0.676212 -0.121778 0)
(-0.684552 -0.109575 0)
(-0.694046 -0.097591 0)
(-0.65498 -0.130716 0)
(-0.66632 -0.126119 0)
(-0.673312 -0.118311 0)
(-0.679632 -0.114252 0)
(-0.68249 -0.0847839 0)
(-0.696085 -0.0832263 0)
(-0.705871 -0.0834824 0)
(-0.715605 -0.0834878 0)
(-0.759436 -0.0719374 0)
(-0.774667 -0.074389 0)
(-0.787868 -0.0772376 0)
(-0.801166 -0.0805825 0)
(-0.82741 -0.0194751 0)
(-0.845736 -0.0228683 0)
(-0.860194 -0.0289723 0)
(-0.878494 -0.032324 0)
(-0.868085 -0.00160267 0)
(-0.886017 -0.00362408 0)
(-0.901795 -0.00786011 0)
(-0.919817 -0.0105295 0)
(-0.890643 0.0497274 0)
(-0.907062 0.0485095 0)
(-0.920282 0.0419691 0)
(-0.935049 0.0370935 0)
(-0.887987 0.0645924 0)
(-0.897503 0.0598926 0)
(-0.904207 0.051381 0)
(-0.910576 0.0414096 0)
(-0.867046 0.0933106 0)
(-0.868909 0.0827775 0)
(-0.864533 0.0695638 0)
(-0.860693 0.0524127 0)
(-0.822079 0.0729612 0)
(-0.812581 0.054619 0)
(-0.797949 0.0338209 0)
(-0.781753 0.00875309 0)
(-0.755569 0.0568501 0)
(-0.738038 0.031307 0)
(-0.716501 0.00438097 0)
(-0.695487 -0.0239361 0)
(-0.68646 -0.000354525 0)
(-0.665988 -0.0288653 0)
(-0.641926 -0.0568207 0)
(-0.618828 -0.0870433 0)
(-0.61276 -0.0320932 0)
(-0.589828 -0.0633006 0)
(-0.566099 -0.0952627 0)
(-0.541214 -0.126953 0)
(-0.555107 -0.0956623 0)
(-0.531607 -0.128679 0)
(-0.506473 -0.160663 0)
(-0.481804 -0.19337 0)
(-0.486404 -0.131445 0)
(-0.463073 -0.166322 0)
(-0.438883 -0.200367 0)
(-0.414833 -0.234168 0)
(-0.437011 -0.196109 0)
(-0.413378 -0.230504 0)
(-0.389735 -0.263995 0)
(-0.365838 -0.29681 0)
(-0.373396 -0.230299 0)
(-0.351425 -0.266124 0)
(-0.329064 -0.300486 0)
(-0.307202 -0.334121 0)
(-0.332939 -0.291116 0)
(-0.31225 -0.325867 0)
(-0.290703 -0.358999 0)
(-0.270341 -0.391535 0)
(-0.278841 -0.319789 0)
(-0.260012 -0.354881 0)
(-0.24023 -0.388361 0)
(-0.22194 -0.421206 0)
(-0.252218 -0.375314 0)
(-0.234818 -0.409387 0)
(-0.215778 -0.4414 0)
(-0.199005 -0.473484 0)
(-0.211715 -0.396123 0)
(-0.196189 -0.430653 0)
(-0.178337 -0.462791 0)
(-0.163035 -0.495199 0)
(-0.197913 -0.448894 0)
(-0.183297 -0.482621 0)
(-0.166414 -0.514196 0)
(-0.151926 -0.545881 0)
(-0.171148 -0.46075 0)
(-0.157396 -0.494674 0)
(-0.141491 -0.52647 0)
(-0.12768 -0.558253 0)
(-0.16304 -0.516303 0)
(-0.150117 -0.549736 0)
(-0.135266 -0.581583 0)
(-0.122167 -0.612987 0)
(-0.29867 1.24672 0)
(-0.197748 0.794896 0)
(-0.231682 0.292855 0)
(0.393282 -0.153195 0)
(0.342401 0.0105782 0)
(0.0878532 0.00311167 0)
(-0.076762 -0.204404 0)
(-0.251313 -0.238578 0)
(-0.457503 -0.391628 0)
(-0.509685 -0.485911 0)
(-0.635915 -0.417482 0)
(-0.777241 -0.219326 0)
(-0.905013 -0.137707 0)
(-0.968128 -0.102478 0)
(-0.905866 0.0389576 0)
(-0.635168 0.148229 0)
(-0.412341 0.113208 0)
(-0.236644 -0.0864792 0)
(-0.135498 -0.172817 0)
(-0.368462 1.25521 0)
(-0.205725 0.672217 0)
(-0.0514263 -0.0596242 0)
(-0.0722013 -0.194494 0)
(-0.18794 0.0288191 0)
(-0.0565557 0.123234 0)
(-0.21609 0.0938369 0)
(-0.370239 -0.0544696 0)
(-0.563033 -0.266661 0)
(-0.684953 -0.352711 0)
(-0.866682 -0.288308 0)
(-0.886993 -0.116923 0)
(-0.842912 -0.053215 0)
(-0.854296 -0.0578425 0)
(-0.763923 -0.0541997 0)
(-0.554293 -0.140363 0)
(-0.297804 -0.252325 0)
(-0.110924 -0.286999 0)
(-0.048945 -0.322226 0)
(-0.447932 1.17409 0)
(-0.317967 0.520476 0)
(-0.39087 0.132396 0)
(-0.563714 -0.0221693 0)
(-0.561006 0.00162409 0)
(-0.4412 0.0228329 0)
(-0.403002 0.0790328 0)
(-0.437123 0.0734251 0)
(-0.565771 -0.105582 0)
(-0.816284 -0.220037 0)
(-0.937445 -0.232954 0)
(-0.83213 -0.246454 0)
(-0.623 -0.166672 0)
(-0.496492 -0.175853 0)
(-0.344087 -0.231007 0)
(-0.226147 -0.273848 0)
(-0.142993 -0.28946 0)
(-0.0722496 -0.310692 0)
(-0.00291283 -0.316439 0)
(-0.585043 1.16683 0)
(-0.600189 0.615199 0)
(-0.584698 0.167764 0)
(-0.589787 -0.0341427 0)
(-0.492368 -0.0844317 0)
(-0.330809 -0.0171263 0)
(-0.246045 0.0904459 0)
(-0.247898 0.0956527 0)
(-0.31062 0.0672732 0)
(-0.360528 0.00880055 0)
(-0.656671 -0.276393 0)
(-0.80518 -0.402182 0)
(-0.610309 -0.356906 0)
(-0.452873 -0.308746 0)
(-0.294323 -0.30151 0)
(-0.190204 -0.321126 0)
(0.00411365 -0.385539 0)
(-0.406481 -0.401932 0)
(-0.11561 -0.389445 0)
(-0.759484 1.16194 0)
(-0.709584 0.517174 0)
(-0.608273 0.120158 0)
(-0.597662 -0.107908 0)
(-0.5168 -0.233336 0)
(-0.323341 -0.202421 0)
(-0.0864844 0.00355826 0)
(0.0317119 0.126228 0)
(0.123269 0.0239354 0)
(0.336243 0.0454935 0)
(0.533205 0.170563 0)
(0.460506 -0.20914 0)
(-0.254101 -0.480903 0)
(-0.456073 -0.461968 0)
(-0.463438 -0.466933 0)
(-0.434603 -0.548325 0)
(-0.663309 -0.0873328 0)
(-0.454138 -0.241951 0)
(-0.288186 -0.784657 0)
(-0.733042 1.10073 0)
(-0.696704 0.476927 0)
(-0.715907 0.0708461 0)
(-0.631601 -0.117513 0)
(-0.902921 -0.313052 0)
(-0.44109 -0.406791 0)
(-0.183335 -0.230465 0)
(-0.00893724 -0.0921091 0)
(0.162939 -0.213065 0)
(0.409862 -0.361517 0)
(0.523606 -0.308476 0)
(0.66867 0.0489437 0)
(0.612272 0.455906 0)
(0.439747 -0.105527 0)
(-0.0707723 -0.320595 0)
(-0.721317 -0.134978 0)
(-0.815274 -0.369811 0)
(-0.329596 -0.718357 0)
(-0.156913 -1.06377 0)
(-0.551682 1.09955 0)
(-0.472115 0.501447 0)
(-0.773748 0.0667109 0)
(-1.0037 0.119117 0)
(-0.720777 -0.470883 0)
(-0.321941 -0.851953 0)
(-0.121723 -0.418008 0)
(0.375086 -0.183039 0)
(-0.0213841 -0.347718 0)
(-0.0811325 -0.281568 0)
(0.0435271 -0.0896889 0)
(-0.0430697 -0.16076 0)
(0.310824 -0.167518 0)
(0.572103 0.110794 0)
(0.3911 0.570708 0)
(0.106421 0.128925 0)
(-0.137459 -0.446779 0)
(-0.118155 -0.842943 0)
(-0.0515961 -1.22895 0)
(-0.242011 0.98022 0)
(-0.00837056 0.681146 0)
(-0.329162 0.46913 0)
(-0.459061 -0.202825 0)
(-0.240115 -0.878566 0)
(-0.123784 -0.962869 0)
(-0.133024 -0.804332 0)
(0.288384 -0.186067 0)
(0.145664 0.171953 0)
(-0.215558 -0.416172 0)
(0.122622 -0.342968 0)
(0.310022 -0.193426 0)
(0.358496 -0.1631 0)
(0.354896 -0.14749 0)
(0.334638 0.0913177 0)
(0.115686 0.366596 0)
(0.188857 -0.167874 0)
(0.0805638 -0.78506 0)
(0.051916 -1.21504 0)
(0.0337574 0.787058 0)
(0.206389 0.583435 0)
(0.349825 0.529545 0)
(0.300405 0.0794819 0)
(0.0821694 -0.784164 0)
(-0.00164541 -0.953119 0)
(-0.0622249 -0.820504 0)
(0.0642033 -0.425317 0)
(0.118578 0.126457 0)
(0.24697 -0.262178 0)
(-0.223346 -0.56463 0)
(0.107016 -0.380468 0)
(0.0869288 -0.203661 0)
(0.0826852 0.131833 0)
(-0.37373 0.779457 0)
(-0.325758 0.249271 0)
(0.159961 -0.421985 0)
(0.113002 -0.722855 0)
(0.0794856 -1.11463 0)
(0.161235 0.649134 0)
(0.335551 0.394051 0)
(0.391198 0.365605 0)
(0.527551 0.0527792 0)
(0.232904 -0.60054 0)
(0.0862509 -0.834253 0)
(-0.129569 -0.868292 0)
(-0.634515 -0.332667 0)
(-0.620259 -0.0175829 0)
(-0.531961 -0.0891936 0)
(-0.854204 -0.232746 0)
(-0.883907 -0.467767 0)
(-0.933895 -0.146191 0)
(-0.70087 0.262874 0)
(-0.757257 0.490341 0)
(-0.0249955 -0.125852 0)
(0.0219064 -0.548386 0)
(0.154503 -0.712556 0)
(0.00967085 -1.03596 0)
(0.393517 0.467571 0)
(0.68282 0.395389 0)
(0.539966 0.356955 0)
(0.492265 0.214156 0)
(0.113429 -0.38166 0)
(0.0234855 -0.614864 0)
(-0.92332 -0.175373 0)
(-1.36153 0.0270998 0)
(-1.48042 0.0356838 0)
(-1.43747 -0.0639339 0)
(-1.30395 -0.233594 0)
(-1.24152 -0.318004 0)
(-1.21383 -0.353987 0)
(-0.808753 -0.0250197 0)
(-0.508398 0.157004 0)
(0.0275784 -0.464496 0)
(-0.000783374 -0.585918 0)
(0.133349 -0.715758 0)
(0.00381126 -0.969734 0)
(-0.237505 -0.068039 0)
(-0.00238616 0.210835 0)
(0.145938 0.538729 0)
(0.0851201 0.395011 0)
(0.249777 -0.171415 0)
(-0.00515567 0.0651653 0)
(-1.06443 0.396252 0)
(-1.25789 0.170673 0)
(-1.38449 0.0476773 0)
(-1.19098 -0.239919 0)
(-1.04277 -0.420223 0)
(-0.864379 -0.542364 0)
(-0.765075 -0.544251 0)
(-0.584467 -0.381808 0)
(-0.186022 -0.258999 0)
(0.0917782 -0.583701 0)
(0.0140634 -0.637895 0)
(0.145018 -0.714158 0)
(0.00114405 -0.908218 0)
(-0.288159 0.0914093 0)
(-0.254027 0.0795404 0)
(-0.17754 0.29764 0)
(0.0866094 0.155078 0)
(-0.0205046 -0.291436 0)
(-0.550245 0.590722 0)
(-0.954275 0.93575 0)
(-1.09209 0.327742 0)
(-1.00816 -0.0330909 0)
(-0.756462 -0.373469 0)
(-0.595588 -0.528679 0)
(-0.442342 -0.573991 0)
(-0.364238 -0.602086 0)
(-0.27249 -0.551292 0)
(-0.0600318 -0.459785 0)
(0.101788 -0.647644 0)
(0.0492039 -0.638531 0)
(0.13182 -0.706461 0)
(0.0126054 -0.840746 0)
(-0.409562 -0.0971634 0)
(-0.2869 0.101958 0)
(-0.301877 0.226725 0)
(-0.0644616 0.224611 0)
(-0.642617 0.422651 0)
(-0.940969 0.887967 0)
(-0.917628 0.898287 0)
(-0.838041 0.222952 0)
(-0.682023 -0.255426 0)
(-0.375548 -0.608832 0)
(-0.214052 -0.703944 0)
(-0.0939117 -0.746288 0)
(-0.0135759 -0.697054 0)
(0.029043 -0.655961 0)
(0.120485 -0.594749 0)
(0.187967 -0.679302 0)
(0.123333 -0.662886 0)
(0.149216 -0.678087 0)
(0.0200276 -0.775119 0)
(-0.818694 -0.139172 0)
(-0.695 -0.021561 0)
(-0.618007 0.101498 0)
(-0.622959 0.45357 0)
(-0.839615 0.523392 0)
(-0.774047 0.844285 0)
(-0.617653 0.835244 0)
(-0.396507 0.115332 0)
(-0.190571 -0.452655 0)
(0.0154976 -0.801476 0)
(0.123441 -0.786501 0)
(0.193497 -0.760277 0)
(0.217659 -0.713688 0)
(0.246951 -0.673901 0)
(0.258916 -0.606923 0)
(0.266835 -0.64974 0)
(0.196242 -0.607499 0)
(0.154539 -0.614081 0)
(0.0292386 -0.690348 0)
(-0.960271 -0.238297 0)
(-0.957967 -0.0776011 0)
(-0.988349 0.16377 0)
(-0.939086 0.424122 0)
(-0.779256 0.546003 0)
(-0.623302 0.680927 0)
(-0.274725 0.558929 0)
(0.0585084 -0.157705 0)
(0.266424 -0.62599 0)
(0.311368 -0.889002 0)
(0.342443 -0.863226 0)
(0.370604 -0.82548 0)
(0.382333 -0.74526 0)
(0.375374 -0.690415 0)
(0.354736 -0.612263 0)
(0.323529 -0.620022 0)
(0.236483 -0.560092 0)
(0.15785 -0.52432 0)
(0.0360888 -0.6069 0)
(-0.871875 -0.0721885 0)
(-0.959361 -0.00414973 0)
(-0.953391 0.0924651 0)
(-0.878829 0.263169 0)
(-0.631284 0.249602 0)
(-0.368208 0.390214 0)
(0.101465 0.217312 0)
(0.382073 -0.371398 0)
(0.481733 -0.684529 0)
(0.467336 -0.872096 0)
(0.466825 -0.844237 0)
(0.459081 -0.79919 0)
(0.458269 -0.720306 0)
(0.441116 -0.649826 0)
(0.406517 -0.562746 0)
(0.347367 -0.542671 0)
(0.234054 -0.460688 0)
(0.148425 -0.433989 0)
(0.0417906 -0.517157 0)
(-0.720484 -0.0841383 0)
(-0.718929 0.00060822 0)
(-0.700757 0.0876185 0)
(-0.600993 0.131523 0)
(-0.382825 0.0768926 0)
(-0.187033 0.0166966 0)
(0.253766 -0.124256 0)
(0.406809 -0.497714 0)
(0.496084 -0.704546 0)
(0.47867 -0.872467 0)
(0.481347 -0.854397 0)
(0.482408 -0.813537 0)
(0.489703 -0.728273 0)
(0.465634 -0.641074 0)
(0.429746 -0.526989 0)
(0.347095 -0.461693 0)
(0.238825 -0.378961 0)
(0.153706 -0.348401 0)
(0.0449287 -0.433086 0)
(-0.686827 -0.0654351 0)
(-0.675127 -0.0242918 0)
(-0.587332 -0.0141452 0)
(-0.479601 -0.0226675 0)
(-0.298444 -0.12306 0)
(-0.152571 -0.186115 0)
(0.100321 -0.319877 0)
(0.2036 -0.590898 0)
(0.291444 -0.750712 0)
(0.312189 -0.860271 0)
(0.350102 -0.850115 0)
(0.403016 -0.808849 0)
(0.436587 -0.707522 0)
(0.441411 -0.596396 0)
(0.399001 -0.457402 0)
(0.325804 -0.370783 0)
(0.225829 -0.287695 0)
(0.145621 -0.259674 0)
(0.0451357 -0.339138 0)
(-0.6804 -0.103577 0)
(-0.657019 -0.0868956 0)
(-0.602383 -0.0892064 0)
(-0.528742 -0.1297 0)
(-0.419371 -0.220886 0)
(-0.334659 -0.342473 0)
(-0.158705 -0.448738 0)
(-0.0741433 -0.669339 0)
(0.0108172 -0.803624 0)
(0.0688556 -0.923472 0)
(0.159721 -0.935508 0)
(0.247239 -0.888932 0)
(0.313981 -0.761826 0)
(0.361433 -0.604948 0)
(0.365014 -0.421912 0)
(0.311937 -0.30325 0)
(0.22654 -0.215071 0)
(0.144257 -0.183394 0)
(0.0460245 -0.259284 0)
(-0.723436 -0.0869929 0)
(-0.73077 -0.0953464 0)
(-0.702761 -0.130983 0)
(-0.681137 -0.18741 0)
(-0.593591 -0.298471 0)
(-0.538932 -0.422046 0)
(-0.396451 -0.555789 0)
(-0.314425 -0.744065 0)
(-0.214379 -0.879974 0)
(-0.12678 -0.995904 0)
(-0.00896198 -1.01302 0)
(0.10547 -0.950374 0)
(0.202352 -0.812545 0)
(0.27201 -0.64363 0)
(0.321061 -0.413905 0)
(0.2973 -0.246437 0)
(0.22579 -0.137376 0)
(0.144852 -0.0972198 0)
(0.0464997 -0.168199 0)
(-0.8188 -0.087254 0)
(-0.84039 -0.103778 0)
(-0.849014 -0.134883 0)
(-0.837833 -0.227418 0)
(-0.759541 -0.351638 0)
(-0.696559 -0.518659 0)
(-0.57329 -0.653642 0)
(-0.496547 -0.832546 0)
(-0.386689 -0.97429 0)
(-0.290191 -1.10793 0)
(-0.153408 -1.14465 0)
(-0.0221517 -1.07799 0)
(0.119878 -0.911288 0)
(0.191597 -0.710751 0)
(0.261443 -0.443902 0)
(0.263793 -0.215734 0)
(0.211299 -0.0765004 0)
(0.136449 -0.0199409 0)
(0.0443065 -0.0852338 0)
(-0.90143 -0.0462526 0)
(-0.940316 -0.0680139 0)
(-0.946486 -0.133954 0)
(-0.925724 -0.267839 0)
(-0.834186 -0.42618 0)
(-0.78201 -0.590686 0)
(-0.684693 -0.736834 0)
(-0.614997 -0.913109 0)
(-0.508219 -1.06681 0)
(-0.41362 -1.20771 0)
(-0.282218 -1.25645 0)
(-0.14749 -1.1994 0)
(0.0275387 -1.00729 0)
(0.118383 -0.772741 0)
(0.204246 -0.480477 0)
(0.226825 -0.201664 0)
(0.187005 -0.0234197 0)
(0.119769 0.0531423 0)
(0.0399259 -0.00572193 0)
(-0.943958 -0.0234338 0)
(-0.977324 -0.0614596 0)
(-0.970274 -0.149151 0)
(-0.935994 -0.327778 0)
(-0.862155 -0.483443 0)
(-0.823241 -0.652466 0)
(-0.742195 -0.806004 0)
(-0.682349 -0.991254 0)
(-0.584612 -1.15702 0)
(-0.498203 -1.31166 0)
(-0.373231 -1.38473 0)
(-0.232902 -1.35683 0)
(-0.046468 -1.15043 0)
(0.0727155 -0.869618 0)
(0.167466 -0.540785 0)
(0.207126 -0.199134 0)
(0.175743 0.0210643 0)
(0.107458 0.114233 0)
(0.0404175 0.0601136 0)
(-0.950143 0.0138841 0)
(-0.972776 -0.04395 0)
(-0.942633 -0.171993 0)
(-0.912077 -0.364843 0)
(-0.859708 -0.528305 0)
(-0.825658 -0.69881 0)
(-0.75773 -0.86419 0)
(-0.703908 -1.05548 0)
(-0.621727 -1.23344 0)
(-0.543781 -1.39922 0)
(-0.433931 -1.49719 0)
(-0.298598 -1.49563 0)
(-0.131697 -1.2855 0)
(0.021934 -0.967003 0)
(0.12876 -0.603348 0)
(0.188521 -0.209726 0)
(0.174061 0.0655628 0)
(0.111059 0.174855 0)
(0.0438007 0.127099 0)
(-0.912031 0.0156138 0)
(-0.910069 -0.0672494 0)
(-0.870715 -0.205069 0)
(-0.848375 -0.402119 0)
(-0.811752 -0.562799 0)
(-0.783932 -0.744423 0)
(-0.731771 -0.917035 0)
(-0.688636 -1.11422 0)
(-0.621401 -1.30203 0)
(-0.553426 -1.48176 0)
(-0.456019 -1.60612 0)
(-0.335001 -1.62971 0)
(-0.184863 -1.4395 0)
(-0.0083008 -1.10423 0)
(0.112961 -0.69046 0)
(0.180333 -0.239214 0)
(0.18286 0.0919285 0)
(0.117869 0.233072 0)
(0.0496787 0.201084 0)
(-0.841214 0.0138885 0)
(-0.811155 -0.0813484 0)
(-0.764259 -0.227661 0)
(-0.743967 -0.417864 0)
(-0.712613 -0.586503 0)
(-0.684535 -0.770641 0)
(-0.652501 -0.950185 0)
(-0.622574 -1.15504 0)
(-0.579766 -1.35539 0)
(-0.531798 -1.54879 0)
(-0.4497 -1.69507 0)
(-0.353174 -1.74075 0)
(-0.220378 -1.58215 0)
(-0.0437932 -1.23731 0)
(0.0910816 -0.774919 0)
(0.17584 -0.273687 0)
(0.187568 0.12111 0)
(0.120641 0.294577 0)
(0.0501471 0.277718 0)
(-0.748835 -0.0364993 0)
(-0.697198 -0.1367 0)
(-0.653954 -0.265886 0)
(-0.632204 -0.448934 0)
(-0.60515 -0.616876 0)
(-0.58089 -0.798923 0)
(-0.552354 -0.973716 0)
(-0.534253 -1.1802 0)
(-0.510239 -1.38469 0)
(-0.488807 -1.59937 0)
(-0.426068 -1.76825 0)
(-0.346821 -1.83666 0)
(-0.231875 -1.71911 0)
(-0.0672251 -1.38547 0)
(0.0874197 -0.888051 0)
(0.18396 -0.325807 0)
(0.208758 0.14283 0)
(0.130995 0.358283 0)
(0.0557217 0.356508 0)
(-0.655516 -0.0743085 0)
(-0.600764 -0.167349 0)
(-0.55799 -0.285929 0)
(-0.530266 -0.461877 0)
(-0.513296 -0.632467 0)
(-0.491948 -0.817868 0)
(-0.463372 -0.991744 0)
(-0.445334 -1.19252 0)
(-0.428727 -1.39613 0)
(-0.418567 -1.62447 0)
(-0.387933 -1.82371 0)
(-0.313601 -1.91626 0)
(-0.225095 -1.83507 0)
(-0.0781874 -1.52738 0)
(0.081911 -1.00264 0)
(0.194851 -0.384561 0)
(0.229298 0.168383 0)
(0.144835 0.432134 0)
(0.0617726 0.445787 0)
(-0.576333 -0.137036 0)
(-0.516401 -0.225276 0)
(-0.468174 -0.3299 0)
(-0.4346 -0.489909 0)
(-0.425413 -0.652137 0)
(-0.409956 -0.844628 0)
(-0.384165 -1.0167 0)
(-0.365537 -1.21204 0)
(-0.350347 -1.40932 0)
(-0.341222 -1.63624 0)
(-0.336909 -1.86377 0)
(-0.273082 -1.98376 0)
(-0.202857 -1.93171 0)
(-0.0803848 -1.66322 0)
(0.0798389 -1.13392 0)
(0.20715 -0.458742 0)
(0.255777 0.189266 0)
(0.166487 0.510497 0)
(0.0684006 0.544281 0)
(-0.499594 -0.181907 0)
(-0.437486 -0.265099 0)
(-0.386618 -0.359164 0)
(-0.346069 -0.500166 0)
(-0.337651 -0.65398 0)
(-0.325653 -0.854612 0)
(-0.307061 -1.0313 0)
(-0.287819 -1.22249 0)
(-0.274165 -1.41786 0)
(-0.258084 -1.63586 0)
(-0.266582 -1.88569 0)
(-0.216403 -2.03729 0)
(-0.153852 -2.0096 0)
(-0.0587258 -1.78356 0)
(0.0945467 -1.26358 0)
(0.226032 -0.544546 0)
(0.284376 0.204502 0)
(0.185735 0.601046 0)
(0.0774545 0.657522 0)
(-0.438404 -0.246554 0)
(-0.378725 -0.328051 0)
(-0.323795 -0.41312 0)
(-0.275777 -0.534922 0)
(-0.260397 -0.671252 0)
(-0.248697 -0.872889 0)
(-0.236177 -1.05175 0)
(-0.217179 -1.24214 0)
(-0.206025 -1.43716 0)
(-0.182493 -1.64282 0)
(-0.195907 -1.90187 0)
(-0.160267 -2.08554 0)
(-0.101083 -2.07415 0)
(-0.0335902 -1.88769 0)
(0.110488 -1.3911 0)
(0.236168 -0.63003 0)
(0.306762 0.226628 0)
(0.214155 0.69834 0)
(0.0811087 0.783004 0)
(-0.37423 -0.290233 0)
(-0.316784 -0.368402 0)
(-0.265784 -0.45144 0)
(-0.217499 -0.55701 0)
(-0.193876 -0.677462 0)
(-0.177438 -0.875897 0)
(-0.16746 -1.05915 0)
(-0.148097 -1.24906 0)
(-0.140341 -1.44904 0)
(-0.111836 -1.6442 0)
(-0.121189 -1.9059 0)
(-0.0978468 -2.12299 0)
(-0.0388029 -2.12452 0)
(0.0113714 -1.975 0)
(0.143834 -1.50854 0)
(0.26089 -0.72228 0)
(0.33846 0.223279 0)
(0.237328 0.805215 0)
(0.0905912 0.923908 0)
(-0.326604 -0.350816 0)
(-0.272712 -0.426896 0)
(-0.221282 -0.503722 0)
(-0.17565 -0.600864 0)
(-0.142999 -0.708349 0)
(-0.121163 -0.897513 0)
(-0.109827 -1.07916 0)
(-0.0882512 -1.26708 0)
(-0.0818657 -1.47082 0)
(-0.0512737 -1.6604 0)
(-0.0519201 -1.91459 0)
(-0.0406952 -2.16006 0)
(0.0163035 -2.17282 0)
(0.0539979 -2.05226 0)
(0.173645 -1.61705 0)
(0.280587 -0.805175 0)
(0.359625 0.248264 0)
(0.265686 0.923658 0)
(0.0940237 1.07993 0)
(-0.270049 -0.387841 0)
(-0.221009 -0.462996 0)
(-0.172415 -0.538208 0)
(-0.130431 -0.627127 0)
(-0.0970012 -0.725658 0)
(-0.071699 -0.905037 0)
(-0.0579107 -1.08817 0)
(-0.0334253 -1.27351 0)
(-0.0252882 -1.4821 0)
(0.00315087 -1.67064 0)
(0.0136849 -1.91501 0)
(0.0206796 -2.18498 0)
(0.0738269 -2.2104 0)
(0.106959 -2.11729 0)
(0.213961 -1.71479 0)
(0.315625 -0.890371 0)
(0.391191 0.234715 0)
(0.291266 1.04599 0)
(0.101464 1.24841 0)
(-0.23501 -0.443326 0)
(-0.18943 -0.516207 0)
(-0.14157 -0.5867 0)
(-0.10138 -0.670084 0)
(-0.0651638 -0.762624 0)
(-0.0362482 -0.933778 0)
(-0.0188994 -1.1149 0)
(0.00890589 -1.29723 0)
(0.0215998 -1.50477 0)
(0.0462375 -1.69627 0)
(0.0678219 -1.93075 0)
(0.072807 -2.21426 0)
(0.121502 -2.25108 0)
(0.152385 -2.17785 0)
(0.243156 -1.80628 0)
(0.342953 -0.963723 0)
(0.407622 0.270483 0)
(0.313105 1.18776 0)
(0.105027 1.43546 0)
(-0.189116 -0.472735 0)
(-0.148592 -0.546435 0)
(-0.104166 -0.616637 0)
(-0.0662803 -0.695151 0)
(-0.0299246 -0.783354 0)
(-0.00054983 -0.945638 0)
(0.018955 -1.12806 0)
(0.0477991 -1.30902 0)
(0.0659294 -1.51521 0)
(0.0879724 -1.71164 0)
(0.115804 -1.9387 0)
(0.123422 -2.2332 0)
(0.169582 -2.28299 0)
(0.200364 -2.2272 0)
(0.277687 -1.88904 0)
(0.376536 -1.03932 0)
(0.433732 0.258397 0)
(0.330789 1.31972 0)
(0.113093 1.62489 0)
(-0.167444 -0.52308 0)
(-0.129593 -0.59446 0)
(-0.0875228 -0.662648 0)
(-0.0510936 -0.738631 0)
(-0.0130277 -0.823657 0)
(0.0189108 -0.97929 0)
(0.0420863 -1.1601 0)
(0.0717469 -1.34078 0)
(0.0966364 -1.54233 0)
(0.116204 -1.74206 0)
(0.150233 -1.96374 0)
(0.159387 -2.26262 0)
(0.203088 -2.32095 0)
(0.234165 -2.27429 0)
(0.295248 -1.96503 0)
(0.394566 -1.10232 0)
(0.438676 0.31383 0)
(0.336859 1.48102 0)
(0.111862 1.83856 0)
(-0.13346 -0.545267 0)
(-0.0980508 -0.616923 0)
(-0.0582557 -0.68582 0)
(-0.0236204 -0.760668 0)
(0.0132287 -0.844905 0)
(0.0451494 -0.993541 0)
(0.0711643 -1.17433 0)
(0.0995808 -1.35665 0)
(0.127819 -1.55421 0)
(0.147133 -1.75885 0)
(0.182199 -1.97707 0)
(0.194502 -2.28036 0)
(0.23518 -2.35125 0)
(0.268703 -2.311 0)
(0.319285 -2.03723 0)
(0.422343 -1.171 0)
(0.45212 0.305581 0)
(0.336394 1.61306 0)
(0.118916 2.02692 0)
(-0.12405 -0.595054 0)
(-0.0902747 -0.664946 0)
(-0.0528316 -0.73256 0)
(-0.0190781 -0.805808 0)
(0.0166263 -0.888554 0)
(0.0495891 -1.03414 0)
(0.0797698 -1.21182 0)
(0.107127 -1.39416 0)
(0.140149 -1.58758 0)
(0.158983 -1.7927 0)
(0.195345 -2.00842 0)
(0.209526 -2.31087 0)
(0.244681 -2.3884 0)
(0.274845 -2.3492 0)
(0.310549 -2.10158 0)
(0.401319 -1.21866 0)
(0.428572 0.397194 0)
(0.307923 1.78761 0)
(0.108339 2.25496 0)
(-0.101368 -0.607953 0)
(-0.0683143 -0.677892 0)
(-0.0325531 -0.746694 0)
(0.00169777 -0.819771 0)
(0.0366665 -0.903408 0)
(0.0699155 -1.0468 0)
(0.10168 -1.22298 0)
(0.128375 -1.40761 0)
(0.161549 -1.59804 0)
(0.181254 -1.8058 0)
(0.216594 -2.02016 0)
(0.232843 -2.32322 0)
(0.267079 -2.40899 0)
(0.296216 -2.37107 0)
(0.330456 -2.15315 0)
(0.410073 -1.28324 0)
(0.450905 0.384959 0)
(0.299799 1.89556 0)
(0.113999 2.39567 0)
(-0.0974887 -0.662935 0)
(-0.0659622 -0.73206 0)
(-0.0317521 -0.801048 0)
(0.000409567 -0.873772 0)
(0.0347639 -0.955773 0)
(0.0651716 -1.09863 0)
(0.0996725 -1.27021 0)
(0.124441 -1.45399 0)
(0.158919 -1.64089 0)
(0.178951 -1.84757 0)
(0.212359 -2.06045 0)
(0.230692 -2.36042 0)
(0.25855 -2.44994 0)
(0.282933 -2.40861 0)
(0.300873 -2.20594 0)
(0.346404 -1.32497 0)
(0.340355 0.504938 0)
(0.206112 2.10168 0)
(0.0900832 2.64065 0)
)
;

boundaryField
{
    leftWall
    {
        type            noSlip;
    }
    rightWall
    {
        type            noSlip;
    }
    lowerWall
    {
        type            noSlip;
    }
    atmosphere
    {
        type            zeroGradient;
    }
    defaultFaces
    {
        type            empty;
    }
}


// ************************************************************************* //
