/*--------------------------------*- C++ -*----------------------------------*\
| =========                 |                                                 |
| \\      /  F ield         | OpenFOAM: The Open Source CFD Toolbox           |
|  \\    /   O peration     | Version:  2012                                  |
|   \\  /    A nd           | Website:  www.openfoam.com                      |
|    \\/     M anipulation  |                                                 |
\*---------------------------------------------------------------------------*/
FoamFile
{
    version     2.0;
    format      ascii;
    class       volVectorField;
    location    "0.75";
    object      U;
}
// * * * * * * * * * * * * * * * * * * * * * * * * * * * * * * * * * * * * * //

dimensions      [0 1 -1 0 0 0 0];


internalField   nonuniform List<vector> 
2268
(
(-0.0221878 0.0101849 0)
(-0.0745454 0.0127771 0)
(-0.121772 0.0103038 0)
(-0.159285 0.00852246 0)
(-0.192609 0.0062429 0)
(-0.207451 0.000893343 0)
(-0.193332 -0.00491092 0)
(-0.162934 -0.00711743 0)
(-0.133398 -0.005312 0)
(-0.116017 -0.00212238 0)
(-0.111385 0.000940112 0)
(-0.117115 0.00323985 0)
(-0.129688 0.00483323 0)
(-0.146169 0.00604927 0)
(-0.166947 0.00599077 0)
(-0.188752 0.00121099 0)
(-0.197955 -0.00424868 0)
(-0.20426 0.00444401 0)
(-0.258086 0.0200384 0)
(-0.332602 0.015203 0)
(-0.316646 -0.0120766 0)
(-0.203008 -0.039196 0)
(-0.0698502 -0.0406294 0)
(-0.0373822 0.0367156 0)
(-0.0957121 0.0363006 0)
(-0.13715 0.0281103 0)
(-0.173005 0.0241409 0)
(-0.204749 0.0176247 0)
(-0.215574 0.00177486 0)
(-0.202528 -0.0160363 0)
(-0.169511 -0.0236535 0)
(-0.136216 -0.0177697 0)
(-0.116321 -0.00785218 0)
(-0.110019 8.67092e-05 0)
(-0.111512 0.00560893 0)
(-0.11748 0.0093791 0)
(-0.12608 0.0124716 0)
(-0.138773 0.0155112 0)
(-0.160106 0.0153613 0)
(-0.192196 0.013753 0)
(-0.238796 0.0240279 0)
(-0.289933 0.0338222 0)
(-0.295674 0.0108506 0)
(-0.224146 -0.0437611 0)
(-0.141444 -0.0943679 0)
(-0.0445221 -0.101689 0)
(-0.0359208 0.0659723 0)
(-0.0813169 0.0587252 0)
(-0.11913 0.0455515 0)
(-0.159881 0.0411354 0)
(-0.199337 0.0304961 0)
(-0.216264 0.00331678 0)
(-0.204229 -0.0285813 0)
(-0.175252 -0.0422214 0)
(-0.144127 -0.0318797 0)
(-0.123034 -0.0142905 0)
(-0.116028 -0.00125743 0)
(-0.117106 0.00640398 0)
(-0.120008 0.0108601 0)
(-0.120866 0.0143191 0)
(-0.118273 0.0187685 0)
(-0.11645 0.0243511 0)
(-0.123734 0.0315253 0)
(-0.142105 0.0405843 0)
(-0.161011 0.0352192 0)
(-0.145548 -0.00718797 0)
(-0.0929078 -0.0704635 0)
(-0.0537521 -0.12004 0)
(-0.00644394 -0.130528 0)
(-0.0275302 0.0898026 0)
(-0.0586048 0.0782306 0)
(-0.0946262 0.0626321 0)
(-0.133793 0.0587965 0)
(-0.169873 0.0438605 0)
(-0.181912 0.00570478 0)
(-0.172469 -0.0382759 0)
(-0.159468 -0.0562159 0)
(-0.145466 -0.0432642 0)
(-0.131775 -0.020225 0)
(-0.125663 -0.00213103 0)
(-0.127427 0.00771827 0)
(-0.131316 0.0117401 0)
(-0.131913 0.0129713 0)
(-0.125725 0.0147359 0)
(-0.112086 0.0198931 0)
(-0.0928184 0.0295567 0)
(-0.0687611 0.0395823 0)
(-0.0422094 0.0309806 0)
(-0.00633788 -0.012967 0)
(0.0255182 -0.072513 0)
(0.0148902 -0.122277 0)
(0.0243799 -0.12702 0)
(-0.0157819 0.106555 0)
(-0.02919 0.0938742 0)
(-0.0571904 0.0792965 0)
(-0.084287 0.0746514 0)
(-0.105945 0.0556617 0)
(-0.105083 0.0110712 0)
(-0.10101 -0.0389599 0)
(-0.114616 -0.0570153 0)
(-0.13151 -0.0442578 0)
(-0.137548 -0.0218739 0)
(-0.137527 -0.00243399 0)
(-0.139644 0.00944096 0)
(-0.143217 0.0131978 0)
(-0.143324 0.011924 0)
(-0.136581 0.00971476 0)
(-0.122245 0.0103598 0)
(-0.0979826 0.0145784 0)
(-0.058667 0.0189752 0)
(-0.0107649 0.00758208 0)
(0.0344151 -0.032709 0)
(0.0627728 -0.0762414 0)
(0.0358985 -0.117531 0)
(0.0393632 -0.113087 0)
(-0.00149306 0.110624 0)
(0.0069534 0.099019 0)
(-0.00376023 0.0847373 0)
(-0.014449 0.0779748 0)
(-0.0155184 0.0535933 0)
(-0.00266572 0.00672974 0)
(-0.010593 -0.030147 0)
(-0.0562978 -0.0428545 0)
(-0.106647 -0.0317256 0)
(-0.137308 -0.0153369 0)
(-0.148908 0.000119602 0)
(-0.15313 0.0105586 0)
(-0.156061 0.0129987 0)
(-0.154388 0.00916553 0)
(-0.145139 0.00401434 0)
(-0.129695 0.00157621 0)
(-0.108368 0.000421974 0)
(-0.0757967 -0.00328744 0)
(-0.0320469 -0.0196254 0)
(0.00697836 -0.0522155 0)
(0.0418481 -0.0816392 0)
(0.0211813 -0.112931 0)
(0.0413576 -0.100703 0)
(0.0108763 0.106051 0)
(0.0367299 0.103371 0)
(0.0527827 0.0939207 0)
(0.0693764 0.0859043 0)
(0.0919178 0.0591131 0)
(0.105367 0.0162562 0)
(0.0674262 -0.0119406 0)
(-0.0147106 -0.0185437 0)
(-0.0873019 -0.00979822 0)
(-0.133597 -0.00273521 0)
(-0.157744 0.0058482 0)
(-0.167169 0.0140336 0)
(-0.170268 0.0150871 0)
(-0.166302 0.00780673 0)
(-0.153227 -0.00173877 0)
(-0.134427 -0.00711777 0)
(-0.113052 -0.0113615 0)
(-0.0858326 -0.018998 0)
(-0.0515397 -0.0367545 0)
(-0.0222455 -0.06683 0)
(0.013267 -0.0874294 0)
(0.00867833 -0.113236 0)
(0.0369419 -0.0839145 0)
(0.0182568 0.0791111 0)
(0.0751528 0.0746501 0)
(0.126462 0.0587323 0)
(0.165665 0.0474543 0)
(0.182599 0.0322798 0)
(0.152698 0.0215214 0)
(0.0679652 0.0257508 0)
(-0.027427 0.0283793 0)
(-0.0917899 0.0264566 0)
(-0.130819 0.0200778 0)
(-0.157187 0.016727 0)
(-0.174458 0.0158364 0)
(-0.18307 0.0110915 0)
(-0.179997 0.000109139 0)
(-0.163647 -0.01129 0)
(-0.140863 -0.0170587 0)
(-0.118136 -0.0213886 0)
(-0.0921798 -0.0309208 0)
(-0.0609733 -0.0508243 0)
(-0.0307449 -0.0798724 0)
(0.00359199 -0.0975387 0)
(0.0187214 -0.121007 0)
(0.0404516 -0.0671316 0)
(-0.104927 0.0477123 0)
(-0.414042 0.0608709 0)
(-0.554277 0.00373316 0)
(-0.420813 -0.0398128 0)
(-0.264786 -0.0511529 0)
(-0.0117728 -0.0809113 0)
(0.268501 -0.0490984 0)
(0.358936 0.0461407 0)
(0.247258 0.0207886 0)
(-0.263719 0.146952 0)
(-0.879774 0.18731 0)
(-1.29073 0.120408 0)
(-1.4886 0.0488584 0)
(-1.48598 -0.0134216 0)
(-1.22364 -0.0609218 0)
(-0.802145 -0.0752097 0)
(-0.475416 -0.0678516 0)
(-0.22394 -0.0708333 0)
(0.208167 0.0172411 0)
(-0.228904 0.1622 0)
(-0.461565 0.150603 0)
(-0.384371 -0.000581095 0)
(-0.280054 -0.0997566 0)
(-0.125041 -0.13171 0)
(0.102033 -0.198008 0)
(0.253301 -0.151436 0)
(0.391159 0.0241159 0)
(-0.166407 0.250096 0)
(-1.00353 0.351505 0)
(-1.52219 0.218465 0)
(-1.76255 0.0790474 0)
(-1.96451 0.0343578 0)
(-1.93472 -0.0312645 0)
(-1.38609 -0.179252 0)
(-0.723499 -0.235056 0)
(-0.495405 -0.213751 0)
(-0.397356 -0.194652 0)
(-0.101779 -0.0350445 0)
(-0.227172 0.271697 0)
(-0.31634 0.175047 0)
(-0.214049 -0.0704186 0)
(-0.088955 -0.165801 0)
(0.0222604 -0.199016 0)
(0.176878 -0.279482 0)
(0.185819 -0.173188 0)
(0.0411039 0.243199 0)
(-0.725835 0.53445 0)
(-1.48143 0.581052 0)
(-2.46009 0.513371 0)
(-3.93701 0.472342 0)
(-3.74432 0.18066 0)
(-2.03479 -0.323344 0)
(-0.458895 -0.780015 0)
(0.200456 -0.563461 0)
(0.957878 0.07784 0)
(-0.269521 -0.232098 0)
(-0.175839 -0.206075 0)
(-0.170512 0.352054 0)
(-0.0990924 0.195371 0)
(-0.032648 -0.0986041 0)
(0.123811 -0.211691 0)
(0.178549 -0.222864 0)
(0.183544 -0.288499 0)
(-0.00936702 -0.0698935 0)
(-0.369006 0.485933 0)
(-1.14061 0.823401 0)
(-2.11127 1.04342 0)
(-3.71176 1.15747 0)
(-3.76749 0.340188 0)
(-2.03875 -0.562138 0)
(-0.552443 -1.15256 0)
(0.0409641 -1.22993 0)
(0.183795 -0.982695 0)
(1.01302 -0.103153 0)
(0.599291 0.390686 0)
(-0.269622 -0.326089 0)
(-0.121141 0.384739 0)
(0.132984 0.15932 0)
(0.206644 -0.133891 0)
(0.338322 -0.243301 0)
(0.327563 -0.194609 0)
(0.136128 -0.209684 0)
(-0.310011 0.137691 0)
(-0.788339 0.752844 0)
(-1.64015 1.20002 0)
(-2.93896 1.69198 0)
(-3.73458 1.29172 0)
(-2.38264 -0.0978224 0)
(-0.849709 -1.04158 0)
(-0.0702587 -1.44455 0)
(0.155113 -1.30251 0)
(0.234291 -1.03841 0)
(0.51673 -0.286147 0)
(0.576895 0.765853 0)
(-0.565967 -0.135272 0)
(-0.0756821 0.358885 0)
(0.245951 0.0880773 0)
(0.425731 -0.200936 0)
(0.510639 -0.268798 0)
(0.432204 -0.117666 0)
(0.0773649 -0.050333 0)
(-0.519611 0.355677 0)
(-1.0836 1.02749 0)
(-2.09413 1.71132 0)
(-3.26149 2.05472 0)
(-2.87276 0.899771 0)
(-1.15677 -0.652255 0)
(-0.256799 -1.42346 0)
(0.116417 -1.5944 0)
(0.149305 -1.33085 0)
(0.198669 -1.04432 0)
(0.363356 -0.51372 0)
(0.343556 1.02473 0)
(-0.360261 -0.257303 0)
(0.0107191 0.286778 0)
(0.343898 0.0209259 0)
(0.558813 -0.272733 0)
(0.562257 -0.283107 0)
(0.448289 -0.00583583 0)
(0.0305534 0.149102 0)
(-0.637028 0.590096 0)
(-1.29862 1.38233 0)
(-2.42554 2.19006 0)
(-3.03469 2.02754 0)
(-1.84871 0.3303 0)
(-0.423095 -1.16963 0)
(-0.012093 -1.61483 0)
(0.0773995 -1.63065 0)
(0.100576 -1.35685 0)
(0.156473 -1.08009 0)
(0.312068 -0.573932 0)
(0.108569 1.07798 0)
(-0.18636 -0.378511 0)
(0.135787 0.137399 0)
(0.419881 -0.0982323 0)
(0.566935 -0.328988 0)
(0.456144 -0.234444 0)
(0.321222 0.0999718 0)
(-0.0285776 0.354614 0)
(-0.65253 0.842366 0)
(-1.35678 1.82235 0)
(-2.50218 2.53198 0)
(-2.49941 1.80868 0)
(-1.20183 -0.112833 0)
(-0.295494 -1.40796 0)
(-0.0155896 -1.69378 0)
(0.00641344 -1.64768 0)
(0.021162 -1.39525 0)
(0.10131 -1.1344 0)
(0.170981 -0.54712 0)
(-0.181273 1.33836 0)
(-0.099856 -0.376783 0)
(0.0101484 0.03723 0)
(-0.00792389 0.0338869 0)
(-0.0382424 0.0565998 0)
(-0.0710572 0.0799129 0)
(-0.0990349 0.0903876 0)
(-0.121697 0.0882076 0)
(-0.13882 0.0737092 0)
(-0.148807 0.0519916 0)
(-0.150468 0.0365529 0)
(-0.15168 0.0290366 0)
(-0.158816 0.0311532 0)
(-0.172713 0.0338673 0)
(-0.185434 0.024671 0)
(-0.179679 -0.00178142 0)
(-0.149718 -0.030869 0)
(-0.126888 -0.0378329 0)
(-0.110665 -0.0421399 0)
(-0.0910277 -0.0559164 0)
(-0.0599858 -0.0832791 0)
(-0.0225769 -0.115267 0)
(0.019095 -0.133046 0)
(0.0473291 -0.142675 0)
(0.0699254 -0.10193 0)
(-0.585347 0.136277 0)
(-0.563374 0.133296 0)
(-0.531611 0.0913987 0)
(-0.488861 0.0623789 0)
(-0.472438 0.0515383 0)
(-0.464442 0.0528974 0)
(-0.443445 0.0504345 0)
(-0.41033 0.0410516 0)
(-0.363335 0.0323716 0)
(-0.292983 0.0289602 0)
(-0.231475 0.0343478 0)
(-0.204621 0.0347664 0)
(-0.189101 0.00741155 0)
(-0.166965 -0.0352304 0)
(-0.146418 -0.0560536 0)
(-0.124451 -0.046742 0)
(-0.111563 -0.0440005 0)
(-0.105092 -0.0642508 0)
(-0.0803678 -0.105564 0)
(-0.0426441 -0.139409 0)
(-0.00199497 -0.142902 0)
(0.0135299 -0.133875 0)
(0.0388193 -0.108139 0)
(-0.432783 0.904602 0)
(-0.533804 0.16215 0)
(-1.00013 0.0542102 0)
(-1.3619 0.105271 0)
(-1.58457 0.114617 0)
(-1.68468 0.0695736 0)
(-1.6465 0.0207827 0)
(-1.54616 -0.0392339 0)
(-1.4054 -0.121195 0)
(-1.135 -0.128259 0)
(-0.905271 -0.0610153 0)
(-0.783032 -0.0151419 0)
(-0.787617 0.000975535 0)
(-0.809057 -0.0155177 0)
(-0.779169 -0.0607995 0)
(-0.699286 -0.068498 0)
(-0.615285 -0.0555609 0)
(-0.544619 -0.0764807 0)
(-0.450658 -0.119124 0)
(-0.317746 -0.162741 0)
(-0.156376 -0.184845 0)
(0.025416 -0.184613 0)
(0.174969 -0.155207 0)
(-0.321451 1.31836 0)
(-0.496258 0.685759 0)
(-1.00209 0.611719 0)
(-1.30269 0.485264 0)
(-1.56622 0.309774 0)
(-1.85872 0.140731 0)
(-2.17135 -0.0179293 0)
(-2.3478 -0.206031 0)
(-2.33341 -0.388578 0)
(-2.27674 -0.389811 0)
(-2.16766 -0.159595 0)
(-2.02797 0.00231148 0)
(-1.90859 -0.0270863 0)
(-1.84132 -0.167802 0)
(-1.80382 -0.244765 0)
(-1.68507 -0.220639 0)
(-1.51596 -0.18009 0)
(-1.35275 -0.231956 0)
(-1.14526 -0.440391 0)
(-0.747845 -0.809982 0)
(0.416688 -0.660058 0)
(0.980717 -0.611152 0)
(1.35996 -0.518734 0)
(-0.228259 1.57325 0)
(-0.332458 1.04726 0)
(-0.700634 0.93129 0)
(-0.793638 0.753165 0)
(-0.855655 0.600025 0)
(-0.901143 0.518807 0)
(-1.00168 0.408294 0)
(-1.1402 0.144126 0)
(-1.29771 -0.260967 0)
(-1.43109 -0.522278 0)
(-1.47742 -0.466566 0)
(-1.4718 -0.274388 0)
(-1.6227 -0.109444 0)
(-1.9939 -0.0159301 0)
(-2.30704 -0.174077 0)
(-2.14951 -0.357026 0)
(-1.77097 -0.416372 0)
(-1.48775 -0.53876 0)
(-1.30981 -0.841508 0)
(-1.32019 -1.26297 0)
(-1.24101 -1.27347 0)
(-1.12541 -1.22222 0)
(-1.22909 -0.88336 0)
(-0.123253 1.7692 0)
(-0.102995 1.23619 0)
(-0.372332 1.01636 0)
(-0.285923 0.786283 0)
(-0.271998 0.577422 0)
(-0.237566 0.457956 0)
(-0.213949 0.372799 0)
(-0.282391 0.260583 0)
(-0.499901 0.0727786 0)
(-0.896817 -0.0651729 0)
(-1.31105 -0.0562005 0)
(-1.57048 0.119016 0)
(-1.76277 0.36448 0)
(-1.9274 0.320981 0)
(-2.03763 -0.122719 0)
(-1.85927 -0.566418 0)
(-1.49108 -0.645812 0)
(-1.31315 -0.631692 0)
(-1.26088 -0.703717 0)
(-1.45928 -0.858177 0)
(-1.98341 -0.747686 0)
(-2.27363 -0.658539 0)
(-2.61436 -0.375781 0)
(0.0220395 1.77443 0)
(0.142553 1.42854 0)
(-0.0792773 1.0188 0)
(0.0500615 0.723767 0)
(0.0644397 0.517147 0)
(0.0567758 0.404776 0)
(0.0404419 0.324623 0)
(-0.0090657 0.312792 0)
(-0.130355 0.308274 0)
(-0.410428 0.260013 0)
(-0.77957 0.241382 0)
(-1.11419 0.286264 0)
(-1.34418 0.35563 0)
(-1.54376 0.233622 0)
(-1.79331 -0.207566 0)
(-1.85688 -0.696546 0)
(-1.66306 -0.956074 0)
(-1.49223 -0.893366 0)
(-1.345 -0.746984 0)
(-1.33389 -0.611372 0)
(-1.68614 -0.461598 0)
(-2.00443 -0.367084 0)
(-2.2283 -0.45654 0)
(0.146263 1.5381 0)
(0.329349 1.51024 0)
(0.217908 1.05769 0)
(0.254671 0.699181 0)
(0.239484 0.515141 0)
(0.188162 0.4486 0)
(0.118518 0.403115 0)
(0.025218 0.409858 0)
(-0.0456031 0.463744 0)
(-0.177299 0.506698 0)
(-0.376046 0.543324 0)
(-0.601025 0.595023 0)
(-0.787907 0.63866 0)
(-0.97332 0.528873 0)
(-1.27017 0.113931 0)
(-1.52409 -0.541766 0)
(-1.63854 -1.02667 0)
(-1.58745 -1.06878 0)
(-1.46405 -0.896115 0)
(-1.32613 -0.61397 0)
(-1.25775 -0.338289 0)
(-1.15255 -0.128865 0)
(-1.33892 -0.292804 0)
(0.159593 1.2167 0)
(0.368507 1.41748 0)
(0.384142 1.06843 0)
(0.377241 0.732164 0)
(0.314821 0.565636 0)
(0.234001 0.526817 0)
(0.147501 0.507583 0)
(0.0353404 0.512293 0)
(-0.0393437 0.557825 0)
(-0.102239 0.631553 0)
(-0.183449 0.701008 0)
(-0.283936 0.761193 0)
(-0.383726 0.802688 0)
(-0.497452 0.74569 0)
(-0.743414 0.420852 0)
(-1.14186 -0.205157 0)
(-1.47717 -0.800932 0)
(-1.60473 -1.07994 0)
(-1.54956 -1.02401 0)
(-1.37466 -0.795672 0)
(-1.15374 -0.514459 0)
(-0.921935 -0.308565 0)
(-0.67459 -0.304181 0)
(0.0693694 0.998194 0)
(0.268808 1.24264 0)
(0.374668 1.02098 0)
(0.382431 0.773157 0)
(0.307412 0.64327 0)
(0.223986 0.612828 0)
(0.144991 0.60155 0)
(0.0498277 0.600933 0)
(-0.0249344 0.621444 0)
(-0.0721568 0.681542 0)
(-0.105484 0.754167 0)
(-0.136539 0.816826 0)
(-0.1678 0.857551 0)
(-0.208302 0.849367 0)
(-0.338315 0.687056 0)
(-0.665512 0.241903 0)
(-1.15545 -0.46021 0)
(-1.54855 -0.998618 0)
(-1.65652 -1.11058 0)
(-1.5544 -1.00426 0)
(-1.31754 -0.787961 0)
(-1.03855 -0.582444 0)
(-0.823229 -0.475151 0)
(-0.0140966 0.910865 0)
(0.142788 1.06221 0)
(0.275898 0.945685 0)
(0.302095 0.800836 0)
(0.247746 0.71518 0)
(0.188192 0.686446 0)
(0.130345 0.6769 0)
(0.0655738 0.67544 0)
(0.00601462 0.679195 0)
(-0.0358571 0.713045 0)
(-0.0549224 0.768214 0)
(-0.059825 0.824555 0)
(-0.0593562 0.867569 0)
(-0.0634202 0.887578 0)
(-0.106013 0.841751 0)
(-0.292878 0.599607 0)
(-0.68012 0.0665912 0)
(-1.18069 -0.619027 0)
(-1.5746 -1.04017 0)
(-1.72504 -1.11473 0)
(-1.63883 -1.00264 0)
(-1.40588 -0.842394 0)
(-1.15292 -0.706704 0)
(-0.0338239 0.887514 0)
(0.0702115 0.920939 0)
(0.177173 0.875809 0)
(0.206807 0.809058 0)
(0.182385 0.758839 0)
(0.153075 0.733237 0)
(0.119511 0.726243 0)
(0.0836756 0.727119 0)
(0.0453557 0.726728 0)
(0.0128337 0.742293 0)
(-0.00149354 0.776187 0)
(-6.74405e-05 0.819192 0)
(0.00884138 0.860567 0)
(0.0146494 0.892128 0)
(0.0110988 0.902469 0)
(-0.0574627 0.808382 0)
(-0.293152 0.471005 0)
(-0.670499 -0.0727576 0)
(-1.11274 -0.633442 0)
(-1.51963 -0.987193 0)
(-1.80011 -1.1015 0)
(-1.83358 -1.01715 0)
(-1.64447 -0.824165 0)
(-0.0175203 0.878162 0)
(0.0455423 0.834312 0)
(0.111864 0.82356 0)
(0.139242 0.800749 0)
(0.137633 0.773198 0)
(0.130367 0.753663 0)
(0.116537 0.74998 0)
(0.102366 0.753348 0)
(0.0839463 0.755154 0)
(0.0646944 0.763269 0)
(0.0545314 0.78255 0)
(0.0559429 0.81317 0)
(0.0642718 0.850659 0)
(0.0709057 0.885577 0)
(0.0741928 0.912953 0)
(0.0643997 0.900144 0)
(-0.0574049 0.711351 0)
(-0.334318 0.269379 0)
(-0.639033 -0.154311 0)
(-0.951458 -0.493588 0)
(-1.40403 -0.827932 0)
(-1.87025 -1.06188 0)
(-2.31745 -1.00217 0)
(-0.00125344 0.86384 0)
(0.0384902 0.784195 0)
(0.0781037 0.786723 0)
(0.103616 0.784128 0)
(0.114108 0.769593 0)
(0.119191 0.756716 0)
(0.118638 0.755692 0)
(0.118559 0.760807 0)
(0.11538 0.766045 0)
(0.109508 0.773025 0)
(0.105669 0.785702 0)
(0.107318 0.808668 0)
(0.113699 0.842759 0)
(0.120004 0.879623 0)
(0.121162 0.910553 0)
(0.121134 0.932387 0)
(0.0657709 0.866632 0)
(-0.163822 0.535677 0)
(-0.479744 0.0756696 0)
(-0.728446 -0.119162 0)
(-1.08882 -0.173675 0)
(-1.63411 -0.216431 0)
(-2.14633 -0.334974 0)
(0.00560393 0.844259 0)
(0.0352535 0.750821 0)
(0.0632885 0.758514 0)
(0.0876263 0.764839 0)
(0.103166 0.75786 0)
(0.114711 0.750268 0)
(0.122421 0.750871 0)
(0.130838 0.756848 0)
(0.137894 0.764558 0)
(0.142835 0.772969 0)
(0.146566 0.784471 0)
(0.151165 0.804166 0)
(0.158084 0.835692 0)
(0.166184 0.874378 0)
(0.169213 0.909591 0)
(0.167236 0.945854 0)
(0.148075 0.969418 0)
(0.00426599 0.814672 0)
(-0.354261 0.348252 0)
(-0.599575 0.101707 0)
(-0.800495 0.101294 0)
(-1.20758 0.128349 0)
(-1.70606 -0.0170679 0)
(0.00753309 0.82357 0)
(0.0332975 0.724653 0)
(0.0568917 0.733657 0)
(0.0804688 0.744703 0)
(0.0981631 0.742389 0)
(0.113386 0.73834 0)
(0.12622 0.739803 0)
(0.139697 0.74581 0)
(0.153126 0.75452 0)
(0.165684 0.76461 0)
(0.176674 0.777304 0)
(0.186773 0.796493 0)
(0.19793 0.826116 0)
(0.211368 0.865284 0)
(0.223279 0.906223 0)
(0.228951 0.950677 0)
(0.231025 1.01843 0)
(0.202008 1.03934 0)
(-0.101535 0.664257 0)
(-0.442039 0.306908 0)
(-0.580078 0.293802 0)
(-0.596942 0.545376 0)
(-0.87701 0.375497 0)
(0.00867823 0.802849 0)
(0.0323723 0.701968 0)
(0.0538776 0.71001 0)
(0.0769982 0.724085 0)
(0.0960255 0.724679 0)
(0.113628 0.72282 0)
(0.129806 0.724704 0)
(0.146503 0.730245 0)
(0.163868 0.738778 0)
(0.181505 0.7496 0)
(0.198648 0.763423 0)
(0.215432 0.782692 0)
(0.233605 0.810402 0)
(0.255398 0.847672 0)
(0.280354 0.891221 0)
(0.30443 0.939844 0)
(0.330736 1.0131 0)
(0.377187 1.12544 0)
(0.29272 1.01422 0)
(-0.0659684 0.616845 0)
(-0.352353 0.361062 0)
(-0.383543 0.424114 0)
(-0.225921 0.553686 0)
(0.0100457 0.781489 0)
(0.032228 0.681247 0)
(0.0525884 0.687074 0)
(0.0754148 0.703078 0)
(0.0955018 0.70541 0)
(0.114797 0.704821 0)
(0.133369 0.706858 0)
(0.152427 0.711755 0)
(0.172459 0.719411 0)
(0.193586 0.729749 0)
(0.215599 0.743331 0)
(0.238804 0.761544 0)
(0.264735 0.786259 0)
(0.29582 0.818889 0)
(0.33392 0.859137 0)
(0.377822 0.905648 0)
(0.431195 0.96547 0)
(0.509761 1.07363 0)
(0.606926 1.14914 0)
(0.47556 0.915511 0)
(0.189538 0.624739 0)
(0.0462968 0.429936 0)
(0.10166 0.328365 0)
(0.0112845 0.759275 0)
(0.0324789 0.661597 0)
(0.0523206 0.664652 0)
(0.074952 0.681701 0)
(0.0958796 0.68499 0)
(0.116442 0.685009 0)
(0.136855 0.686937 0)
(0.157859 0.691076 0)
(0.179999 0.697469 0)
(0.203754 0.706333 0)
(0.229484 0.718146 0)
(0.257881 0.733643 0)
(0.290412 0.753768 0)
(0.329347 0.779408 0)
(0.377518 0.811096 0)
(0.436209 0.848105 0)
(0.510298 0.890163 0)
(0.606864 0.952254 0)
(0.763375 1.04882 0)
(0.900563 1.02672 0)
(0.827758 0.803066 0)
(0.706178 0.553966 0)
(0.739346 0.327144 0)
(0.0120692 0.736439 0)
(0.0327857 0.642312 0)
(0.05251 0.642538 0)
(0.0750314 0.659976 0)
(0.0965844 0.663691 0)
(0.118096 0.663806 0)
(0.139916 0.665311 0)
(0.162535 0.668511 0)
(0.186454 0.67338 0)
(0.212299 0.680139 0)
(0.240755 0.689112 0)
(0.272762 0.700633 0)
(0.309739 0.714976 0)
(0.353674 0.732328 0)
(0.407306 0.752799 0)
(0.473354 0.775541 0)
(0.555989 0.798322 0)
(0.660146 0.81894 0)
(0.809654 0.850098 0)
(1.01806 0.865529 0)
(1.18803 0.765607 0)
(1.28926 0.533403 0)
(1.37933 0.211115 0)
(0.0123936 0.713298 0)
(0.0329658 0.622954 0)
(0.0527256 0.620581 0)
(0.0751916 0.637961 0)
(0.0971657 0.641736 0)
(0.119341 0.64156 0)
(0.142152 0.642346 0)
(0.16598 0.644387 0)
(0.191279 0.647527 0)
(0.218668 0.651856 0)
(0.248915 0.657495 0)
(0.282993 0.664492 0)
(0.322173 0.672693 0)
(0.368085 0.681723 0)
(0.422849 0.690979 0)
(0.4892 0.699115 0)
(0.569954 0.703192 0)
(0.668468 0.697087 0)
(0.791447 0.675378 0)
(0.956472 0.634927 0)
(1.14529 0.544289 0)
(1.31262 0.368728 0)
(1.41817 0.115698 0)
(0.0124039 0.690137 0)
(0.0329496 0.603394 0)
(0.0527128 0.598733 0)
(0.0751245 0.615753 0)
(0.0973199 0.619347 0)
(0.119888 0.618625 0)
(0.143287 0.618476 0)
(0.167847 0.619181 0)
(0.193994 0.620459 0)
(0.222275 0.622252 0)
(0.253392 0.624505 0)
(0.288203 0.627045 0)
(0.327742 0.629467 0)
(0.373241 0.631076 0)
(0.426146 0.630799 0)
(0.488314 0.626976 0)
(0.561418 0.616532 0)
(0.646718 0.594377 0)
(0.743819 0.552408 0)
(0.854651 0.482215 0)
(0.975412 0.374471 0)
(1.08722 0.224957 0)
(1.14798 0.0367822 0)
(0.0122363 0.66718 0)
(0.0327172 0.583697 0)
(0.0523612 0.577047 0)
(0.0746547 0.5935 0)
(0.0968697 0.596755 0)
(0.119567 0.595348 0)
(0.143183 0.594153 0)
(0.168003 0.593435 0)
(0.194422 0.592828 0)
(0.222912 0.592145 0)
(0.25405 0.591216 0)
(0.288516 0.589722 0)
(0.327082 0.58713 0)
(0.370608 0.582615 0)
(0.419987 0.574971 0)
(0.47617 0.562508 0)
(0.539887 0.542611 0)
(0.611064 0.511599 0)
(0.687911 0.464444 0)
(0.766628 0.394979 0)
(0.840354 0.297659 0)
(0.901127 0.175952 0)
(0.928498 0.0355849 0)
(0.0119742 0.644584 0)
(0.0322724 0.564012 0)
(0.0516508 0.555624 0)
(0.0737031 0.571372 0)
(0.0957337 0.574191 0)
(0.118309 0.572053 0)
(0.141809 0.569792 0)
(0.166477 0.567665 0)
(0.192657 0.565254 0)
(0.220751 0.562285 0)
(0.251205 0.558517 0)
(0.284519 0.553558 0)
(0.321232 0.546832 0)
(0.361884 0.537507 0)
(0.406954 0.524441 0)
(0.456784 0.506115 0)
(0.511419 0.480494 0)
(0.570183 0.445003 0)
(0.631215 0.396701 0)
(0.69091 0.332616 0)
(0.742646 0.249658 0)
(0.780307 0.149644 0)
(0.793849 0.0355103 0)
(0.0116665 0.622462 0)
(0.0316328 0.544505 0)
(0.0506056 0.534594 0)
(0.0722582 0.54954 0)
(0.0939052 0.551874 0)
(0.116127 0.549017 0)
(0.13922 0.545737 0)
(0.163392 0.542298 0)
(0.18893 0.538243 0)
(0.216155 0.533258 0)
(0.245404 0.527059 0)
(0.277022 0.519243 0)
(0.311348 0.509244 0)
(0.348674 0.496291 0)
(0.389178 0.479389 0)
(0.43284 0.457275 0)
(0.479302 0.428412 0)
(0.527636 0.391021 0)
(0.57608 0.343255 0)
(0.621905 0.283632 0)
(0.660612 0.210969 0)
(0.687883 0.126846 0)
(0.697303 0.0334936 0)
(0.0113436 0.600915 0)
(0.03082 0.525332 0)
(0.0492657 0.514103 0)
(0.0703533 0.528181 0)
(0.0914303 0.530012 0)
(0.113088 0.52648 0)
(0.135529 0.522273 0)
(0.158929 0.517662 0)
(0.183519 0.51217 0)
(0.209543 0.505471 0)
(0.23724 0.497273 0)
(0.266829 0.487187 0)
(0.298496 0.474698 0)
(0.332349 0.459132 0)
(0.368365 0.439664 0)
(0.406312 0.415303 0)
(0.445655 0.384925 0)
(0.485411 0.347338 0)
(0.524023 0.301431 0)
(0.559373 0.246488 0)
(0.588477 0.182308 0)
(0.608685 0.110554 0)
(0.615451 0.032784 0)
(0.0110195 0.58003 0)
(0.0298607 0.506643 0)
(0.0476764 0.494292 0)
(0.0680498 0.507474 0)
(0.0883906 0.508807 0)
(0.109302 0.504662 0)
(0.130892 0.499642 0)
(0.153303 0.494017 0)
(0.176721 0.487313 0)
(0.201321 0.479206 0)
(0.227254 0.469416 0)
(0.254645 0.457591 0)
(0.283564 0.443285 0)
(0.313998 0.425937 0)
(0.345798 0.404886 0)
(0.37863 0.379387 0)
(0.41191 0.348651 0)
(0.444721 0.311915 0)
(0.475756 0.268571 0)
(0.50337 0.218352 0)
(0.525441 0.16143 0)
(0.540313 0.0992625 0)
(0.544881 0.0328854 0)
(0.0106988 0.559858 0)
(0.0287968 0.488576 0)
(0.045878 0.475266 0)
(0.0654202 0.487572 0)
(0.0848843 0.488422 0)
(0.104898 0.483741 0)
(0.125483 0.478031 0)
(0.146744 0.471556 0)
(0.168832 0.463857 0)
(0.191864 0.454628 0)
(0.21592 0.443613 0)
(0.241054 0.430507 0)
(0.267258 0.414939 0)
(0.29444 0.396459 0)
(0.322391 0.374555 0)
(0.350739 0.348684 0)
(0.378916 0.318309 0)
(0.40612 0.28297 0)
(0.431287 0.24237 0)
(0.453156 0.196492 0)
(0.470186 0.14564 0)
(0.481293 0.0910154 0)
(0.484362 0.0333562 0)
(0.0103914 0.540409 0)
(0.0276837 0.471269 0)
(0.0438917 0.457093 0)
(0.0625308 0.468592 0)
(0.0810062 0.468976 0)
(0.100011 0.46384 0)
(0.119479 0.457565 0)
(0.139477 0.450401 0)
(0.160134 0.441916 0)
(0.181517 0.431827 0)
(0.203653 0.419907 0)
(0.226548 0.405907 0)
(0.250142 0.389522 0)
(0.274301 0.370406 0)
(0.298791 0.348173 0)
(0.323242 0.322438 0)
(0.347137 0.292849 0)
(0.369794 0.259147 0)
(0.390364 0.221227 0)
(0.407891 0.179208 0)
(0.421255 0.133436 0)
(0.42973 0.0848853 0)
(0.431807 0.034066 0)
(0.0101262 0.521655 0)
(0.0265818 0.45488 0)
(0.0417171 0.439845 0)
(0.0594308 0.450619 0)
(0.0768336 0.450554 0)
(0.0947614 0.445055 0)
(0.113038 0.438335 0)
(0.131707 0.430635 0)
(0.150884 0.421558 0)
(0.170591 0.410839 0)
(0.190822 0.398289 0)
(0.211547 0.38371 0)
(0.23268 0.366859 0)
(0.254066 0.347473 0)
(0.27547 0.325272 0)
(0.296549 0.299993 0)
(0.316848 0.271419 0)
(0.335802 0.239424 0)
(0.352741 0.204019 0)
(0.366943 0.165391 0)
(0.37759 0.12389 0)
(0.384184 0.0802921 0)
(0.38559 0.0349328 0)
(0.00995133 0.503525 0)
(0.0255475 0.43959 0)
(0.0393609 0.423621 0)
(0.0561561 0.433708 0)
(0.0724239 0.433221 0)
(0.0892442 0.427453 0)
(0.106284 0.420396 0)
(0.123598 0.4123 0)
(0.141288 0.4028 0)
(0.159337 0.391649 0)
(0.177722 0.378694 0)
(0.196391 0.363782 0)
(0.215242 0.346728 0)
(0.23412 0.327336 0)
(0.2528 0.30541 0)
(0.270977 0.28078 0)
(0.288265 0.253324 0)
(0.304203 0.223005 0)
(0.31827 0.189897 0)
(0.329923 0.154218 0)
(0.338565 0.116298 0)
(0.343856 0.0767555 0)
(0.344927 0.0358064 0)
(0.00990419 0.485907 0)
(0.0246117 0.425551 0)
(0.0368783 0.408539 0)
(0.0527389 0.417881 0)
(0.0678168 0.417012 0)
(0.0835142 0.411062 0)
(0.0992864 0.403769 0)
(0.115246 0.395399 0)
(0.131472 0.385613 0)
(0.147913 0.374187 0)
(0.164543 0.361006 0)
(0.181299 0.345953 0)
(0.198073 0.32889 0)
(0.214713 0.309676 0)
(0.231016 0.288182 0)
(0.24672 0.264302 0)
(0.261503 0.237984 0)
(0.274998 0.209241 0)
(0.286803 0.178183 0)
(0.296516 0.14503 0)
(0.303712 0.110088 0)
(0.308165 0.0738502 0)
(0.309221 0.0364532 0)
(0.00997166 0.468692 0)
(0.0237578 0.412831 0)
(0.0343575 0.39473 0)
(0.0492022 0.403177 0)
(0.0630301 0.401956 0)
(0.0775816 0.395895 0)
(0.092059 0.388455 0)
(0.106672 0.379913 0)
(0.121461 0.369948 0)
(0.136355 0.35837 0)
(0.151332 0.3451 0)
(0.166321 0.330046 0)
(0.181211 0.313112 0)
(0.195864 0.294197 0)
(0.210099 0.27322 0)
(0.223693 0.250126 0)
(0.236386 0.224903 0)
(0.247887 0.197598 0)
(0.257894 0.168331 0)
(0.266108 0.137314 0)
(0.272239 0.104821 0)
(0.276144 0.0712529 0)
(0.277337 0.0366796 0)
(0.0100942 0.451833 0)
(0.0229331 0.401421 0)
(0.031846 0.382313 0)
(0.0455431 0.389681 0)
(0.0580503 0.388097 0)
(0.0714131 0.381979 0)
(0.0845565 0.374467 0)
(0.0978122 0.365829 0)
(0.111173 0.355764 0)
(0.124562 0.344127 0)
(0.13796 0.330863 0)
(0.151288 0.315906 0)
(0.16444 0.299186 0)
(0.177288 0.28064 0)
(0.189675 0.260218 0)
(0.201414 0.237898 0)
(0.212295 0.213697 0)
(0.22209 0.187679 0)
(0.230567 0.159964 0)
(0.237504 0.130744 0)
(0.242705 0.100259 0)
(0.24608 0.0688354 0)
(0.247262 0.0364953 0)
(0.0102114 0.43535 0)
(0.0220815 0.391278 0)
(0.0293248 0.371394 0)
(0.0417365 0.377499 0)
(0.0528354 0.375501 0)
(0.0649449 0.369373 0)
(0.0766894 0.361846 0)
(0.0885488 0.35316 0)
(0.100455 0.343051 0)
(0.112337 0.331417 0)
(0.124174 0.318224 0)
(0.13588 0.303427 0)
(0.147354 0.286976 0)
(0.158481 0.268835 0)
(0.169124 0.248978 0)
(0.179125 0.227405 0)
(0.188312 0.204151 0)
(0.196502 0.179286 0)
(0.203512 0.152925 0)
(0.209172 0.125233 0)
(0.213347 0.0964155 0)
(0.215971 0.0667423 0)
(0.216758 0.0362124 0)
(0.0102837 0.419318 0)
(0.0211398 0.382339 0)
(0.0267605 0.362068 0)
(0.037765 0.366736 0)
(0.0473466 0.364264 0)
(0.058121 0.358164 0)
(0.0683766 0.350653 0)
(0.0787789 0.341955 0)
(0.089175 0.331841 0)
(0.0995059 0.320255 0)
(0.109749 0.307183 0)
(0.119809 0.29259 0)
(0.129596 0.276449 0)
(0.139007 0.258737 0)
(0.147918 0.239448 0)
(0.156194 0.218597 0)
(0.16369 0.196229 0)
(0.170258 0.172414 0)
(0.175751 0.147257 0)
(0.180031 0.120897 0)
(0.18301 0.0935064 0)
(0.184637 0.0653106 0)
(0.184693 0.0363024 0)
(0.0102635 0.403888 0)
(0.0200096 0.374499 0)
(0.0241404 0.354409 0)
(0.0336362 0.357487 0)
(0.0415893 0.354504 0)
(0.0509469 0.34845 0)
(0.059621 0.340969 0)
(0.0685116 0.332281 0)
(0.0773361 0.322196 0)
(0.0860665 0.310701 0)
(0.0946714 0.297792 0)
(0.103053 0.283445 0)
(0.111132 0.267645 0)
(0.118815 0.250383 0)
(0.125992 0.231666 0)
(0.132547 0.211517 0)
(0.138361 0.189982 0)
(0.143311 0.167134 0)
(0.147281 0.143064 0)
(0.150166 0.117885 0)
(0.151923 0.0917425 0)
(0.152512 0.0648156 0)
(0.151802 0.0370945 0)
(0.0100662 0.389273 0)
(0.0185698 0.367643 0)
(0.021446 0.348404 0)
(0.0293729 0.349807 0)
(0.0356304 0.34632 0)
(0.0435202 0.340297 0)
(0.0505578 0.332845 0)
(0.0579211 0.324184 0)
(0.0651471 0.314158 0)
(0.0722654 0.302791 0)
(0.0792309 0.290079 0)
(0.0859488 0.276006 0)
(0.0923534 0.260567 0)
(0.0983597 0.243761 0)
(0.103873 0.225604 0)
(0.108798 0.206121 0)
(0.11304 0.185359 0)
(0.116502 0.163385 0)
(0.119102 0.140279 0)
(0.120769 0.116131 0)
(0.121503 0.0910539 0)
(0.12128 0.0651713 0)
(0.120058 0.0384748 0)
(0.00962652 0.375787 0)
(0.0167682 0.361765 0)
(0.0186572 0.34396 0)
(0.0250161 0.343701 0)
(0.0295904 0.339762 0)
(0.0360203 0.33373 0)
(0.0414371 0.326301 0)
(0.0473166 0.317678 0)
(0.0529775 0.307733 0)
(0.0585414 0.296518 0)
(0.06394 0.284019 0)
(0.0690901 0.270228 0)
(0.0739374 0.255145 0)
(0.0784102 0.238777 0)
(0.0824312 0.22114 0)
(0.0859231 0.202264 0)
(0.0888151 0.182192 0)
(0.0910397 0.160985 0)
(0.0925449 0.138701 0)
(0.0932903 0.115416 0)
(0.0933047 0.0911968 0)
(0.0925754 0.0661075 0)
(0.0911152 0.0401709 0)
(0.00881866 0.36355 0)
(0.0144819 0.356715 0)
(0.0156773 0.340913 0)
(0.020526 0.339076 0)
(0.0235364 0.334774 0)
(0.0285621 0.328661 0)
(0.0324477 0.321244 0)
(0.0369335 0.312651 0)
(0.0411187 0.302792 0)
(0.0452494 0.29173 0)
(0.0492173 0.279436 0)
(0.0529595 0.265908 0)
(0.0564326 0.251151 0)
(0.0595793 0.235174 0)
(0.0623424 0.217993 0)
(0.0646636 0.199638 0)
(0.0664863 0.180156 0)
(0.0677609 0.159591 0)
(0.0684651 0.137975 0)
(0.0685676 0.115368 0)
(0.0680988 0.0918049 0)
(0.0670401 0.0672956 0)
(0.0654201 0.0419134 0)
(0.00798734 0.353899 0)
(0.0123033 0.353122 0)
(0.0129273 0.33911 0)
(0.0163994 0.335943 0)
(0.0180914 0.331411 0)
(0.0219092 0.3252 0)
(0.0244818 0.317801 0)
(0.0277831 0.309244 0)
(0.0307075 0.299471 0)
(0.0336385 0.288548 0)
(0.0364117 0.27643 0)
(0.0389903 0.263129 0)
(0.0413389 0.248647 0)
(0.0434133 0.232996 0)
(0.0451679 0.216188 0)
(0.0465532 0.19826 0)
(0.0475207 0.179251 0)
(0.0480191 0.159195 0)
(0.048035 0.138117 0)
(0.0475292 0.11606 0)
(0.0465109 0.0930545 0)
(0.0449331 0.0690811 0)
(0.0427984 0.0442356 0)
(0.00562409 0.342567 0)
(0.00774861 0.349255 0)
(0.00797624 0.338029 0)
(0.00980359 0.333495 0)
(0.0101033 0.328829 0)
(0.0122394 0.32224 0)
(0.0132396 0.314921 0)
(0.0149709 0.306286 0)
(0.0163165 0.296629 0)
(0.0177358 0.285833 0)
(0.0190169 0.27391 0)
(0.0201706 0.260856 0)
(0.0211683 0.246671 0)
(0.0219876 0.23136 0)
(0.0226006 0.214951 0)
(0.0229715 0.197482 0)
(0.023069 0.178986 0)
(0.0228589 0.159475 0)
(0.0223462 0.138979 0)
(0.0214932 0.117514 0)
(0.0203331 0.095108 0)
(0.0188635 0.0716795 0)
(0.017123 0.0472349 0)
(0.114215 -0.0802852 0)
(0.15766 -0.0611045 0)
(0.198974 -0.0425798 0)
(0.22779 -0.0285014 0)
(0.0518018 -0.111164 0)
(0.0699027 -0.115789 0)
(0.103662 -0.111954 0)
(0.143731 -0.1058 0)
(0.276715 -0.152585 0)
(0.352225 -0.161007 0)
(0.464287 -0.179186 0)
(0.609969 -0.216207 0)
(1.59943 -0.480654 0)
(1.68667 -0.496412 0)
(1.66362 -0.538433 0)
(1.5243 -0.613334 0)
(-1.20109 -0.663204 0)
(-1.17547 -0.425687 0)
(-1.20904 -0.0805785 0)
(-1.26639 0.260757 0)
(-2.74362 -0.220516 0)
(-2.81724 -0.0641022 0)
(-2.87354 -0.0201781 0)
(-2.77539 -0.0507622 0)
(-2.29229 -0.470481 0)
(-2.09896 -0.489373 0)
(-1.91801 -0.528403 0)
(-1.75471 -0.531275 0)
(-1.39249 -0.480291 0)
(-1.43038 -0.556889 0)
(-1.49966 -0.614677 0)
(-1.4465 -0.643377 0)
(-0.631461 -0.376107 0)
(-0.587445 -0.450967 0)
(-0.589269 -0.606189 0)
(-0.684002 -0.694978 0)
(-0.709941 -0.507702 0)
(-0.661227 -0.559304 0)
(-0.622598 -0.574304 0)
(-0.631345 -0.580776 0)
(-1.02372 -0.641794 0)
(-1.0005 -0.595474 0)
(-1.02798 -0.563416 0)
(-1.15453 -0.529877 0)
(-1.51833 -0.673158 0)
(-1.64063 -0.480281 0)
(-1.91397 -0.19423 0)
(-2.05658 0.031272 0)
(-2.64094 -0.446629 0)
(-2.68225 0.161534 0)
(-2.60361 0.0142964 0)
(-2.50125 -0.172657 0)
(-2.30188 -0.381008 0)
(-2.29232 -0.350068 0)
(-2.27552 -0.316975 0)
(-2.27033 -0.320151 0)
(-1.90044 -0.0538046 0)
(-1.97194 -0.111015 0)
(-1.9972 -0.214922 0)
(-1.97607 -0.33847 0)
(-1.07842 0.0719416 0)
(-1.13615 -0.0971924 0)
(-1.16776 -0.282725 0)
(-1.16557 -0.467712 0)
(-0.195633 0.351527 0)
(-0.226329 0.0739297 0)
(-0.268342 -0.185803 0)
(-0.320878 -0.417152 0)
(0.208879 0.207926 0)
(0.270877 0.0784628 0)
(0.316206 -0.0865467 0)
(0.35414 -0.28067 0)
(0.790993 0.116252 0)
(0.86025 -0.0920063 0)
(0.945395 -0.357879 0)
(1.01304 -0.609009 0)
(1.44773 -0.0580836 0)
(1.48712 -0.24343 0)
(1.49717 -0.419295 0)
(1.4809 -0.580458 0)
(1.45866 -0.084566 0)
(1.45447 -0.218565 0)
(1.42585 -0.347039 0)
(1.37969 -0.4627 0)
(1.15951 -0.105241 0)
(1.14421 -0.194867 0)
(1.11389 -0.278188 0)
(1.07244 -0.353548 0)
(0.927313 -0.0682789 0)
(0.911787 -0.133732 0)
(0.887975 -0.196276 0)
(0.858893 -0.255166 0)
(0.79034 -0.0490561 0)
(0.779131 -0.102269 0)
(0.762906 -0.153047 0)
(0.743329 -0.200955 0)
(0.694596 -0.0349954 0)
(0.686359 -0.0780136 0)
(0.67448 -0.119457 0)
(0.660031 -0.158907 0)
(0.61318 -0.0242346 0)
(0.606846 -0.0601511 0)
(0.597735 -0.0950216 0)
(0.586667 -0.128408 0)
(0.542775 -0.0156793 0)
(0.537785 -0.0463074 0)
(0.530692 -0.0761487 0)
(0.522102 -0.104772 0)
(0.4824 -0.00872206 0)
(0.478364 -0.035281 0)
(0.472707 -0.0612034 0)
(0.465826 -0.0861348 0)
(0.42992 -0.00297993 0)
(0.426511 -0.0263112 0)
(0.421905 -0.0491195 0)
(0.416316 -0.0711464 0)
(0.383927 0.00190221 0)
(0.381113 -0.0188292 0)
(0.377271 -0.039128 0)
(0.372655 -0.0588599 0)
(0.343556 0.00604079 0)
(0.341277 -0.0126451 0)
(0.338174 -0.0309906 0)
(0.334493 -0.0489376 0)
(0.308299 0.00930418 0)
(0.306581 -0.00774833 0)
(0.304212 -0.0245677 0)
(0.301427 -0.0411201 0)
(0.2769 0.0115845 0)
(0.275722 -0.00421315 0)
(0.274037 -0.0198746 0)
(0.272043 -0.0353516 0)
(0.247105 0.0130081 0)
(0.246273 -0.00182026 0)
(0.245038 -0.0165831 0)
(0.243562 -0.031205 0)
(0.216502 0.0140348 0)
(0.215741 1.23801e-07 0)
(0.214652 -0.0140173 0)
(0.213331 -0.0278891 0)
(0.184036 0.0152407 0)
(0.183111 0.00189527 0)
(0.181911 -0.0114556 0)
(0.180502 -0.0246274 0)
(0.150716 0.0169864 0)
(0.149604 0.00424683 0)
(0.148273 -0.00849977 0)
(0.146795 -0.0211103 0)
(0.118728 0.0191306 0)
(0.117557 0.0068682 0)
(0.116266 -0.00546581 0)
(0.114974 -0.0178473 0)
(0.0897243 0.0213889 0)
(0.088633 0.00940082 0)
(0.087515 -0.00282173 0)
(0.0865083 -0.0152755 0)
(0.0639798 0.0234452 0)
(0.0629815 0.011443 0)
(0.0620358 -0.000960294 0)
(0.0612451 -0.0136149 0)
(0.0410084 0.0259471 0)
(0.0398948 0.0138022 0)
(0.0388838 0.00118683 0)
(0.038072 -0.0117117 0)
(0.0158394 0.0287206 0)
(0.0151601 0.0162411 0)
(0.0146091 0.00323156 0)
(0.0142812 -0.0103359 0)
(0.302749 9.04764e-05 0)
(0.424331 -0.148129 0)
(0.400067 -0.252132 0)
(0.0546043 -0.0674071 0)
(0.00650639 0.39425 0)
(-0.0886239 0.590362 0)
(-0.509442 1.10152 0)
(-0.925668 2.39077 0)
(-1.94267 2.71859 0)
(-1.45122 1.18419 0)
(-0.449073 -0.763357 0)
(-0.212595 -1.58974 0)
(-0.147145 -1.75976 0)
(-0.130517 -1.65638 0)
(-0.163891 -1.43499 0)
(-0.10066 -1.16251 0)
(-0.185289 -0.319877 0)
(-0.584461 1.36079 0)
(0.033755 -0.556116 0)
(0.223531 -0.0998251 0)
(0.432372 -0.170689 0)
(0.0123887 1.44888e-05 0)
(-0.593508 0.0267809 0)
(-0.338252 0.260758 0)
(-0.145118 0.747661 0)
(-0.355546 1.23738 0)
(-0.450366 3.09428 0)
(-1.11708 3.0011 0)
(-0.606426 0.954204 0)
(-0.215917 -1.25068 0)
(-0.26161 -1.5842 0)
(-0.377299 -1.77668 0)
(-0.379071 -1.61894 0)
(-0.498062 -1.4018 0)
(-0.632129 -1.04411 0)
(-0.783302 0.0593481 0)
(-0.726749 0.993827 0)
(0.19208 -0.850288 0)
(0.939193 -0.275831 0)
(0.900627 0.053196 0)
(-0.0853168 0.595486 0)
(-0.574415 0.0745913 0)
(-0.395686 0.0367839 0)
(-0.222937 0.653868 0)
(-0.230755 1.20869 0)
(-0.0692003 3.53192 0)
(-0.281028 3.104 0)
(-0.161117 0.391119 0)
(-0.288539 -1.24675 0)
(-0.39865 -1.50702 0)
(-0.608812 -1.69714 0)
(-0.626996 -1.47112 0)
(-1.0074 -1.16875 0)
(-1.37242 -0.957112 0)
(-1.07373 0.0233231 0)
(-0.506408 0.505913 0)
(0.255524 -1.03746 0)
(1.08254 -0.311304 0)
(0.398217 0.575815 0)
(-0.10185 1.25724 0)
(-0.388636 0.23314 0)
(-0.432131 0.0262072 0)
(-0.286895 0.469452 0)
(-0.149552 1.11463 0)
(0.0988159 3.07997 0)
(0.571438 3.27418 0)
(0.190917 0.567612 0)
(-0.254105 -1.0626 0)
(-0.493328 -1.36808 0)
(-0.763542 -1.56765 0)
(-0.777164 -1.26862 0)
(-1.15408 -0.87199 0)
(-1.17838 -1.02341 0)
(-0.839186 -0.71128 0)
(-0.195389 -0.164406 0)
(0.244334 -1.0242 0)
(-1.19797 0.603723 0)
(-0.864852 1.00176 0)
(-0.415504 1.27586 0)
(-0.261879 0.44781 0)
(-0.367216 0.0713267 0)
(-0.332632 0.401519 0)
(-0.162016 0.979801 0)
(0.0530896 2.44506 0)
(1.18142 3.20116 0)
(0.858319 1.43655 0)
(-0.0461319 -0.667627 0)
(-0.417363 -1.09467 0)
(-0.840044 -1.42753 0)
(-0.78622 -1.21669 0)
(-0.752754 -0.905438 0)
(-0.650418 -1.03912 0)
(-0.439656 -1.05146 0)
(-0.0546462 -0.945595 0)
(0.195214 -0.914443 0)
(-2.40548 0.00676581 0)
(-1.71418 0.253451 0)
(-0.826577 0.604763 0)
(-0.312465 0.2826 0)
(-0.384587 0.130229 0)
(-0.374928 0.422471 0)
(-0.233273 0.861879 0)
(-0.158856 1.64817 0)
(0.903436 2.66171 0)
(1.2709 2.11035 0)
(0.281261 -0.0583293 0)
(-0.0745982 -0.560367 0)
(-0.838628 -1.19309 0)
(-0.800114 -1.33402 0)
(-0.564214 -1.15273 0)
(-0.395802 -1.17417 0)
(-0.237871 -1.18252 0)
(-0.0441797 -1.01051 0)
(0.130799 -0.835911 0)
(-1.48596 -0.545567 0)
(-1.20531 -0.544878 0)
(-0.7641 -0.398087 0)
(-0.299177 -0.0115299 0)
(-0.179973 0.25493 0)
(-0.366151 0.372807 0)
(-0.279735 0.760083 0)
(-0.157917 1.28456 0)
(0.341385 1.94285 0)
(1.10001 1.93815 0)
(0.440107 0.496736 0)
(0.168985 -0.155172 0)
(-0.557767 -0.783824 0)
(-0.880301 -1.3791 0)
(-0.627082 -1.33113 0)
(-0.432101 -1.25555 0)
(-0.263923 -1.27038 0)
(-0.0564397 -1.12948 0)
(0.0815497 -0.806673 0)
(-1.27776 -0.652207 0)
(-1.11287 -0.625645 0)
(-0.969681 -0.525097 0)
(-0.79346 -0.32491 0)
(-0.41686 -0.0254214 0)
(-0.165722 0.248556 0)
(-0.205429 0.580122 0)
(-0.101775 1.00083 0)
(0.207181 1.63194 0)
(0.721855 1.77331 0)
(0.531354 0.839031 0)
(0.426471 0.142631 0)
(-0.00133032 -0.312763 0)
(-0.853829 -1.24426 0)
(-0.863299 -1.53231 0)
(-0.636762 -1.44501 0)
(-0.384678 -1.47228 0)
(-0.101554 -1.33256 0)
(0.0564517 -0.809043 0)
(-0.77722 -0.711204 0)
(-0.765525 -0.681794 0)
(-0.758742 -0.550474 0)
(-0.803002 -0.333062 0)
(-0.752798 0.000310131 0)
(-0.518898 0.308164 0)
(-0.305386 0.589564 0)
(-0.131992 0.890418 0)
(0.0223696 1.33271 0)
(0.340211 1.5565 0)
(0.667247 0.892424 0)
(0.489114 0.276081 0)
(0.49295 0.229242 0)
(-0.189383 -0.368151 0)
(-1.1918 -1.58936 0)
(-1.05861 -1.83557 0)
(-0.676689 -1.90459 0)
(-0.235092 -1.59486 0)
(0.0313554 -0.861477 0)
(-0.655407 -0.6205 0)
(-0.716738 -0.634796 0)
(-0.754747 -0.566086 0)
(-0.711236 -0.453632 0)
(-0.613147 -0.333218 0)
(-0.546993 -0.140991 0)
(-0.446772 0.356558 0)
(-0.263629 0.80934 0)
(-0.108447 1.17476 0)
(0.096279 1.40014 0)
(0.484475 0.735552 0)
(0.524117 0.324881 0)
(0.578036 0.32335 0)
(0.206175 0.452942 0)
(-0.595932 -0.93412 0)
(-0.949561 -1.69074 0)
(-0.889499 -2.2276 0)
(-0.46006 -1.97519 0)
(-0.0136141 -0.942068 0)
(-1.43583 -0.497669 0)
(-1.89084 -0.511082 0)
(-1.83476 -0.58336 0)
(-1.3542 -0.423027 0)
(-0.944816 -0.154127 0)
(-0.605874 0.0815588 0)
(-0.46621 0.26456 0)
(-0.353173 0.634982 0)
(-0.188684 0.960503 0)
(0.0264661 1.01641 0)
(0.376685 0.495542 0)
(0.511449 0.291904 0)
(0.608527 0.453187 0)
(0.042217 0.741235 0)
(0.0532053 -0.470082 0)
(-0.454823 -1.43527 0)
(-1.0317 -2.3299 0)
(-0.688481 -2.26253 0)
(-0.0536668 -1.25379 0)
(-2.08754 -0.0414451 0)
(-2.03863 -0.401515 0)
(-1.99707 -0.974513 0)
(-1.88733 -1.19234 0)
(-1.52568 -0.982982 0)
(-1.01764 -0.412334 0)
(-0.557068 0.225353 0)
(-0.41423 0.530378 0)
(-0.215383 0.770247 0)
(0.0637348 0.691576 0)
(0.27649 0.321352 0)
(0.437882 0.197741 0)
(0.454317 0.885059 0)
(-0.0562073 0.727936 0)
(0.451452 -0.299186 0)
(0.389638 -0.968079 0)
(-0.44137 -1.9168 0)
(-0.934869 -2.72812 0)
(0.0363664 -2.03155 0)
(-2.33805 -0.319861 0)
(-2.18629 -0.523332 0)
(-2.17193 -0.777696 0)
(-2.24174 -1.02269 0)
(-2.24541 -1.18132 0)
(-1.96337 -1.00256 0)
(-1.32796 -0.386924 0)
(-0.693247 0.212883 0)
(-0.173276 0.60868 0)
(0.0103317 0.545107 0)
(-0.0368997 0.091709 0)
(-0.223383 0.24813 0)
(-0.069518 1.10094 0)
(0.150111 0.365858 0)
(0.673879 -0.485173 0)
(0.80128 -0.864089 0)
(0.764783 -1.20736 0)
(-0.152595 -2.37216 0)
(0.0968467 -2.13413 0)
(-2.2195 -0.39811 0)
(-2.08741 -0.613767 0)
(-1.93761 -0.841604 0)
(-1.8884 -1.00154 0)
(-1.97272 -1.08924 0)
(-2.11149 -1.06651 0)
(-2.11679 -0.851559 0)
(-1.81839 -0.344644 0)
(-1.23414 0.25564 0)
(-0.767704 0.501196 0)
(-0.908074 0.322122 0)
(-0.607658 0.299453 0)
(-0.257281 0.491697 0)
(0.454764 -0.211932 0)
(0.76355 -0.729884 0)
(0.693379 -1.00494 0)
(0.938475 -1.09507 0)
(-0.00766676 -1.61017 0)
(0.104293 -2.20781 0)
(-1.85629 -0.54322 0)
(-1.61392 -0.836116 0)
(-1.35766 -0.995096 0)
(-1.16397 -1.03137 0)
(-1.08785 -0.98897 0)
(-1.15161 -0.89129 0)
(-1.29717 -0.769756 0)
(-1.38454 -0.57486 0)
(-1.25697 -0.257199 0)
(-0.928067 0.0216792 0)
(-0.568322 -0.0331738 0)
(-0.230401 -0.13547 0)
(0.236771 -0.198524 0)
(0.610954 -0.495886 0)
(0.710346 -0.760742 0)
(0.546469 -0.948886 0)
(0.581793 -1.01463 0)
(-0.00717804 -1.23114 0)
(0.114136 -2.19122 0)
(-1.05644 -0.751972 0)
(-0.896241 -1.11363 0)
(-0.763006 -1.26704 0)
(-0.62466 -1.24737 0)
(-0.511621 -1.10877 0)
(-0.453995 -0.906969 0)
(-0.435918 -0.695012 0)
(-0.426384 -0.487616 0)
(-0.34893 -0.314607 0)
(-0.16855 -0.237672 0)
(0.0555633 -0.272291 0)
(0.24705 -0.336813 0)
(0.439368 -0.393005 0)
(0.551771 -0.568806 0)
(0.563783 -0.716369 0)
(0.415102 -0.806604 0)
(0.335681 -0.831065 0)
(-0.0898156 -1.09587 0)
(0.120003 -2.1658 0)
(-0.217549 -0.776065 0)
(-0.0927415 -1.1561 0)
(-0.083257 -1.3018 0)
(-0.0966562 -1.28755 0)
(-0.114532 -1.15125 0)
(-0.128701 -0.949179 0)
(-0.114262 -0.738854 0)
(-0.0706387 -0.550267 0)
(0.0119782 -0.412761 0)
(0.122838 -0.350551 0)
(0.231384 -0.362222 0)
(0.317649 -0.408902 0)
(0.390401 -0.476079 0)
(0.419259 -0.582603 0)
(0.417115 -0.666291 0)
(0.298338 -0.684779 0)
(0.256741 -0.66968 0)
(-0.112966 -1.03857 0)
(0.130213 -2.19567 0)
(0.495849 -0.776817 0)
(0.554909 -1.18777 0)
(0.483734 -1.26928 0)
(0.372327 -1.20444 0)
(0.240659 -1.06716 0)
(0.131677 -0.896696 0)
(0.0727333 -0.726494 0)
(0.0629739 -0.579503 0)
(0.0944482 -0.474908 0)
(0.150711 -0.425334 0)
(0.211837 -0.427963 0)
(0.263834 -0.463217 0)
(0.307456 -0.517786 0)
(0.319509 -0.585157 0)
(0.326764 -0.629508 0)
(0.221671 -0.599283 0)
(0.25229 -0.559779 0)
(-0.0759595 -0.924986 0)
(0.142366 -2.18821 0)
(1.07404 -0.957898 0)
(0.979745 -1.19214 0)
(0.781997 -1.19015 0)
(0.591095 -1.07391 0)
(0.419879 -0.929768 0)
(0.28359 -0.787972 0)
(0.197926 -0.659535 0)
(0.158835 -0.554794 0)
(0.156915 -0.486663 0)
(0.180674 -0.459511 0)
(0.217442 -0.466764 0)
(0.25353 -0.497165 0)
(0.284173 -0.540864 0)
(0.283881 -0.584881 0)
(0.289589 -0.599145 0)
(0.177828 -0.540338 0)
(0.246684 -0.502602 0)
(0.0125918 -0.833269 0)
(0.144382 -2.11105 0)
(1.38977 -0.793011 0)
(1.16266 -0.947174 0)
(0.882952 -0.95702 0)
(0.637029 -0.883289 0)
(0.45635 -0.782734 0)
(0.333158 -0.685603 0)
(0.257637 -0.600698 0)
(0.221812 -0.53362 0)
(0.217 -0.492122 0)
(0.232513 -0.479344 0)
(0.257968 -0.490886 0)
(0.281313 -0.517651 0)
(0.297286 -0.549075 0)
(0.280084 -0.572783 0)
(0.272104 -0.561099 0)
(0.144664 -0.487655 0)
(0.215619 -0.477812 0)
(0.0227962 -0.76951 0)
(0.145834 -2.04152 0)
(1.25368 -0.612247 0)
(1.02767 -0.72698 0)
(0.792241 -0.738972 0)
(0.593525 -0.700958 0)
(0.448842 -0.653782 0)
(0.352924 -0.603512 0)
(0.295129 -0.554124 0)
(0.267514 -0.515843 0)
(0.263488 -0.496145 0)
(0.275454 -0.496035 0)
(0.295491 -0.510391 0)
(0.31149 -0.53002 0)
(0.315935 -0.544802 0)
(0.282925 -0.546389 0)
(0.256246 -0.509243 0)
(0.111894 -0.427367 0)
(0.176268 -0.465761 0)
(-0.000400653 -0.715147 0)
(0.148426 -1.98481 0)
(0.975406 -0.458033 0)
(0.815523 -0.553118 0)
(0.655182 -0.590907 0)
(0.524735 -0.590848 0)
(0.430875 -0.572523 0)
(0.365187 -0.546793 0)
(0.323004 -0.521318 0)
(0.302252 -0.503646 0)
(0.299785 -0.499252 0)
(0.311825 -0.508589 0)
(0.331782 -0.524318 0)
(0.344592 -0.534009 0)
(0.338491 -0.527759 0)
(0.28844 -0.503614 0)
(0.239788 -0.440813 0)
(0.078312 -0.357763 0)
(0.141572 -0.456051 0)
(-0.0242238 -0.676948 0)
(0.151956 -1.93726 0)
(0.796291 -0.341085 0)
(0.695285 -0.429002 0)
(0.591208 -0.479573 0)
(0.50021 -0.502769 0)
(0.428475 -0.508802 0)
(0.375299 -0.503888 0)
(0.340041 -0.49599 0)
(0.322368 -0.494352 0)
(0.322967 -0.504849 0)
(0.340968 -0.524924 0)
(0.3665 -0.540063 0)
(0.378184 -0.532974 0)
(0.3605 -0.497524 0)
(0.291225 -0.442498 0)
(0.221173 -0.355222 0)
(0.0420302 -0.28348 0)
(0.115466 -0.44812 0)
(-0.0388625 -0.659474 0)
(0.155783 -1.89522 0)
(0.700628 -0.271767 0)
(0.630115 -0.35152 0)
(0.554676 -0.40818 0)
(0.483993 -0.442951 0)
(0.423549 -0.460126 0)
(0.37604 -0.467043 0)
(0.343299 -0.473205 0)
(0.328177 -0.488209 0)
(0.335281 -0.516637 0)
(0.362622 -0.548541 0)
(0.393333 -0.55824 0)
(0.400736 -0.525314 0)
(0.368915 -0.452515 0)
(0.279665 -0.363061 0)
(0.193191 -0.255225 0)
(-0.00224152 -0.209138 0)
(0.0983132 -0.447972 0)
(-0.0414391 -0.656904 0)
(0.159732 -1.85368 0)
(0.628305 -0.219266 0)
(0.575447 -0.291768 0)
(0.516945 -0.348505 0)
(0.45872 -0.388355 0)
(0.406205 -0.41416 0)
(0.363304 -0.432453 0)
(0.332912 -0.453055 0)
(0.322051 -0.487508 0)
(0.33703 -0.536871 0)
(0.370397 -0.578751 0)
(0.399565 -0.575444 0)
(0.39704 -0.507901 0)
(0.349509 -0.392338 0)
(0.24222 -0.267766 0)
(0.146167 -0.145029 0)
(-0.0556511 -0.149683 0)
(0.0904858 -0.464453 0)
(-0.0329996 -0.668645 0)
(0.164046 -1.8058 0)
(0.562478 -0.180721 0)
(0.521688 -0.246536 0)
(0.475133 -0.301378 0)
(0.426729 -0.343358 0)
(0.38122 -0.374564 0)
(0.341756 -0.401131 0)
(0.313063 -0.435972 0)
(0.306265 -0.492342 0)
(0.324302 -0.561746 0)
(0.35323 -0.607969 0)
(0.371724 -0.584247 0)
(0.355473 -0.476837 0)
(0.293825 -0.31808 0)
(0.1738 -0.161598 0)
(0.0736374 -0.0291447 0)
(-0.108072 -0.123999 0)
(0.0846155 -0.50762 0)
(-0.0288056 -0.698035 0)
(0.16916 -1.74646 0)
(0.50339 -0.150666 0)
(0.471286 -0.210484 0)
(0.433382 -0.262276 0)
(0.392462 -0.304287 0)
(0.352108 -0.338241 0)
(0.314714 -0.371097 0)
(0.287444 -0.420925 0)
(0.28083 -0.498428 0)
(0.291483 -0.581523 0)
(0.3031 -0.626463 0)
(0.304538 -0.579287 0)
(0.274481 -0.431611 0)
(0.203451 -0.234104 0)
(0.080484 -0.0524116 0)
(-0.0245067 0.0784288 0)
(-0.135294 -0.137818 0)
(0.0400256 -0.547582 0)
(-0.0725319 -0.725166 0)
(0.175479 -1.67865 0)
(0.451002 -0.126998 0)
(0.425037 -0.181323 0)
(0.393371 -0.229395 0)
(0.35825 -0.270053 0)
(0.321858 -0.304551 0)
(0.286817 -0.342212 0)
(0.26017 -0.405324 0)
(0.245965 -0.497148 0)
(0.238596 -0.585101 0)
(0.223452 -0.62753 0)
(0.204553 -0.559556 0)
(0.161881 -0.375925 0)
(0.0871655 -0.148372 0)
(-0.0294684 0.0511966 0)
(-0.119914 0.149126 0)
(-0.119527 -0.180698 0)
(-0.0497232 -0.525056 0)
(-0.187922 -0.789228 0)
(0.184471 -1.62906 0)
(0.404353 -0.107879 0)
(0.382861 -0.15708 0)
(0.356196 -0.201388 0)
(0.326179 -0.239883 0)
(0.294069 -0.27364 0)
(0.262978 -0.314382 0)
(0.234999 -0.384365 0)
(0.206196 -0.479687 0)
(0.175656 -0.564801 0)
(0.128927 -0.605579 0)
(0.0861837 -0.523173 0)
(0.0310233 -0.313098 0)
(-0.0446255 -0.0626074 0)
(-0.139903 0.140254 0)
(-0.162816 0.142935 0)
(-0.0463166 -0.244618 0)
(-0.0409353 -0.47951 0)
(-0.153243 -1.03513 0)
(0.205176 -1.66188 0)
(0.36288 -0.0921074 0)
(0.34512 -0.136802 0)
(0.323131 -0.177804 0)
(0.298324 -0.214078 0)
(0.271975 -0.246897 0)
(0.246186 -0.287535 0)
(0.216085 -0.354685 0)
(0.172225 -0.442668 0)
(0.120211 -0.517562 0)
(0.0424545 -0.553217 0)
(-0.0288647 -0.462689 0)
(-0.0932506 -0.236097 0)
(-0.164414 0.0212914 0)
(-0.204509 0.16979 0)
(-0.108234 0.0472497 0)
(0.0567046 -0.315526 0)
(0.116452 -0.450831 0)
(-0.0143436 -1.04686 0)
(0.202191 -1.63941 0)
(0.326696 -0.0792771 0)
(0.312508 -0.120311 0)
(0.295127 -0.158743 0)
(0.275839 -0.193561 0)
(0.256133 -0.22559 0)
(0.236113 -0.262441 0)
(0.206859 -0.31849 0)
(0.155754 -0.391024 0)
(0.0913293 -0.448683 0)
(-0.00613546 -0.472513 0)
(-0.101157 -0.379487 0)
(-0.165676 -0.161215 0)
(-0.204265 0.0469461 0)
(-0.153354 0.0926744 0)
(0.071593 -0.124925 0)
(0.16856 -0.37449 0)
(0.27299 -0.447673 0)
(0.118852 -1.00253 0)
(0.182837 -1.50768 0)
(0.29549 -0.0691738 0)
(0.284749 -0.107492 0)
(0.271747 -0.144229 0)
(0.257558 -0.178442 0)
(0.243477 -0.209792 0)
(0.228904 -0.241494 0)
(0.205354 -0.283309 0)
(0.159107 -0.336868 0)
(0.0972554 -0.375554 0)
(0.00825501 -0.383802 0)
(-0.0868703 -0.302818 0)
(-0.130835 -0.129507 0)
(-0.118282 -0.00940884 0)
(-0.00463087 -0.063659 0)
(0.220196 -0.272837 0)
(0.271196 -0.43618 0)
(0.364111 -0.454218 0)
(0.217165 -0.901759 0)
(0.175417 -1.34561 0)
(0.26767 -0.0616686 0)
(0.259762 -0.0980265 0)
(0.250324 -0.133562 0)
(0.239775 -0.167355 0)
(0.229013 -0.198363 0)
(0.218238 -0.226515 0)
(0.20232 -0.256652 0)
(0.17001 -0.293698 0)
(0.125823 -0.31976 0)
(0.0734591 -0.316874 0)
(0.0153722 -0.262684 0)
(0.00351616 -0.15464 0)
(0.0688108 -0.0974078 0)
(0.201843 -0.200481 0)
(0.323543 -0.356066 0)
(0.330211 -0.475028 0)
(0.391786 -0.455033 0)
(0.25946 -0.785953 0)
(0.172282 -1.16182 0)
(0.240218 -0.0561428 0)
(0.234106 -0.0910342 0)
(0.226795 -0.125481 0)
(0.218095 -0.158505 0)
(0.208571 -0.189269 0)
(0.199149 -0.216098 0)
(0.188125 -0.240252 0)
(0.169744 -0.2679 0)
(0.147419 -0.290767 0)
(0.13113 -0.288632 0)
(0.125628 -0.252168 0)
(0.140509 -0.198992 0)
(0.214477 -0.194455 0)
(0.299234 -0.273719 0)
(0.364023 -0.390764 0)
(0.333944 -0.481248 0)
(0.362557 -0.439169 0)
(0.250619 -0.667868 0)
(0.164418 -0.975957 0)
(0.210332 -0.051646 0)
(0.204934 -0.0854306 0)
(0.198436 -0.11876 0)
(0.190513 -0.150663 0)
(0.181415 -0.180898 0)
(0.172126 -0.20726 0)
(0.162377 -0.230122 0)
(0.15198 -0.256334 0)
(0.144912 -0.282387 0)
(0.146687 -0.289554 0)
(0.164105 -0.269154 0)
(0.201106 -0.240886 0)
(0.254479 -0.248285 0)
(0.299833 -0.312807 0)
(0.326732 -0.398766 0)
(0.273545 -0.463205 0)
(0.283447 -0.411336 0)
(0.201235 -0.583912 0)
(0.149653 -0.808653 0)
(0.177492 -0.0474738 0)
(0.172452 -0.0804296 0)
(0.166383 -0.112596 0)
(0.159337 -0.143432 0)
(0.150899 -0.172999 0)
(0.14247 -0.198841 0)
(0.133877 -0.222342 0)
(0.127649 -0.252401 0)
(0.12655 -0.283749 0)
(0.131643 -0.298184 0)
(0.143668 -0.295324 0)
(0.175497 -0.276934 0)
(0.203249 -0.287125 0)
(0.247006 -0.333413 0)
(0.238024 -0.387111 0)
(0.177443 -0.430945 0)
(0.18852 -0.384446 0)
(0.144275 -0.54332 0)
(0.125404 -0.675573 0)
(0.143956 -0.0434668 0)
(0.139684 -0.0758654 0)
(0.134345 -0.107071 0)
(0.128851 -0.137091 0)
(0.121644 -0.166248 0)
(0.115569 -0.192039 0)
(0.110878 -0.21686 0)
(0.108856 -0.251258 0)
(0.106995 -0.285603 0)
(0.109188 -0.30233 0)
(0.110403 -0.309791 0)
(0.129974 -0.291942 0)
(0.146394 -0.323155 0)
(0.200973 -0.335049 0)
(0.134676 -0.352221 0)
(0.0938359 -0.404425 0)
(0.124055 -0.377417 0)
(0.109272 -0.530207 0)
(0.0947727 -0.574498 0)
(0.112682 -0.0401492 0)
(0.109574 -0.0720966 0)
(0.105157 -0.102683 0)
(0.101626 -0.132013 0)
(0.096425 -0.161558 0)
(0.0934322 -0.188573 0)
(0.094123 -0.215495 0)
(0.0953127 -0.250721 0)
(0.0903333 -0.283403 0)
(0.0895197 -0.300897 0)
(0.0827574 -0.315236 0)
(0.100709 -0.305107 0)
(0.118744 -0.362371 0)
(0.16039 -0.306678 0)
(0.0542359 -0.304748 0)
(0.0572704 -0.412509 0)
(0.101267 -0.397306 0)
(0.0887058 -0.510696 0)
(0.0606813 -0.496 0)
(0.0848347 -0.0376951 0)
(0.0827832 -0.0691853 0)
(0.0793745 -0.0996785 0)
(0.0779835 -0.12886 0)
(0.0757349 -0.159662 0)
(0.0752595 -0.188814 0)
(0.0788358 -0.217529 0)
(0.0796141 -0.249813 0)
(0.0730676 -0.278753 0)
(0.0718931 -0.297554 0)
(0.062096 -0.318135 0)
(0.0827376 -0.325402 0)
(0.0878972 -0.388536 0)
(0.103104 -0.264035 0)
(0.0319878 -0.277592 0)
(0.053358 -0.436203 0)
(0.081759 -0.418571 0)
(0.0587588 -0.480369 0)
(0.0265172 -0.442444 0)
(0.0599136 -0.0361563 0)
(0.0586079 -0.0673127 0)
(0.0567791 -0.0983903 0)
(0.0575213 -0.128372 0)
(0.0577846 -0.160111 0)
(0.0583505 -0.190349 0)
(0.0602862 -0.218963 0)
(0.0587026 -0.247568 0)
(0.053003 -0.274006 0)
(0.051679 -0.294524 0)
(0.0418704 -0.318402 0)
(0.0579513 -0.336141 0)
(0.0387901 -0.385927 0)
(0.0380923 -0.237894 0)
(0.0513281 -0.285079 0)
(0.0508873 -0.430604 0)
(0.0472501 -0.416114 0)
(0.0254188 -0.452408 0)
(0.00149793 -0.418779 0)
(0.0369663 -0.0345719 0)
(0.0364547 -0.0663933 0)
(0.0363196 -0.0986198 0)
(0.0378622 -0.129399 0)
(0.0382611 -0.160713 0)
(0.0381861 -0.190108 0)
(0.0373169 -0.21768 0)
(0.0349893 -0.244607 0)
(0.0313862 -0.269894 0)
(0.0295319 -0.291254 0)
(0.0220475 -0.314724 0)
(0.028178 -0.330879 0)
(-0.000680527 -0.364797 0)
(-0.0053073 -0.253128 0)
(0.0533032 -0.314139 0)
(0.0370891 -0.406249 0)
(0.020281 -0.402083 0)
(0.00851641 -0.433625 0)
(-0.00601035 -0.414915 0)
(0.0139398 -0.0338243 0)
(0.013778 -0.0665529 0)
(0.0138904 -0.0989467 0)
(0.0141893 -0.129565 0)
(0.0137661 -0.160057 0)
(0.0131425 -0.188799 0)
(0.0122971 -0.216263 0)
(0.0114226 -0.242998 0)
(0.0102226 -0.267822 0)
(0.00933055 -0.289455 0)
(0.00663413 -0.311373 0)
(0.00726589 -0.323676 0)
(-0.00709512 -0.349651 0)
(-0.00803153 -0.284404 0)
(0.0228118 -0.332987 0)
(0.0131047 -0.391712 0)
(0.00719564 -0.397483 0)
(0.00316009 -0.426402 0)
(-0.0022182 -0.416102 0)
)
;

boundaryField
{
    leftWall
    {
        type            noSlip;
    }
    rightWall
    {
        type            noSlip;
    }
    lowerWall
    {
        type            noSlip;
    }
    atmosphere
    {
        type            pressureInletOutletVelocity;
        value           nonuniform List<vector> 
46
(
(0.00562409 0.342567 0)
(0.00774861 0.349255 0)
(0.00797624 0.338029 0)
(0.00980359 0.333495 0)
(0.0101033 0.328829 0)
(0.0122394 0.32224 0)
(0.0132396 0.314921 0)
(0.0149709 0.306286 0)
(0.0163165 0.296629 0)
(0.0177358 0.285833 0)
(0.0190169 0.27391 0)
(0.0201706 0.260856 0)
(0.0211683 0.246671 0)
(0.0219876 0.23136 0)
(0.0226006 0.214951 0)
(0.0229715 0.197482 0)
(0.023069 0.178986 0)
(0.0228589 0.159475 0)
(0.0223462 0.138979 0)
(0.0214932 0.117514 0)
(0.0203331 0.095108 0)
(0.0188635 0.0716795 0)
(0.017123 0.0472349 0)
(0.0158394 0.0287206 0)
(0.0151601 0.0162411 0)
(0.0146091 0.00323156 0)
(0 -0.0103359 0)
(0 -0.0338243 0)
(0 -0.0665529 0)
(0 -0.0989467 0)
(0 -0.129565 0)
(0 -0.160057 0)
(0 -0.188799 0)
(0 -0.216263 0)
(0 -0.242998 0)
(0 -0.267822 0)
(0 -0.289455 0)
(0 -0.311373 0)
(0 -0.323676 0)
(0 -0.349651 0)
(0 -0.284404 0)
(0 -0.332987 0)
(0 -0.391712 0)
(0 -0.397483 0)
(0 -0.426402 0)
(0 -0.416102 0)
)
;
    }
    defaultFaces
    {
        type            empty;
    }
}


// ************************************************************************* //
