/*--------------------------------*- C++ -*----------------------------------*\
| =========                 |                                                 |
| \\      /  F ield         | OpenFOAM: The Open Source CFD Toolbox           |
|  \\    /   O peration     | Version:  2012                                  |
|   \\  /    A nd           | Website:  www.openfoam.com                      |
|    \\/     M anipulation  |                                                 |
\*---------------------------------------------------------------------------*/
FoamFile
{
    version     2.0;
    format      ascii;
    class       volScalarField;
    location    "0.81";
    object      pcorr;
}
// * * * * * * * * * * * * * * * * * * * * * * * * * * * * * * * * * * * * * //

dimensions      [1 -1 -2 0 0 0 0];


internalField   nonuniform List<scalar> 
2268
(
101341
101341
101342
101343
101344
101346
101348
101349
101349
101349
101348
101346
101343
101341
101338
101335
101333
101331
101330
101329
101329
101329
101329
101340
101341
101342
101343
101344
101346
101348
101349
101349
101349
101348
101346
101343
101341
101338
101335
101333
101331
101330
101329
101329
101329
101329
101340
101341
101342
101343
101344
101346
101348
101349
101350
101349
101348
101346
101344
101341
101338
101335
101333
101331
101330
101329
101329
101329
101329
101340
101340
101341
101343
101344
101346
101348
101349
101350
101350
101349
101347
101344
101341
101338
101335
101333
101331
101329
101329
101328
101329
101329
101340
101340
101341
101342
101344
101346
101348
101350
101351
101351
101350
101347
101344
101341
101337
101335
101332
101330
101329
101328
101328
101328
101329
101339
101340
101340
101342
101344
101346
101349
101351
101352
101352
101351
101348
101344
101340
101337
101334
101332
101330
101328
101328
101328
101328
101329
101338
101339
101340
101341
101344
101347
101349
101352
101353
101354
101352
101349
101344
101340
101337
101334
101331
101329
101328
101327
101327
101328
101330
101338
101338
101339
101341
101343
101347
101350
101353
101355
101355
101354
101350
101345
101340
101336
101333
101330
101328
101327
101326
101326
101328
101331
101182
101181
101202
101229
101252
101209
101210
101222
101234
101243
101253
101265
101292
101307
101337
101375
101451
101518
101560
101191
101190
101210
101232
101253
101214
101214
101230
101241
101248
101255
101265
101287
101309
101337
101370
101446
101520
101561
101208
101206
101225
101239
101252
101221
101224
101242
101250
101252
101256
101265
101286
101310
101337
101367
101438
101527
101570
101223
101222
101243
101247
101250
101229
101232
101249
101251
101253
101256
101263
101284
101312
101339
101376
101465
101547
101586
101237
101239
101250
101251
101249
101241
101248
101250
101251
101253
101255
101262
101308
101360
101403
101444
101511
101571
101609
101246
101249
101251
101251
101250
101251
101254
101250
101251
101253
101255
101294
101368
101434
101484
101513
101558
101600
101639
101254
101252
101251
101252
101251
101261
101268
101252
101251
101253
101280
101348
101429
101488
101526
101546
101590
101628
101675
101260
101251
101252
101252
101254
101281
101287
101274
101262
101277
101324
101397
101475
101521
101548
101568
101609
101657
101711
101336
101337
101338
101339
101342
101347
101351
101354
101358
101359
101357
101352
101345
101339
101335
101332
101329
101327
101325
101324
101324
101327
101333
101336
101336
101336
101337
101340
101348
101353
101357
101364
101367
101366
101357
101344
101337
101332
101330
101327
101324
101322
101321
101322
101332
101337
101333
101334
101334
101335
101340
101351
101360
101357
101372
101374
101378
101362
101337
101333
101328
101330
101325
101321
101318
101315
101319
101341
101342
101333
101333
101333
101334
101336
101342
101343
101363
101374
101383
101377
101340
101325
101326
101332
101325
101321
101318
101315
101312
101310
101328
101350
101333
101333
101333
101333
101334
101336
101340
101354
101358
101335
101318
101329
101328
101329
101328
101327
101327
101327
101328
101328
101328
101324
101338
101333
101333
101333
101333
101333
101334
101334
101334
101331
101329
101330
101330
101331
101330
101328
101327
101327
101328
101328
101328
101329
101329
101330
101332
101332
101332
101332
101332
101332
101332
101332
101331
101331
101331
101331
101335
101333
101326
101327
101327
101328
101328
101328
101329
101330
101330
101332
101332
101332
101332
101332
101332
101332
101331
101331
101331
101331
101331
101334
101315
101311
101301
101327
101328
101328
101329
101329
101330
101331
101331
101331
101331
101331
101331
101331
101331
101331
101331
101331
101330
101330
101330
101330
101328
101307
101296
101327
101328
101329
101329
101330
101331
101331
101331
101331
101331
101331
101331
101331
101331
101330
101330
101330
101330
101330
101329
101329
101329
101327
101322
101325
101328
101329
101331
101331
101331
101331
101331
101331
101331
101330
101330
101330
101330
101330
101330
101330
101329
101329
101329
101328
101328
101328
101327
101326
101321
101333
101332
101330
101330
101330
101330
101330
101330
101330
101330
101330
101330
101329
101329
101329
101329
101329
101328
101328
101328
101327
101327
101327
101327
101325
101330
101330
101330
101330
101330
101330
101330
101330
101330
101329
101329
101329
101329
101329
101328
101328
101328
101328
101327
101327
101327
101326
101326
101330
101330
101330
101330
101330
101330
101329
101329
101329
101329
101329
101329
101329
101328
101328
101328
101328
101327
101327
101327
101327
101326
101326
101329
101329
101329
101329
101329
101329
101329
101329
101329
101329
101329
101329
101328
101328
101328
101328
101328
101327
101327
101327
101327
101326
101326
101329
101329
101329
101329
101329
101329
101329
101329
101329
101329
101328
101328
101328
101328
101328
101328
101327
101327
101327
101327
101326
101326
101326
101329
101329
101329
101329
101329
101329
101329
101329
101329
101328
101328
101328
101328
101328
101328
101327
101327
101327
101327
101327
101326
101326
101326
101329
101329
101329
101329
101329
101329
101328
101328
101328
101328
101328
101328
101328
101328
101327
101327
101327
101327
101327
101327
101326
101326
101326
101328
101328
101328
101328
101328
101328
101328
101328
101328
101328
101328
101328
101328
101327
101327
101327
101327
101327
101327
101327
101326
101326
101326
101328
101328
101328
101328
101328
101328
101328
101328
101328
101328
101328
101328
101327
101327
101327
101327
101327
101327
101327
101326
101326
101326
101326
101328
101328
101328
101328
101328
101328
101328
101328
101328
101328
101328
101327
101327
101327
101327
101327
101327
101327
101327
101326
101326
101326
101326
101328
101328
101328
101328
101328
101328
101328
101328
101328
101327
101327
101327
101327
101327
101327
101327
101327
101327
101326
101326
101326
101326
101326
101328
101328
101328
101328
101328
101328
101327
101327
101327
101327
101327
101327
101327
101327
101327
101327
101327
101326
101326
101326
101326
101326
101326
101327
101327
101327
101327
101327
101327
101327
101327
101327
101327
101327
101327
101327
101327
101327
101327
101327
101326
101326
101326
101326
101326
101326
101327
101327
101327
101327
101327
101327
101327
101327
101327
101327
101327
101327
101327
101327
101327
101327
101326
101326
101326
101326
101326
101326
101326
101327
101327
101327
101327
101327
101327
101327
101327
101327
101327
101327
101327
101327
101327
101326
101326
101326
101326
101326
101326
101326
101326
101326
101327
101327
101327
101327
101327
101327
101327
101327
101327
101327
101327
101327
101327
101326
101326
101326
101326
101326
101326
101326
101326
101326
101326
101327
101327
101327
101327
101327
101327
101327
101327
101327
101327
101327
101326
101326
101326
101326
101326
101326
101326
101326
101326
101326
101326
101326
101327
101327
101327
101327
101327
101327
101327
101327
101326
101326
101326
101326
101326
101326
101326
101326
101326
101326
101326
101326
101326
101326
101326
101327
101327
101327
101327
101326
101326
101326
101326
101326
101326
101326
101326
101326
101326
101326
101326
101326
101326
101326
101326
101326
101326
101326
101326
101326
101326
101326
101326
101326
101326
101326
101326
101326
101326
101326
101326
101326
101326
101326
101326
101326
101326
101326
101326
101326
101326
101326
101326
101326
101326
101326
101326
101326
101326
101326
101326
101326
101326
101326
101326
101326
101326
101326
101326
101326
101326
101326
101326
101326
101326
101326
101326
101326
101326
101326
101326
101326
101326
101326
101326
101326
101326
101326
101326
101326
101326
101326
101326
101326
101326
101326
101325
101326
101326
101326
101326
101326
101326
101326
101326
101326
101326
101326
101326
101326
101326
101326
101326
101326
101326
101326
101326
101326
101325
101325
101326
101326
101326
101326
101326
101326
101326
101326
101326
101326
101326
101326
101326
101326
101326
101326
101326
101326
101326
101325
101325
101325
101325
101326
101326
101326
101326
101326
101326
101326
101326
101326
101326
101326
101326
101326
101326
101326
101326
101325
101325
101325
101325
101325
101325
101325
101326
101326
101326
101326
101326
101326
101326
101326
101326
101326
101326
101326
101326
101325
101325
101325
101325
101325
101325
101325
101325
101325
101325
101326
101326
101326
101326
101326
101325
101325
101325
101325
101325
101325
101325
101325
101325
101325
101325
101325
101325
101325
101325
101325
101325
101325
101325
101325
101325
101325
101325
101325
101325
101325
101325
101325
101325
101325
101325
101325
101325
101325
101325
101325
101325
101325
101325
101325
101325
101325
101325
101325
101325
101325
101325
101325
101325
101325
101325
101325
101325
101325
101325
101325
101325
101325
101325
101325
101325
101325
101325
101325
101325
101325
101325
101325
101325
101325
101325
101325
101325
101325
101325
101325
101325
101325
101325
101325
101325
101325
101325
101325
101325
101325
101325
101325
101325
101325
101325
101325
101325
101325
101325
101325
101325
101325
101325
101325
101325
101325
101325
101325
101325
101325
101325
101325
101325
101325
101331
101321
101310
101301
101327
101326
101324
101318
101348
101356
101359
101351
101365
101378
101389
101382
101349
101347
101337
101330
101331
101333
101334
101333
101331
101331
101332
101332
101331
101331
101332
101332
101331
101332
101332
101332
101331
101332
101332
101332
101330
101332
101333
101334
101325
101324
101328
101326
101326
101326
101326
101325
101326
101326
101326
101325
101326
101326
101326
101326
101326
101326
101326
101326
101326
101326
101326
101326
101326
101326
101326
101326
101326
101326
101326
101326
101326
101326
101326
101326
101326
101326
101326
101326
101326
101326
101326
101326
101326
101326
101326
101326
101326
101326
101326
101326
101326
101326
101326
101326
101326
101326
101326
101326
101326
101326
101326
101326
101326
101326
101326
101326
101326
101326
101326
101326
101326
101326
101326
101325
101326
101326
101325
101325
101325
101325
101325
101325
101325
101325
101325
101325
101325
101325
101325
101325
101325
101325
101325
101325
101325
101325
101325
101325
101325
101325
101325
101325
101325
101325
101325
101325
101325
101325
101325
101325
101325
101325
101325
101325
101325
101325
101325
101325
101325
101325
101325
101325
101276
101253
101253
101253
101280
101329
101314
101310
101314
101341
101381
101446
101523
101554
101576
101597
101641
101707
101742
101300
101283
101253
101293
101330
101332
101333
101360
101367
101397
101421
101442
101496
101543
101592
101622
101667
101744
101765
101338
101295
101293
101330
101331
101332
101334
101351
101382
101379
101391
101413
101459
101520
101590
101624
101661
101712
101721
101364
101318
101324
101337
101332
101333
101330
101363
101374
101357
101351
101366
101405
101485
101579
101619
101640
101661
101619
101328
101329
101337
101336
101338
101330
101325
101353
101361
101352
101345
101332
101335
101390
101487
101583
101607
101533
101446
101330
101334
101335
101335
101336
101327
101312
101338
101351
101347
101341
101332
101327
101326
101328
101360
101363
101324
101324
101333
101334
101334
101335
101335
101336
101322
101319
101345
101342
101334
101327
101326
101326
101325
101325
101325
101324
101324
101333
101333
101334
101334
101334
101335
101305
101321
101322
101331
101325
101325
101325
101325
101325
101325
101325
101324
101324
101333
101333
101333
101334
101334
101333
101322
101323
101323
101324
101325
101325
101325
101325
101325
101325
101325
101325
101325
101333
101333
101333
101333
101333
101326
101323
101323
101324
101324
101324
101325
101325
101325
101325
101325
101325
101325
101325
101333
101333
101333
101333
101329
101324
101324
101324
101324
101324
101324
101324
101325
101325
101325
101325
101325
101325
101325
101325
101324
101324
101325
101324
101324
101324
101324
101324
101324
101324
101324
101325
101325
101325
101325
101325
101325
101326
101325
101325
101325
101325
101325
101324
101324
101324
101324
101324
101324
101324
101324
101324
101324
101324
101324
101324
101324
101325
101325
101325
101325
101325
101325
101324
101324
101324
101324
101324
101324
101324
101324
101324
101324
101324
101324
101324
101325
101325
101325
101325
101325
101325
101325
101325
101324
101324
101324
101324
101324
101324
101324
101324
101324
101324
101323
101325
101325
101325
101325
101325
101325
101325
101325
101325
101325
101325
101324
101324
101324
101324
101324
101324
101324
101322
101326
101325
101325
101325
101325
101325
101325
101325
101325
101325
101325
101325
101324
101324
101324
101324
101324
101324
101324
101326
101325
101325
101325
101325
101325
101325
101325
101325
101325
101325
101325
101324
101324
101324
101324
101324
101324
101324
101326
101325
101325
101325
101325
101325
101325
101325
101325
101325
101325
101325
101325
101324
101324
101324
101324
101324
101324
101326
101325
101325
101325
101325
101325
101325
101325
101325
101325
101325
101325
101325
101325
101324
101324
101324
101324
101324
101326
101325
101325
101325
101325
101325
101325
101325
101325
101325
101325
101325
101325
101325
101325
101324
101324
101324
101324
101326
101325
101325
101325
101325
101325
101325
101325
101325
101325
101325
101325
101325
101325
101325
101325
101324
101324
101324
101326
101325
101325
101325
101325
101325
101325
101325
101325
101325
101325
101325
101325
101325
101325
101325
101325
101325
101325
101326
101325
101325
101325
101325
101325
101325
101325
101325
101325
101325
101325
101325
101325
101325
101325
101325
101325
101325
101326
101325
101325
101325
101325
101325
101325
101325
101325
101325
101325
101325
101325
101325
101325
101325
101325
101325
101325
101326
101325
101325
101325
101325
101325
101325
101325
101325
101325
101325
101325
101325
101325
101325
101325
101325
101325
101325
101326
101325
101325
101325
101325
101325
101325
101325
101325
101325
101325
101325
101325
101325
101325
101325
101325
101325
101325
101326
101325
101325
101325
101325
101325
101325
101325
101325
101325
101325
101325
101325
101325
101325
101325
101325
101325
101325
101325
101325
101325
101325
101325
101325
101325
101325
101325
101325
101325
101325
101325
101325
101325
101325
101325
101325
101325
101325
101325
101325
101325
101325
101325
101325
101325
101325
101325
101325
101325
101325
101325
101325
101325
101325
101325
101325
101325
101325
101325
101325
101325
101325
101325
101325
101325
101325
101325
101325
101325
101325
101325
101325
101325
101325
101325
101325
101325
101325
101325
101325
101325
101325
101325
101325
101325
101325
101325
101325
101325
101325
101325
101325
101325
101325
101325
101325
101325
101325
101325
101325
101325
101325
101325
101325
101325
101325
101325
101325
101325
101325
101325
101325
101325
101325
101325
101325
101325
101325
101325
101325
101325
101325
101325
101325
101325
101325
101325
101325
101325
101325
101325
101325
101325
101325
101325
101325
101325
101325
101325
101325
101325
101325
101325
101325
101325
101325
101325
101325
101325
101325
101325
101325
101325
101325
101325
101325
101325
101325
101325
101325
101325
101325
101325
101325
101325
101325
101325
101325
101325
101325
101325
101325
101325
101325
101325
101325
101325
101325
101325
101325
101325
101325
101325
101325
101325
101325
101325
101325
101325
101325
101325
101325
101325
101325
101325
101325
101325
101325
101325
101325
101325
101325
101325
101325
101325
101325
101325
101325
101325
101325
101325
101325
101325
101325
101325
101325
101325
101325
101325
101325
101325
101325
101325
101325
101325
101325
101325
101325
101325
101325
101325
101325
101325
101325
101325
101325
101325
101325
101325
101325
101325
101325
101325
101325
101325
101325
101325
101325
101325
101325
101325
101325
101325
101325
101325
101325
101325
101325
101325
101325
101325
101325
101325
101325
101325
101325
101325
101325
101325
101325
101325
101325
101325
101325
101325
101325
101325
101325
101325
101325
101325
101325
101325
101325
)
;

boundaryField
{
    leftWall
    {
        type            zeroGradient;
    }
    rightWall
    {
        type            zeroGradient;
    }
    lowerWall
    {
        type            zeroGradient;
    }
    atmosphere
    {
        type            fixedValue;
        value           uniform 101325;
    }
    defaultFaces
    {
        type            empty;
    }
}


// ************************************************************************* //
