/*--------------------------------*- C++ -*----------------------------------*\
| =========                 |                                                 |
| \\      /  F ield         | OpenFOAM: The Open Source CFD Toolbox           |
|  \\    /   O peration     | Version:  2012                                  |
|   \\  /    A nd           | Website:  www.openfoam.com                      |
|    \\/     M anipulation  |                                                 |
\*---------------------------------------------------------------------------*/
FoamFile
{
    version     2.0;
    format      ascii;
    class       volScalarField;
    location    "5e-05";
    object      pcorr;
}
// * * * * * * * * * * * * * * * * * * * * * * * * * * * * * * * * * * * * * //

dimensions      [1 -1 -2 0 0 0 0];


internalField   nonuniform List<scalar> 
5000
(
7.388763097e-07
7.388249034e-07
3.801813668e-07
-2.756716774e-09
5.959405687e-09
1.431263658e-08
2.109143021e-09
-1.121844761e-08
-3.176037028e-09
4.497411859e-09
3.042540223e-08
5.416715822e-08
5.495793391e-08
5.583112196e-08
2.50842145e-08
-4.576925216e-09
-2.132906412e-08
-3.796917168e-08
-3.477289144e-08
-3.132975833e-08
-2.304707762e-08
-1.345915188e-08
6.220679271e-09
2.457124213e-08
3.192625334e-08
3.892375111e-08
1.548785578e-08
-7.956945788e-09
-1.929463221e-08
-3.177594086e-08
-8.440066959e-09
1.391220955e-08
2.825092232e-08
4.027395227e-08
2.771296872e-08
1.48266396e-08
-1.149145014e-08
-3.941826895e-08
-5.384379357e-08
-6.819546621e-08
-4.115441096e-08
-1.314043431e-08
1.756285478e-08
4.729633345e-08
4.498569715e-08
4.269686042e-08
2.508099353e-08
7.472164797e-09
-5.286249767e-10
-7.857719246e-09
-4.89433772e-09
-1.916613878e-09
-8.436841645e-09
-1.475762401e-08
-2.515472529e-08
-3.71623496e-08
-2.960601477e-08
-2.297127005e-08
3.226298043e-09
2.952495844e-08
3.520311942e-08
4.123431162e-08
2.127172282e-08
1.688923122e-09
3.315485446e-09
4.882783956e-09
4.295640303e-09
3.759425794e-09
-2.602794185e-08
-5.848785411e-08
-5.952200006e-08
-6.058285624e-08
-2.88567846e-08
1.688748213e-09
1.046447148e-08
1.997128007e-08
1.62434911e-08
1.201266585e-08
2.298181833e-08
3.332160367e-08
3.243749807e-08
3.165740128e-08
2.073146412e-08
9.963008227e-09
1.092053926e-08
1.19473099e-08
1.140318756e-08
1.087188164e-08
1.264697427e-08
1.443927908e-08
2.042086228e-08
2.624033577e-08
1.221782034e-08
-4.053207546e-09
-1.921065906e-08
-3.296009342e-08
-3.521181523e-08
-3.738123815e-08
-3.939605736e-08
-4.137124846e-08
-2.363161738e-08
-5.628239594e-09
1.819071341e-08
4.033357119e-08
3.659605712e-08
3.256507175e-08
1.355172202e-08
-4.67903553e-09
-9.77553015e-09
-1.546734656e-08
-1.572181621e-08
-1.599177354e-08
-2.238280465e-08
-2.845039911e-08
-2.080034529e-08
-1.330516504e-08
7.361603506e-09
2.944444008e-08
3.018363859e-08
3.096159648e-08
1.264843087e-08
-4.804101441e-09
-9.629603246e-09
-1.465876625e-08
-7.577899489e-09
4.583965988e-10
2.9072154e-10
1.396857441e-10
4.550348942e-09
9.360402576e-09
8.590589107e-10
-7.614001877e-09
-3.528096652e-08
-6.087392597e-08
-5.409637261e-08
-4.786728064e-08
-1.172473006e-08
2.655410035e-08
4.605648869e-08
6.668406868e-08
5.365122707e-08
4.06933324e-08
2.067603765e-08
1.446607115e-11
-1.189834566e-08
-2.287045521e-08
-2.563800985e-08
-2.834345399e-08
-3.181416407e-08
-3.569583877e-08
-2.991862689e-08
-2.444402926e-08
-1.410228346e-08
-3.652334981e-09
-1.017660489e-08
-1.77763529e-08
-2.328074413e-08
-2.85955863e-08
-1.135496858e-08
4.661236841e-09
2.018776255e-08
3.404262918e-08
3.527088369e-08
3.659748518e-08
3.58858568e-08
3.517949925e-08
2.806900261e-08
2.011608572e-08
3.003043748e-09
-1.294182476e-08
-1.945035111e-08
-2.567655079e-08
-2.331933276e-08
-2.097229411e-08
-1.789950778e-08
-1.47927061e-08
-4.736615765e-09
5.699421933e-09
1.111777813e-08
1.725605418e-08
1.775943151e-08
1.824748959e-08
2.817319332e-08
3.781048813e-08
2.739185931e-08
1.738751644e-08
-7.157586986e-09
-3.220066952e-08
-3.102639852e-08
-2.983678446e-08
-1.5615637e-08
-1.969295606e-09
7.200973687e-09
1.770161832e-08
1.881903065e-08
1.995294488e-08
2.325203954e-08
2.655383944e-08
4.065338158e-08
5.444416159e-08
3.616005155e-08
2.082625156e-08
-1.005589842e-08
-4.215801778e-08
-3.591350843e-08
-2.942413874e-08
-8.43945755e-09
1.175848769e-08
2.122492512e-08
3.045163124e-08
3.066665851e-08
3.092889576e-08
1.21311427e-08
-6.226407948e-09
-2.137507612e-08
-3.741054491e-08
-2.700229397e-08
-1.75944008e-08
-6.256872557e-09
6.499892002e-09
1.727252625e-09
-2.723163839e-09
-1.190286169e-08
-2.163514339e-08
-1.876315217e-08
-1.608047795e-08
4.862606917e-09
2.6562175e-08
3.141038318e-08
3.623313255e-08
1.668133896e-08
-2.017086291e-09
-1.554261599e-08
-2.870875812e-08
-2.993740917e-08
-3.129704212e-08
-1.311466217e-08
6.66446805e-09
1.660924448e-08
2.674216208e-08
1.352629364e-08
2.146320807e-09
2.658328836e-09
3.198736866e-09
-2.240804601e-09
-7.588182501e-09
-1.651025691e-08
-2.52365564e-08
-1.137977904e-08
3.49257884e-09
6.383365418e-09
9.159637417e-09
-6.235783962e-09
-2.063314181e-08
-1.580135101e-08
-1.066911043e-08
1.945552535e-10
1.02287366e-08
9.751453892e-09
9.273644405e-09
8.433483402e-09
7.581192184e-09
2.728078168e-09
-2.044173003e-09
2.832004972e-09
7.641949129e-09
1.115663128e-08
1.479620173e-08
7.838702277e-09
6.561508546e-10
-7.726926446e-10
-2.480664651e-09
-1.676361576e-08
-2.880789519e-08
-3.750854727e-08
-4.630296925e-08
-3.732366449e-08
-2.814375946e-08
-2.008251643e-08
-1.265387858e-08
-1.337692156e-08
-1.412047031e-08
-1.002499093e-08
-5.739230016e-09
1.251160144e-08
3.027364e-08
3.806473047e-08
4.629457348e-08
4.017626319e-08
3.421377877e-08
2.744367422e-08
2.059533453e-08
2.678282447e-09
-1.483404444e-08
-1.883345566e-08
-2.292163111e-08
4.666924934e-09
2.993829553e-08
4.059110425e-08
5.220414058e-08
3.403041744e-08
1.554816838e-08
-2.787352713e-09
-2.398264517e-08
-2.88915257e-08
-3.327187607e-08
-3.797020718e-08
-4.2487395e-08
-3.930484289e-08
-3.603858013e-08
-2.760444277e-08
-2.013010009e-08
-9.726093868e-09
1.835421055e-09
2.001274235e-08
3.768736282e-08
3.679948983e-08
3.586187147e-08
2.298030086e-08
9.836755153e-09
-5.425704445e-09
-1.84596812e-08
-3.18838879e-08
-4.580087769e-08
-3.193413313e-08
-1.882511631e-08
3.461681266e-09
2.732414311e-08
2.867975156e-08
2.99440845e-08
8.250439361e-09
-1.329030583e-08
-3.177596248e-08
-4.972661751e-08
-3.415577445e-08
-1.749448504e-08
5.621257606e-09
2.86996319e-08
3.025811818e-08
3.193799612e-08
1.910924698e-08
6.313604246e-09
1.233414383e-09
-3.434560872e-09
7.476934747e-09
1.823176561e-08
3.087762468e-08
4.346857072e-08
3.684724759e-08
2.940447382e-08
1.118836563e-08
-5.635061575e-09
-5.056535536e-09
-4.476153545e-09
-9.407819879e-09
-1.437201231e-08
-2.611289875e-08
-3.733284199e-08
-1.911554521e-08
-5.137697109e-10
2.155232629e-08
4.27115081e-08
3.513381027e-08
2.617398771e-08
9.918521182e-09
-6.465407221e-09
-9.142102938e-09
-1.132533711e-08
-1.603499315e-09
8.672902237e-09
1.099840007e-08
1.345418146e-08
9.551987282e-09
5.572532529e-09
1.114620829e-08
1.647833355e-08
1.337004041e-08
9.91196776e-09
-4.097318404e-09
-1.668382089e-08
-2.034073738e-08
-2.393072679e-08
-1.886267646e-08
-1.323859121e-08
5.456052821e-10
1.411369775e-08
2.434186488e-08
3.461501537e-08
2.475450808e-08
1.544649392e-08
-1.339924389e-09
-1.735753809e-08
-2.353941256e-08
-3.007939176e-08
-2.874285206e-08
-2.736119891e-08
-2.077667161e-08
-1.435391439e-08
-1.41025817e-08
-1.381464113e-08
-1.744122409e-08
-2.10645647e-08
-2.222570631e-08
-2.340089903e-08
-1.752884257e-08
-1.173905585e-08
1.725430749e-09
1.555591025e-08
8.612417266e-09
2.225228878e-09
-1.028746146e-08
-2.192726162e-08
-7.491488122e-09
8.152057413e-09
2.639330163e-08
4.379496552e-08
4.175394434e-08
3.974202574e-08
2.468600411e-08
8.197042103e-09
-8.120720323e-09
-2.456137779e-08
-2.510709314e-08
-2.565523366e-08
-1.257828221e-08
1.472397645e-09
6.582915287e-09
1.11357059e-08
2.600667891e-09
-5.458982932e-09
-5.417254973e-09
-5.366996518e-09
-7.226802822e-09
-9.224241116e-09
-6.549394802e-09
-3.740608169e-09
9.992618689e-09
2.265737305e-08
1.448905169e-08
6.189687304e-09
-1.083865793e-08
-2.695618849e-08
-2.17722259e-08
-1.637796901e-08
-2.301208902e-09
1.173954595e-08
2.352359227e-08
3.616760379e-08
3.725918575e-08
3.828670579e-08
3.076944778e-08
2.2701758e-08
2.30278122e-08
2.333212325e-08
1.363824466e-08
4.223686406e-09
-1.258242748e-08
-3.059164477e-08
-2.978589545e-08
-2.9038354e-08
-2.042313976e-08
-1.174833142e-08
-6.784600203e-09
-1.393893224e-09
8.502097637e-10
3.069697993e-09
5.282840305e-09
7.737897186e-09
1.048049542e-08
1.292088665e-08
9.639210995e-09
6.436789521e-09
9.836765755e-09
1.321963989e-08
2.192733182e-08
3.100952509e-08
1.748369602e-08
4.30779228e-09
-9.664843613e-09
-2.314475471e-08
-1.750929514e-08
-1.132437975e-08
-5.166893642e-09
9.169246425e-10
-5.237336447e-09
-1.087367819e-08
-2.530362254e-08
-4.201243658e-08
-5.484085648e-08
-6.549143083e-08
-4.816469332e-08
-2.862670228e-08
9.022646257e-09
4.316462801e-08
4.724359695e-08
5.121886809e-08
3.49202361e-08
1.732174808e-08
-2.253935874e-09
-2.122289653e-08
-2.842077307e-08
-3.638951485e-08
-2.301568244e-08
-9.88881773e-09
2.720682855e-09
1.401291183e-08
1.638608913e-08
1.884934039e-08
2.120522251e-08
2.344410579e-08
2.077112018e-08
1.787678295e-08
1.233033106e-08
6.911104148e-09
5.52015584e-09
3.981436795e-09
3.084192762e-10
-2.97319939e-09
-9.619470191e-09
-1.62906974e-08
-1.503502363e-08
-1.377564578e-08
-8.744851717e-09
-3.251667553e-09
-7.792804263e-09
-1.228936604e-08
-9.346443059e-09
-6.447533218e-09
-2.560728399e-09
1.530629131e-09
-7.745512761e-09
-1.640158565e-08
-1.27504454e-08
-9.080260383e-09
-4.156217588e-09
9.640403105e-10
-3.911619543e-09
-8.374230424e-09
-6.124321796e-09
-3.68446996e-09
-1.002207124e-08
-1.596848767e-08
-2.192057847e-08
-2.847104025e-08
-7.296982046e-09
1.300874261e-08
2.428655446e-08
3.502881123e-08
2.149027656e-08
7.870533762e-09
4.986193062e-09
1.802867037e-09
2.980892397e-09
4.124766047e-09
-1.356870505e-09
-6.559104026e-09
-7.211686002e-09
-7.824216769e-09
-2.409442942e-09
3.016644813e-09
8.619087716e-09
1.48058689e-08
7.695212102e-09
9.458007702e-10
-8.940384802e-09
-1.944489725e-08
-1.153937272e-08
-2.730324875e-09
4.826241855e-09
1.164364805e-08
4.67533107e-09
-2.095521838e-09
-5.940863736e-09
-1.001669134e-08
-9.740707566e-09
-9.480588131e-09
-1.20900944e-08
-1.47297855e-08
-1.011481081e-08
-5.715857865e-09
1.25888653e-08
3.177634009e-08
3.882059951e-08
4.530383864e-08
2.970544824e-08
1.431776697e-08
5.768413422e-10
-1.425449183e-08
-1.108456903e-08
-7.690847625e-09
1.313138574e-09
9.508067701e-09
1.047405684e-08
1.148463189e-08
6.76846314e-09
2.092296271e-09
-1.260030285e-09
-4.563041889e-09
3.325601022e-10
4.998410191e-09
1.7717993e-08
3.06799995e-08
2.852270127e-08
2.63600893e-08
1.348925859e-08
9.86013375e-10
-4.488525595e-10
-1.931280307e-09
-9.254060367e-09
-1.80750727e-08
-2.653991429e-08
-3.393118094e-08
-3.089994371e-08
-2.797269628e-08
-2.638832778e-08
-2.487799087e-08
-2.16595906e-08
-1.819222421e-08
-2.2732361e-08
-2.686934453e-08
-1.796559341e-08
-7.988504372e-09
1.49574806e-08
3.507012668e-08
3.10254577e-08
2.654802364e-08
5.782239755e-09
-1.638456013e-08
-2.560702491e-08
-3.385965861e-08
-1.920432108e-08
-4.959644394e-09
5.594973279e-09
1.629763239e-08
8.004179233e-09
-1.237667916e-09
-8.238592712e-09
-1.483575878e-08
-6.227113408e-09
3.082648644e-09
8.543534651e-09
1.336275354e-08
4.975643089e-09
-3.441108713e-09
-2.887229314e-09
-2.332514457e-09
5.919299272e-09
1.423606968e-08
9.83324265e-09
5.528713747e-09
6.289462696e-09
6.981768435e-09
8.310763215e-09
9.78053582e-09
4.639803867e-09
-1.267640204e-09
7.699823872e-09
1.543799136e-08
1.961911557e-08
2.358180312e-08
2.044798091e-08
1.713128789e-08
1.175863273e-08
6.24693532e-09
-1.551764043e-08
-3.796387349e-08
-4.746644129e-08
-5.719797688e-08
-4.616266561e-08
-3.494853938e-08
-2.608340878e-08
-1.804929702e-08
-1.29497749e-08
-7.841338715e-09
-4.534262143e-09
-1.494709356e-09
8.499179311e-09
1.95392656e-08
2.548015883e-08
3.173440372e-08
2.579536469e-08
2.032712358e-08
1.538303605e-08
1.081098425e-08
-3.708756934e-09
-1.803576873e-08
-2.601971229e-08
-3.500881831e-08
-2.04303538e-08
-7.356808192e-09
2.33534338e-09
1.230068707e-08
1.178721593e-08
1.128156239e-08
1.58255567e-08
2.071389344e-08
1.980372002e-08
1.889342849e-08
1.36071206e-08
8.834349174e-09
1.127845072e-08
1.400873399e-08
6.353003488e-09
-1.24824745e-09
-9.567004624e-09
-1.751054607e-08
-9.776336171e-09
-7.547094565e-10
3.204830755e-09
6.742534919e-09
1.124687524e-08
1.621259901e-08
1.246168198e-08
8.993788511e-09
-8.851395278e-09
-2.557571536e-08
-2.82838531e-08
-3.107307477e-08
-3.248319108e-08
-3.401391485e-08
-3.43953132e-08
-3.476143263e-08
-1.572246972e-08
2.622747057e-09
7.599563016e-09
1.25032496e-08
2.483429145e-09
-8.439313049e-09
-3.353382613e-09
1.118058753e-09
8.391793223e-09
1.591888691e-08
1.564719672e-08
1.54055272e-08
1.060948626e-08
5.818737718e-09
4.330724371e-09
2.867147368e-09
1.197814054e-08
2.047806571e-08
1.854590654e-08
1.662771523e-08
2.101046906e-09
-1.334883379e-08
-1.502383814e-08
-1.672683656e-08
-6.178022185e-09
4.899755963e-09
1.37515028e-08
2.266848238e-08
1.68857487e-08
1.168318428e-08
3.319997523e-09
-6.013990127e-09
-3.024070686e-09
5.937252861e-11
-8.465494789e-09
-1.602210074e-08
-1.939495776e-08
-2.316213426e-08
-1.271709721e-08
-2.087704103e-09
-3.399506255e-09
-4.551873453e-09
-7.386041862e-09
-1.03579221e-08
-3.360475312e-09
3.904578294e-09
7.012208291e-09
1.026092573e-08
2.897892202e-09
-4.784364846e-09
-1.338477534e-08
-2.219922892e-08
-2.73597863e-08
-3.201100939e-08
-3.045613678e-08
-2.870000663e-08
-1.987104032e-08
-1.207031384e-08
-6.107018294e-09
-2.5490324e-11
5.640064268e-09
1.077664146e-08
1.138462758e-08
1.205352171e-08
6.111106384e-09
3.049616796e-10
8.925962309e-09
1.703614062e-08
2.317821834e-08
2.957523234e-08
2.571728359e-08
2.166645837e-08
2.618955188e-08
3.036263917e-08
2.981089348e-08
2.92391033e-08
2.270416563e-08
1.594248243e-08
1.335780952e-08
1.083313236e-08
3.888080924e-10
-8.980798968e-09
-1.580290698e-08
-2.232432695e-08
-1.842939152e-08
-1.396124505e-08
-1.445877365e-08
-1.49890113e-08
-1.190718368e-08
-8.699482109e-09
-1.483196763e-09
4.883685724e-09
4.283959355e-09
3.59096861e-09
4.218719554e-09
4.806576746e-09
6.416735477e-09
8.32318409e-09
-2.671537934e-09
-1.211574972e-08
-1.624879807e-08
-2.027238549e-08
-8.416526093e-09
4.122313915e-09
1.042111968e-08
1.605229523e-08
1.624904339e-08
1.647569088e-08
1.188783908e-08
7.411671613e-09
-5.450587945e-09
-1.990896202e-08
-2.027666294e-08
-2.063722739e-08
-3.736787659e-09
1.574648095e-08
2.273382834e-08
2.932195041e-08
1.97480943e-08
1.090530084e-08
-1.722862315e-09
-1.376471258e-08
-2.093164148e-08
-2.881853056e-08
-2.756701656e-08
-2.655595422e-08
-2.194020045e-08
-1.709632514e-08
-1.459804317e-08
-1.214865824e-08
-7.509288911e-09
-2.532787867e-09
5.774206576e-09
1.400855157e-08
1.43802734e-08
1.478260176e-08
1.349196193e-08
1.212465995e-08
1.434161084e-08
1.658101996e-08
1.142242171e-08
6.495777684e-09
-2.332878381e-09
-1.14496454e-08
-6.989047385e-09
-2.317239581e-09
4.600623012e-09
1.150721483e-08
4.106359315e-09
-2.465107553e-09
-1.331281745e-08
-2.533665262e-08
-2.761617718e-08
-2.988006559e-08
-2.230288207e-08
-1.490467968e-08
-9.941514272e-09
-4.74276864e-09
3.098236851e-09
1.085693884e-08
1.172660175e-08
1.256308797e-08
-1.790367507e-09
-1.715018613e-08
-2.061241588e-08
-2.439344584e-08
-2.013780814e-08
-1.573311977e-08
-2.480280623e-08
-3.294852148e-08
-2.911001631e-08
-2.559633398e-08
-1.624511073e-10
2.598903137e-08
3.657981561e-08
4.694065817e-08
4.105712984e-08
3.569846427e-08
3.197400827e-08
2.796684868e-08
1.968778239e-08
9.925157178e-09
3.089065047e-09
-3.433424394e-09
5.480624579e-10
4.29173341e-09
6.600102751e-09
8.706555864e-09
7.264648715e-09
5.685579003e-09
4.000951915e-09
2.091631455e-09
2.196824843e-09
2.298512884e-09
6.544140135e-09
1.062630552e-08
1.303411902e-08
1.573280188e-08
1.038194925e-08
5.704500524e-09
6.495019816e-10
-4.797189075e-09
-7.07885314e-09
-9.223194836e-09
-1.275372866e-08
-1.679539821e-08
-1.757087509e-08
-1.827337568e-08
-1.316973495e-08
-8.25336517e-09
3.448783146e-10
8.792768071e-09
2.065621352e-08
3.399251384e-08
3.00003239e-08
2.631161103e-08
1.052366457e-08
-5.247122799e-09
-1.070101301e-08
-1.642080199e-08
-2.01790002e-08
-2.393586995e-08
-1.558901051e-08
-6.693655387e-09
7.432824735e-09
2.260709297e-08
1.528655352e-08
9.095173335e-09
6.836035919e-09
4.72237567e-09
1.076078511e-08
1.795998785e-08
9.151846582e-09
1.183654582e-09
-1.241502609e-08
-2.491683595e-08
-2.726856139e-08
-2.987683324e-08
-2.312138602e-08
-1.669395203e-08
-1.317026105e-08
-9.440225345e-09
-3.381490256e-09
2.553778461e-09
1.502245254e-08
2.782145798e-08
2.842541197e-08
2.904373612e-08
1.859733672e-08
6.902346996e-09
-4.797876958e-10
-7.599374152e-09
-8.621286637e-09
-9.602194668e-09
-1.339299507e-08
-1.709337725e-08
-1.867778894e-08
-2.026814962e-08
-1.606940688e-08
-1.134926362e-08
-1.785880751e-08
-2.404798253e-08
-3.468109613e-08
-4.408610544e-08
-4.621451792e-08
-4.859892379e-08
-5.500992132e-08
-6.126005539e-08
-7.23408743e-08
-8.453073181e-08
-8.076765949e-08
-7.713952965e-08
-1.126506915e-07
-1.47335611e-07
-1.150722514e-07
-7.989369844e-08
-1.050462134e-07
-1.31838299e-07
-1.514959426e-07
-1.690438817e-07
-8.266474262e-08
0
0
0
0
0
0
0
0
0
0
0
0
0
0
0
0
0
0
0
0
0
0
0
0
0
0
0
0
0
0
0
0
0
0
0
0
0
0
0
0
0
0
0
0
0
0
0
0
0
0
0
0
0
0
0
0
0
0
0
0
0
0
0
0
0
0
0
0
0
0
0
0
0
0
0
0
0
0
0
0
0
0
0
0
0
0
0
0
0
0
0
0
0
0
0
0
0
0
0
0
0
0
0
0
0
0
0
0
0
0
0
0
0
0
0
0
0
0
0
0
0
0
0
0
0
0
0
0
0
0
0
0
0
0
0
0
0
0
0
0
0
0
0
0
0
0
0
0
0
0
0
0
0
0
0
0
0
0
0
0
0
0
0
0
0
0
0
0
0
0
0
0
0
0
0
0
0
0
0
0
0
0
0
0
0
0
0
0
0
0
0
0
0
0
0
0
0
0
0
0
0
0
0
0
0
0
0
0
0
0
0
0
0
0
0
0
0
0
0
0
0
0
0
0
0
0
0
0
0
0
0
0
0
0
0
0
0
0
0
0
0
0
0
0
0
0
0
0
0
0
0
0
0
0
0
0
0
0
0
0
0
0
0
0
0
0
0
0
0
0
0
0
0
0
0
0
0
0
0
0
0
0
0
0
0
0
0
0
0
0
0
0
0
0
0
0
0
0
0
0
0
0
0
0
0
0
0
0
0
0
0
0
0
0
0
0
0
0
0
0
0
0
0
0
0
0
0
0
0
0
0
0
0
0
0
0
0
0
0
0
0
0
0
0
0
0
0
0
0
0
0
0
0
0
0
0
0
0
0
0
0
0
0
0
0
0
0
0
0
0
0
0
0
0
0
0
0
0
0
0
0
0
0
0
0
0
0
0
0
0
0
0
0
0
0
0
0
-8.800171495e-08
-1.652206172e-07
1.089188853e-07
4.174358237e-07
7.495624049e-07
1.168412756e-06
1.825778987e-06
2.42388099e-06
3.278413662e-06
4.16162551e-06
5.320053274e-06
6.556370906e-06
7.803888656e-06
9.406816352e-06
1.162841781e-05
1.369472021e-05
1.574723646e-05
1.769179491e-05
1.999167913e-05
2.237961485e-05
2.441773174e-05
2.627993127e-05
2.843962387e-05
3.056568936e-05
3.252826226e-05
3.400789227e-05
3.540856156e-05
3.688643978e-05
3.854588278e-05
4.021859671e-05
4.160426e-05
4.290455576e-05
4.431350074e-05
4.560708144e-05
4.68721729e-05
4.839390742e-05
4.993651118e-05
5.115565593e-05
5.247329124e-05
5.36497611e-05
5.477697682e-05
5.622238e-05
5.790229747e-05
5.928134508e-05
6.052301213e-05
6.188665206e-05
6.321861193e-05
6.450334683e-05
6.58203091e-05
6.707207016e-05
6.796847895e-05
6.873250093e-05
6.969262396e-05
7.0554805e-05
7.139498784e-05
7.247516314e-05
7.356189353e-05
7.455282348e-05
7.561188788e-05
7.690497142e-05
7.830079241e-05
7.986166155e-05
8.165823989e-05
8.379193925e-05
8.556526957e-05
8.699271803e-05
8.844296826e-05
9.004575927e-05
9.135663126e-05
9.289706609e-05
9.421920261e-05
9.538115807e-05
9.653906804e-05
9.792852513e-05
9.925136214e-05
0.0001005155229
0.0001017707939
0.000102805896
0.0001037536283
0.0001048031019
0.0001060413847
0.0001075189081
0.0001091788945
0.0001106386469
0.0001120873371
0.0001137512043
0.0001156230728
0.0001174897628
0.0001193881485
0.000121273639
0.0001230068919
0.0001249062946
0.0001271356417
0.0001297059398
0.0001317382796
0.0001334616207
0.0001351832125
0.0001372145488
0.0001391209066
0.0001410307261
0.0001431662564
1388.470834
2789.706396
2822.95759
2855.634709
3985.939798
5071.884519
6078.843352
7241.927645
8381.036087
9398.407519
10418.92944
11360.02515
12379.74772
13519.47788
14688.21693
15852.04501
16864.87715
17829.48611
18872.18886
19899.47463
20962.09234
22198.29262
23609.8311
24949.35073
26276.78484
27566.40491
28778.74079
29893.24062
31037.2692
32226.30768
33455.35917
34766.05108
36117.0743
37374.31377
38550.60929
39756.27455
40941.00721
42126.84217
43292.42449
44417.67026
45553.52347
46777.58359
47974.81171
49177.79972
50369.5399
51494.96452
52594.23854
53623.36186
54715.15149
55850.31596
57023.37069
58317.81529
59793.69589
61245.58923
62536.67208
63806.79693
65100.14819
66295.47659
67387.52436
68486.91331
69522.04717
70555.75605
71620.43242
72713.14651
73858.40611
75083.40049
76377.1045
77625.21528
78909.87143
80207.44351
81523.88717
82949.66397
84490.6331
85852.99142
86998.50114
88075.72341
89147.95152
90291.79658
91480.42239
92745.88583
93960.23117
95059.76324
96141.24387
97176.82592
98296.43365
99511.37499
100701.0751
101852.1909
103053.3422
104376.2474
105813.9441
107112.9768
108340.1645
109609.099
110826.4686
112097.218
113524.4375
114897.5064
116173.9298
117494.9637
118782.7534
120099.5541
121401.8072
122631.153
123746.7706
124829.8194
125881.8013
126976.9749
128138.7337
129302.7185
130746.0156
132152.4486
133383.7817
134623.7778
135862.3656
137123.6558
138648.7883
140356.648
141944.5577
143449.2485
144905.4088
146301.5358
147520.2725
148770.2967
150215.5226
151856.6724
153601.1966
155216.952
156756.7652
158323.6163
159600.1154
160753.0243
161872.5947
162963.9482
164182.4527
165492.2488
166809.3438
168025.5575
169206.744
170449.0933
171837.0009
173261.3906
174588.4751
175857.4003
176964.9206
178050.5457
179133.8714
180290.7112
181625.8424
182895.9842
184186.7627
185477.1387
186663.2093
187874.4452
189106.8744
190304.2776
191589.9706
192786.2216
193897.2029
195098.3751
196451.9073
197982.8456
199503.9906
200927.2624
202304.3846
203608.875
205065.7132
206602.8542
207917.302
209193.0875
210464.4846
211827.3447
213238.417
214531.8383
215857.0955
217409.2348
219196.9022
221004.1215
222641.9996
224059.8879
225252.6908
226375.8154
227583.2459
228890.5298
230219.8312
231431.2234
232458.9242
233469.675
234547.577
235653.5984
236829.835
238067.7012
239406.5818
240749.8914
241983.7822
243226.2542
244442.2042
245583.9976
246750.9177
248017.6937
249267.2553
250461.858
251726.4166
253052.7132
254369.3082
255723.1979
257016.0639
258353.2613
259827.6201
261305.9238
262630.5153
263801.9339
265047.7299
266368.7296
267625.7866
268907.8402
270037.2305
271084.9097
272239.0698
273497.1114
274772.2438
275976.3687
277268.7038
278563.7117
279831.0899
280984.8228
282001.7924
283048.6955
284066.8727
285182.3199
286297.1932
287366.329
288377.1639
289370.3715
290316.2531
291205.8625
292113.1587
293076.7613
294064.4863
295043.679
296228.0397
297470.6412
298592.7873
299660.5227
300671.6603
301653.9583
302668.7792
303691.0997
304712.9621
305935.2872
307159.539
308193.8729
309245.2245
310345.4686
311416.8333
312572.0818
313956.4501
315389.5996
316650.328
317779.3386
318930.5302
320068.0677
321228.9403
322404.4302
323709.8247
325151.379
326699.3864
328264.8609
329735.9226
331017.4748
332030.5116
333030.6427
334039.7043
335133.9167
336357.1453
337584.7571
338829.6748
340005.8223
341190.4841
342401.7223
343791.6557
345347.6216
346640.4428
347721.0187
348737.1608
349975.5495
351539.3724
353047.7647
354398.8775
355673.2578
356873.1102
358095.9968
359318.8639
360595.073
361743.9334
362793.5723
363828.6984
364891.8574
365983.8289
367024.6431
368081.6732
369164.8484
370314.5159
371551.1413
372869.5473
374079.9323
375383.9566
376757.1801
377903.7609
379036.1995
380139.8038
381196.7183
382310.2452
383328.2229
384353.3981
385466.773
386791.234
388370.7614
389943.2271
391302.0352
392408.6454
393463.1113
394461.4661
395507.9729
396652.8187
397786.8297
398874.1868
399981.2423
400943.4627
401920.8514
403017.1285
404062.0688
405108.9555
406167.4003
407272.0558
408313.8829
409441.0024
410762.1546
412320.1052
413958.8143
415335.3464
416473.9894
417486.2875
418495.3179
419484.1666
420509.0714
421599.5476
422745.7356
423896.1404
424957.526
425994.759
427116.2624
428328.6382
429703.6853
431207.0506
432710.499
434069.9531
435292.8872
436389.2184
437415.2004
438618.2288
439907.3825
441093.5082
442181.8591
443349.0073
444686.775
446116.415
447401.4894
448649.7497
449878.0581
451160.9641
452440.2986
453598.3311
454843.7651
456046.3428
457272.0985
458616.7048
459922.6029
461120.5471
462203.8459
463066.6499
463972.4691
465140.2906
466364.7501
467675.1673
469003.4727
470275.5916
471517.3887
472795.6053
474030.4082
475343.0148
476700.9016
477873.9655
479079.3809
480592.072
482268.685
483787.4144
485143.0845
486464.7747
487843.8187
489025.1367
490143.2386
491246.2661
492341.2025
493497.8197
494687.4629
495781.0978
496767.2361
497690.0444
498647.5559
499652.4773
500767.5212
501922.9432
502941.3579
503905.4914
504823.6108
505644.683
506502.5003
507386.3653
508293.9908
509384.9846
510509.6753
511846.3198
513200.2078
514459.7093
515740.1675
517000.1506
518303.4034
519552.1811
520729.555
521851.6535
522867.4191
523775.4461
524779.0938
526031.7951
527357.2132
528693.9318
529979.74
531259.0242
532556.755
533934.0073
535322.6802
536690.1838
537956.7079
539133.8061
540258.2104
541332.2677
542406.1112
543463.7833
544633.0475
545985.4203
547249.8371
548469.3483
549713.7026
550909.3588
552160.933
553445.0932
554699.4629
555885.8957
557065.5295
558372.7442
559645.0006
560865.29
562029.1697
563086.2949
564173.2826
565213.6044
566282.2135
567381.2936
568497.7889
569811.9965
571143.7564
572331.9117
573501.4671
574656.5194
575743.0047
576651.3654
577560.5754
578633.5611
579788.5432
581056.7546
582296.2823
583471.8272
584623.3199
585771.9902
586858.4274
587826.809
588845.2204
590070.3517
591480.9767
592738.7756
593816.2779
594854.2433
595934.0009
597166.1473
598436.248
599508.7971
600569.0283
601787.8166
603153.2228
604358.9492
605392.2367
606532.3775
607758.9532
609126.3286
610514.2074
611820.5951
613067.0188
614159.5075
615222.6853
616379.2467
617592.8532
618857.7229
620134.2558
621214.1183
622255.5861
623436.2415
624580.1238
625845.8618
627227.5335
628604.7709
629833.5757
630868.1931
631875.5407
632943.2185
634110.7803
635317.891
636622.3358
637996.7139
639351.5335
640691.1805
642108.5974
643306.5504
644340.4549
645378.603
646506.5117
647653.0988
648830.567
650070.1367
651278.8123
652597.7441
653960.0152
655305.4182
656578.4232
657788.72
659006.9415
660281.6725
661522.7994
662649.0875
663761.6805
664947.4752
666203.6131
667493.1784
668738.0253
670084.2351
671606.4855
672916.2251
674012.5077
675153.6231
676423.0391
677658.2082
678825.8195
679924.4468
681043.1808
682166.4719
683327.0697
684621.4891
685876.7249
687012.2439
688170.5292
689489.5874
690922.7215
692224.3651
693341.6953
694415.6115
695582.572
696870.7984
698046.0389
699083.8196
700071.8493
701051.0013
702065.5027
703047.5673
704031.4692
705030.827
706153.014
707278.9055
708298.594
709282.3045
710285.218
711344.0861
712402.7659
713497.6967
714669.3513
715794.2567
716845.9623
717882.9525
718927.2123
720171.6704
721492.5917
722884.3908
724271.4637
725711.1411
727254.5979
728636.5508
729954.4087
731189.4635
732401.3675
733610.6681
734985.5609
736515.8966
737943.2666
739437.0926
740742.308
741797.5949
742964.0144
744132.1509
745224.6949
746310.5622
747509.6134
748982.1421
750454.7658
751758.397
752930.5593
754116.3732
755326.4529
756631.8064
757956.3582
759203.5759
760410.4576
761621.4858
762827.9449
763984.347
765168.5849
766383.8632
767603.7132
768901.6722
770231.2348
771460.6519
772748.5698
774004.0978
775220.346
776477.0744
777717.9884
778848.6372
779857.0219
780843.1443
781885.5208
783023.0024
784232.7761
785475.1714
786625.8633
787755.3355
788883.6055
789917.2952
790983.4456
792118.8014
793160.567
794189.7406
795369.7526
796548.2571
797673.3916
798712.2737
799694.1991
800684.164
801738.4011
802971.1681
804242.3221
805548.513
806900.2866
808298.2053
809777.3686
811244.0659
812589.4096
813835.8353
814985.962
816007.7928
817052.0717
818044.8084
818989.7169
819905.8665
820888.0187
822016.2152
823155.5623
824216.5536
825187.3661
826279.9323
827484.8922
828927.5887
830501.1566
831918.5486
833225.6963
834534.0444
835728.9505
836831.372
837927.3646
838934.0105
839941.5814
840942.2461
842048.76
843345.8627
844696.5149
845987.9771
847274.0513
848481.6418
849601.3224
850735.3075
851896.3506
852999.3517
854149.6345
855184.8198
856138.9152
857136.6079
858097.5685
859029.4427
859977.641
860951.2596
862050.8546
863157.8742
864078.5241
864937.7634
865823.4383
866688.1596
867588.6223
868540.0248
869566.6379
870707.4529
871792.994
872937.0223
874063.6073
875214.1306
876439.0077
877727.376
878988.8933
880224.8159
881403.6213
882494.9127
883552.8334
884592.574
885575.734
886578.9315
887679.5759
888822.0786
890038.7994
891224.6777
892310.1674
893313.1966
894334.8303
895328.6337
896367.7843
897531.8167
898706.914
899827.8129
900832.3171
901807.5842
902909.0097
904127.5161
905377.2805
906657.2534
907831.6315
909180.9447
910753.8174
912213.8583
913543.6294
914722.7458
915900.1648
916972.3712
918013.4062
919100.7839
920234.9007
921298.2839
922316.8778
923339.8744
924398.6218
925531.6679
926598.3341
927563.5733
928459.2343
929514.1498
930608.1003
931707.938
932892.6105
933982.8173
935082.8515
935946.3267
936794.8451
937710.7967
938643.2132
939711.798
940872.0874
942117.5822
943282.5341
944379.4662
945562.1189
947028.2175
948419.1972
949687.1073
950869.147
951860.1408
952815.5218
953688.7136
954566.4934
955577.5974
956597.4833
957665.2003
958751.5616
959954.2344
961328.5681
962912.7059
964271.3127
965403.0423
966568.5824
967665.6241
968669.3425
969734.0778
970874.5389
972239.302
973647.7857
974978.0147
976325.4553
977695.9238
979043.1015
980418.4774
981817.2813
983072.4972
984258.8394
985353.905
986510.6599
987734.5609
988946.4154
990112.8402
991217.6375
992658.0797
994413.4977
996266.9407
997881.8471
999125.8992
1000338.321
1001543.161
1002693.487
1003820.567
1004980.318
1006236.597
1007561.623
1008865.895
1010214.679
1011497.803
1012863.079
1014269.2
1015528.648
1016862.548
1018305.234
1019601.932
1020880.845
1022040.747
1023224.836
1024575.128
1025776.409
1026903.224
1028090.329
1029301.999
1030450.88
1031570.877
1032737.429
1033818.06
1034778.751
1035923.948
1037168.629
1038330.242
1039461.569
1040629.718
1041881.284
1043059.404
1044189.45
1045311.297
1046395.467
1047417.98
1048379.832
1049452.147
1050730.758
1052173.506
1053751.071
1055300.479
1056619.113
1057787.984
1058969.706
1060048.398
1061150.826
1062342.996
1063496.978
1064602.176
1065675.595
1066728.06
1067853.9
1069102.993
1070382.604
1071671.726
1072878.992
1074073.925
1075188.742
1076206.189
1077257.852
1078285.999
1079313.593
1080372.449
1081402.042
1082413.557
1083443.175
1084557.514
1085671.722
1086873.114
1088073.591
1089164.125
1090253.695
1091197.935
1092141.433
1093108.25
1094074.011
1095132.754
1096190.367
1097275.913
1098360.336
1099470.533
1100579.574
1101668.007
1102755.107
1103811.542
1104866.406
1105951.49
1107035.03
1108078.538
1109120.661
1110193.045
1111263.754
1112388.527
1113511.32
1114594.283
1115675.317
1116837.672
1117997.584
1119143.478
1120286.641
1121367.315
1122445.373
1123578.759
1124709.19
1125780.377
1126848.497
1127866.724
1128881.733
1129933.304
1130980.807
1132042.637
1133099.635
1134185.662
1135266.311
1136308.437
1137344.321
1138321.579
1139287.266
1140247.241
1141231.44
1142261.509
1143326.938
1144412.361
1145522.18
1146628.994
1147748.22
1148917.652
1150091.695
1151284.839
1152476.301
1153702.883
1154918.745
1156088.182
1157239.344
1158261.493
1159270.894
1160262.019
1161242.326
1162305.655
1163378.308
1164345.231
1165268.786
1166096.359
1166951.258
1168059.736
1169204.564
1170468.286
1171817.548
1173198.633
1174682.727
1176071.586
1177301.422
1178537.446
1179751.017
1180813.957
1181852.053
1182947.384
1183405.007
1181225.332
1180003.767
1178879.054
1177732.305
1176558.07
1175377.826
1174199.868
1173040.958
1171899.28
1170771.396
1169658.682
1168543.167
1167412.762
1166279.47
1165130.228
1163978.66
1162842.056
1161703.736
1160563.619
1159422.156
1158269.493
1157115.691
1155970.823
1154825.066
1153683.026
1152540.225
1151394.063
1150247.261
1149097.808
1147947.823
1146796.932
1145645.437
1144488.272
1143330.667
1142183.006
1141035.208
1139869.264
1138680.861
1137502.566
1136351.844
1135185.811
1133983.606
1132753.978
1131525.135
1130312.822
1129084.775
1127865.526
1126657.243
1125429.592
1124244.187
1123098.045
1121904.368
1120678.503
1119461.714
1118246.586
1117037.163
1115800.876
1114558.293
1113349.872
1112124.101
1110870.249
1109640.644
1108424.116
1107203.694
1106014.491
1104852.724
1103686.864
1102514.729
1101332.517
1100168.909
1099041.81
1097900.017
1096721.071
1095534.974
1094345.164
1093146.42
1091960.907
1090777.411
1089580.108
1088393.86
1087215.792
1086036.912
1084850.907
1083670.696
1082500.273
1081305.405
1080096.949
1078884.733
1077670.52
1076466.706
1075260.974
1074057.323
1072872.37
1071742.096
1070617.416
1069433.817
1068223.965
1067013.669
1065800.958
1064583.892
1063390.748
1062213.204
1061025.46
1059829.112
1058619.695
1057400.012
1056175.162
1054989.767
1053850.705
1052713.126
1051552.094
1050375.031
1049210.066
1048071.137
1046958.993
1045866.15
1044763.846
1043618.689
1042426.184
1041188.603
1039972.574
1038815.686
1037652.607
1036468.699
1035288.837
1034105.552
1032915.923
1031729.275
1030543.82
1029338.018
1028111.482
1026897.556
1025712.35
1024544.876
1023372.391
1022193.506
1021003.86
1019777.958
1018519.426
1017274.009
1016081.077
1014931.156
1013792.972
1012648.56
1011472.214
1010287.861
1009136.042
1008013.355
1006917.354
1005798.882
1004634.063
1003450.539
1002250.183
1001061
999895.5225
998716.9927
997530.1097
996352.5618
995166.9165
993971.4286
992799.862
991658.4667
990519.6797
989337.5881
988124.783
986933.9783
985766.0075
984604.232
983427.6773
982267.1796
981150.257
980046.7376
978912.3367
977720.9791
976498.9592
975298.1431
974128.7137
972962.1708
971784.9815
970576.9885
969342.1916
968157.1176
967036.1625
965904.6176
964717.3307
963493.6864
962279.9463
961085.5634
959912.7822
958797.5714
957695.0953
956534.535
955336.0837
954126.2877
952893.2119
951666.4886
950438.2559
949233.2565
948088.9424
946949.7912
945770.8065
944575.9623
943407.7683
942279.121
941153.9353
939987.4642
938773.68
937553.0486
936348.5073
935171.6115
934030.2774
932874.8998
931674.8835
930468.8926
929259.8713
928051.4621
926861.7203
925678.8525
924500.0057
923282.9735
922039.9581
920846.0816
919677.6765
918499.918
917306.4795
916125.0659
914966.5805
913773.6657
912548.1309
911345.3947
910152.6893
908949.4517
907741.6746
906554.1046
905424.7153
904289.1243
903106.5524
901920.7952
900744.9809
899571.0089
898389.3928
897204.9786
896022.2539
894847.983
893684.5615
892515.543
891344.4951
890170.7163
888979.5033
887789.6094
886605.4605
885410.4114
884213.8738
883024.0085
881834.7355
880627.7074
879398.3113
878188.094
877001.9194
875809.3303
874616.4437
873458.0815
872343.0458
871221.6276
870072.5277
868907.4912
867742.2478
866586.3291
865403.8489
864187.4436
862985.3235
861807.6224
860621.6676
859429.3619
858229.0073
857010.243
855759.3114
854534.1954
853378.0596
852216.0797
851019.4002
849804.6595
848571.8664
847347.4398
846137.0924
844932.1213
843730.5703
842539.6951
841326.3757
840064.5498
838811.3535
837593.8675
836420.3068
835268.7228
834090.7662
832903.9856
831739.3343
830587.4558
829448.5605
828304.072
827110.6889
825859.7529
824613.2943
823415.4244
822275.693
821148.4759
819982.5004
818778.6008
817532.4855
816286.3668
815113.6677
813988.4025
812867.1201
811766.2157
810639.2233
809450.7562
808252.3692
807064.1459
805871.8401
804690.7712
803523.4713
802349.5693
801167.7753
799977.8752
798772.3481
797550.9292
796354.1993
795178.5923
793981.53
792763.9104
791560.4482
790368.2925
789184.425
788015.8601
786843.4653
785665.5195
784484.1085
783316.4532
782153.3915
780969.4994
779793.8769
778659.7841
777547.1826
776432.9878
775301.7522
774133.4641
772937.1478
771725.7891
770520.4997
769349.8863
768190.5125
767037.6548
765886.0721
764695.2502
763496.697
762314.2701
761137.228
759948.6645
758734.5152
757527.5399
756345.0892
755170.1349
754009.3965
752856.3788
751683.9355
750480.0666
749233.4211
747962.5503
746720.3895
745523.9356
744350.3149
743180.4524
742010.1881
740837.7756
739650.9277
738449.6394
737264.1962
736109.1379
734961.8278
733795.9463
732608.7666
731400.7859
730152.6504
728922.6836
727770.6786
726645.7225
725498.2908
724328.7627
723132.947
721896.7892
720625.4161
719395.0532
718262.4677
717145.0409
715987.0567
714804.5723
713596.4047
712373.5267
711170.5302
710004.3863
708854.9842
707681.0073
706471.7527
705241.6429
703992.264
702777.9476
701635.8565
700532.6959
699399.9892
698220.5218
697037.6931
695888.9017
694769.0332
693623.7379
692452.2887
691271.0348
690082.3998
688891.1752
687681.7908
686468.3185
685267.2743
684091.5731
682968.3478
681829.3333
680623.5705
679421.4232
678239.7451
677064.3859
675900.851
674735.145
673563.7812
672381.8972
671186.3615
669981.8456
668768.6949
667583.7288
666434.7343
665288.5309
664117.9763
662928.4266
661740.1974
660553.7798
659381.2588
658213.5914
657050.7358
655909.5784
654776.1859
653623.9094
652448.4899
651281.3624
650131.7465
648983.242
647816.1453
646644.301
645470.7171
644266.7436
643051.054
641834.9925
640593.8961
639352.8139
638131.7925
636911.3307
635692.5101
634479.0089
633303.2229
632190.4647
631057.5922
629881.1401
628711.7304
627502.5845
626309.8083
625174.7079
624022.1348
622836.4399
621639.6616
620429.2088
619212.1169
617998.138
616786.4498
615614.8838
614483.9407
613310.7116
612090.5575
610881.6151
609650.2226
608385.4442
607137.8679
605931.44
604767.4299
603616.8534
602446.5152
601304.7246
600176.0997
598995.4356
597809.9333
596629.5131
595431.475
594221.6727
592972.2956
591698.6066
590448.4945
589232.5771
588044.7341
586868.5053
585687.1733
584499.1017
583310.0941
582129.6074
580952.8057
579780.9641
578641.2401
577512.7228
576364.9613
575237.998
574099.6427
572908.3786
571714.353
570533.1153
569353.7171
568152.8675
566931.4695
565717.5976
564535.507
563391.6546
562242.9799
561071.2365
559900.5047
558758.8787
557643.4554
556504.4864
555283.8934
554034.1522
552823.4913
551648.9225
550496.8745
549319.012
548111.857
546873.33
545626.9185
544421.4062
543237.0451
542056.3663
540865.7315
539629.561
538383.7464
537182.5683
535981.896
534786.4979
533643.295
532501.1503
531333.6579
530162.8713
529000.6142
527870.1328
526768.8367
525651.9479
524493.7575
523315.7755
522128.1364
520921.2238
519698.7148
518507.5011
517373.55
516241.3919
515055.2124
513884.1545
512771.205
511677.4018
510577.8732
509436.6495
508263.6601
507109.1844
505957.3332
504760.493
503573.4902
502429.3153
501265.7807
500085.6905
498907.5197
497705.3705
496465.3214
495237.1131
494024.5305
492808.3915
491593.6153
490392.5265
489204.5597
488023.0013
486847.6747
485668.2674
484486.4811
483278.9
482050.6941
480838.683
479633.8935
478415.5608
477185.0436
475972.9957
474767.9918
473553.4002
472364.0956
471178.4083
469993.2774
468819.5036
467668.1313
466546.0904
465399.9217
464200.4103
462959.6427
461694.7704
460460.1957
459282.9663
458137.6555
457016.8701
455896.6377
454734.0349
453543.9425
452371.8571
451204.8863
450005.3009
448784.4861
447572.4541
446339.4549
445122.9772
443966.1217
442799.3855
441585.4476
440333.4911
439083.1737
437893.6175
436742.4129
435565.1915
434361.7022
433141.7162
431896.8367
430677.105
429491.3419
428302.8728
427153.6608
426049.5009
424928.7959
423778.57
422607.0594
421436.4254
420283.5291
419130.2834
417949.3926
416745.5117
415545.1282
414371.0649
413183.6366
411960.4304
410737.7179
409545.6536
408371.185
407180.1647
405979.2227
404787.8149
403622.6792
402435.6007
401189.3038
399943.0312
398727.8408
397522.131
396332.1667
395173.4971
394026.9294
392863.4114
391679.1743
390489.8017
389292.6297
388093.0914
386879.986
385650.1899
384440.3012
383246.8145
382055.6688
380874.5665
379731.9991
378602.3311
377441.0665
376252.9232
375057.8144
373849.4689
372595.5092
371341.5144
370130.5528
368935.3281
367748.8206
366575.8482
365434.8465
364313.3906
363195.7781
362091.5117
360958.4049
359781.0789
358582.4889
357377.2992
356199.7716
355027.7397
353836.3458
352650.3897
351467.0881
350311.1591
349178.5934
348020.5027
346819.9506
345600.6715
344372.7745
343114.9833
341861.0311
340645.5624
339426.7562
338199.6895
336975.9883
335721.9939
334486.8131
333291.2169
332089.7418
330868.2131
329659.3685
328477.34
327289.2872
326104.4886
324949.9662
323806.1374
322620.4441
321417.6109
320242.5742
319058.5449
317881.5539
316715.8123
315537.8757
314344.5444
313130.1532
311907.3153
310737.1151
309599.178
308402.002
307169.1699
305959.5889
304763.0012
303544.559
302302.47
301070.5366
299872.6034
298717.1529
297590.0902
296440.8012
295262.2284
294075.1142
292899.714
291773.8398
290667.7935
289554.1329
288446.6947
287325.1175
286136.3252
284907.3901
283725.3586
282574.894
281397.1388
280210.6725
279047.8658
277875.7569
276691.963
275494.172
274251.2228
273004.5448
271782.7454
270529.8852
269273.0817
268063.7088
266879.1076
265704.1816
264508.8881
263263.4471
262013.4327
260830.5009
259700.1676
258571.7509
257413.0041
256256.6751
255106.5289
253949.3421
252818.3542
251698.0343
250532.0168
249350.9042
248222.1497
247106.3621
245934.8856
244735.8788
243564.1313
242389.5345
241210.5715
240049.1767
238905.9677
237784.7693
236659.305
235502.0836
234322.0777
233138.4056
231936.0202
230718.2526
229512.1131
228329.9245
227165.5737
225997.152
224832.3921
223691.4112
222560.5773
221411.8238
220242.5387
219053.7574
217844.5823
216646.9629
215480.1552
214328.005
213165.543
211998.7843
210832.1849
209670.7206
208531.763
207390.5526
206216.8818
205031.1173
203883.89
202757.9162
201582.0106
200341.3198
199076.5109
197835.0829
196645.2335
195478.4644
194307.6503
193121.071
191952.8266
190839.3972
189733.6855
188600.8181
187419.2955
186196.7973
184994.8362
183819.0032
182629.6201
181431.5648
180246.2352
179097.011
177988.7252
176867.7537
175709.8517
174548.8978
173409.0938
172269.0496
171084.8067
169869.1508
168674.5797
167498.9055
166325.844
165132.0498
163910.8397
162727.9072
161580.7259
160384.465
159161.0496
157968.3708
156781.6623
155612.7032
154447.3746
153245.7708
152002.7975
150759.6335
149550.6064
148342.9031
147136.9176
145931.1423
144689.5419
143450.5413
142242.1082
141044.0439
139844.7043
138645.9901
137472.1918
136325.5558
135183.1558
133989.7464
132760.0469
131582.8948
130433.3312
129262.4817
128065.178
126829.2109
125617.1566
124449.5648
123258.2468
122056.8265
120884.0212
119725.6316
118538.6203
117318.044
116111.6285
114920.553
113715.7087
112494.7129
111291.4243
110107.6005
108936.8791
107807.3433
106649.3142
105435.9774
104253.6655
103093.4835
101921.3369
100716.8175
99470.28955
98213.59102
97024.48992
95886.28689
94731.93174
93541.33772
92324.47799
91128.35397
89948.10572
88788.21715
87672.91167
86574.3565
85446.46133
84257.80374
83014.21476
81772.74235
80567.27688
79373.22904
78187.02798
77011.35845
75838.9472
74693.66167
73573.00406
72424.67965
71276.48054
70127.81047
68947.0998
67805.64621
66674.56215
65498.79597
64312.75685
63147.12035
62007.03179
60851.19792
59662.4807
58461.41397
57248.7817
56020.17816
54798.53296
53587.19099
52382.4824
51187.02021
50010.12823
48852.68196
47688.28964
46518.68758
45337.86063
44144.93678
42943.19108
41703.15179
40434.37788
39188.5832
37971.22873
36751.33946
35525.86389
34346.09838
33166.68719
31948.19519
30732.0846
29507.71455
28326.46644
27197.86996
26052.99024
24870.30977
23669.2483
22454.16886
21222.03941
19988.48952
18762.99536
17533.5591
16308.95724
15100.63911
13898.70145
12690.49901
11499.56916
10341.01945
9186.406516
8000.013566
6816.641882
5704.472408
4585.215657
3403.560018
2194.268771
1094.928774
1.843703395
-0.0003928872771
-0.0003935411731
-0.0003938076612
-0.0003941314901
-0.000394439152
-0.0003947734617
-0.0003951373842
-0.0003954633708
-0.0003957805544
-0.000396011199
-0.0003963162776
-0.0003966091688
-0.0003969547077
-0.0003973095086
-0.0003976764744
-0.0003980476738
-0.000398434344
-0.0003988316364
-0.0003993346463
-0.0003998535666
-0.0004004324092
-0.0004010060482
-0.0004015813139
-0.0004021415675
-0.0004026373362
-0.0004031884373
-0.0004037619075
-0.0004042640744
-0.000404826987
-0.0004053200079
-0.0004058151719
-0.0004062456487
-0.0004066640888
-0.0004071721281
-0.0004076318696
-0.0004080834479
-0.000408510118
-0.0004089219466
-0.0004094088592
-0.0004098244128
-0.0004101867915
-0.0004105625144
-0.0004109761723
-0.0004113006171
-0.0004116778535
-0.0004120031937
-0.0004123518532
-0.0004128087237
-0.000413261263
-0.0004136931775
-0.0004141167148
-0.0004145581026
-0.0004150509997
-0.0004156343504
-0.0004162074264
-0.0004168123446
-0.0004173850534
-0.0004179405142
-0.0004185312968
-0.0004191038379
-0.0004196958019
-0.0004203470528
-0.0004210127095
-0.0004216927185
-0.0004223208754
-0.0004228881497
-0.0004234739219
-0.000424083383
-0.0004246772078
-0.0004253123454
-0.0004259684085
-0.0004266349858
-0.0004272955173
-0.0004278954094
-0.0004284991536
-0.0004291711902
-0.0004297687633
-0.00043036533
-0.0004309320819
-0.00043151956
-0.0004321771953
-0.0004328662886
-0.0004335751364
-0.0004342681082
-0.0004349591635
-0.0004356948982
-0.000436398327
-0.0004370279412
-0.0004376466337
-0.0004382376244
-0.000438766082
-0.0004393270674
-0.0004398856833
-0.0004405015581
-0.000441091407
-0.0004416966982
-0.0004423218924
-0.0004429329781
-0.0004435837321
-0.0004442157807
-0.000444871936
-0.0004455316081
-0.0004461515623
-0.0004467211784
-0.0004471779261
-0.0004476428096
-0.0004480495457
-0.0004484569697
-0.0004488111546
-0.0004491826254
-0.0004495354285
-0.0004499458704
-0.0004503236008
-0.0004506832974
-0.0004510751853
-0.0004514347394
-0.0004517857838
-0.0004520260702
-0.0004523063231
-0.0004525427677
-0.0004528305809
-0.0004530268543
-0.0004531612447
-0.0004533408819
-0.0004535083604
-0.0004536793257
-0.0004538414567
-0.0004540477801
-0.0004542605071
-0.0004544207052
-0.0004545500076
-0.0004546716953
-0.0004548064635
-0.0004549792454
-0.0004551045348
-0.0004551495649
-0.0004551657731
-0.0004551355292
-0.000454999614
-0.0004548377397
-0.0004547376142
-0.0004546930905
-0.0004546393435
-0.0004547251642
-0.0004548283864
-0.0004549398785
-0.0004550713315
-0.0004551921747
-0.0004553221236
-0.0004554200196
-0.000455502051
-0.0004555718162
-0.0004556216034
-0.0004555065706
-0.0004553955463
-0.0004552387647
-0.000455060609
-0.0004548704613
-0.0004547019961
-0.0004545624161
-0.0004544616405
-0.0004543335534
-0.0004542341145
-0.0004541139243
-0.0004540252076
-0.0004538855065
-0.0004537376318
-0.0004535999963
-0.0004534181941
-0.000453224651
-0.000452886098
-0.0004525275695
-0.000452146945
-0.0004517837495
-0.0004513924027
-0.0004509590214
-0.0004504869122
-0.000449949919
-0.0004494590856
-0.0004490185403
-0.0004485857167
-0.0004481637011
-0.0004476693964
-0.0004472100825
-0.000446747692
-0.0004462176254
-0.0004457289677
-0.000445241494
-0.0004448018071
-0.0004443394057
-0.0004438406496
-0.0004432656831
-0.000442736371
-0.0004422673047
-0.0004418583441
-0.0004413734415
-0.0004409017968
-0.0004404899559
-0.0004400962119
-0.0004397422758
-0.0004394212409
-0.0004390664056
-0.0004387076853
-0.0004382830669
-0.0004378515622
-0.0004374152397
-0.0004370577281
-0.0004366569681
-0.0004362123759
-0.0004358413567
-0.0004354130838
-0.0004349315695
-0.0004344109542
-0.0004338852104
-0.0004333963001
-0.0004329338583
-0.0004324310391
-0.0004319189484
-0.0004314092731
-0.0004308800759
-0.0004303148885
-0.0004298111912
-0.0004293547739
-0.0004288737111
-0.000428453882
-0.0004281373949
-0.0004278395064
-0.0004274945658
-0.0004271246206
-0.0004268060463
-0.0004264145305
-0.0004260168918
-0.0004256587187
-0.0004252717252
-0.0004249433894
-0.0004246486214
-0.0004244263159
-0.00042411671
-0.0004237670935
-0.0004234297987
-0.0004231612906
-0.0004228446045
-0.0004224599699
-0.0004221134006
-0.0004217746123
-0.0004214144278
-0.0004210128191
-0.0004206087502
-0.0004201894842
-0.0004198240058
-0.0004195004016
-0.0004192281313
-0.0004189817485
-0.0004187461698
-0.0004185751514
-0.0004183049568
-0.0004179953457
-0.0004176916087
-0.0004173519058
-0.0004170186593
-0.0004167389047
-0.0004164911863
-0.0004161018264
-0.0004157938656
-0.0004155212001
-0.0004152885098
-0.0004149970907
-0.0004146145177
-0.0004141447171
-0.0004136278655
-0.0004131355615
-0.0004126635946
-0.0004121098005
-0.0004115803858
-0.0004110639729
-0.0004105312953
-0.0004100419089
-0.0004096110494
-0.0004090593086
-0.0004085278924
-0.000407958939
-0.0004073965907
-0.0004068065286
-0.0004062533236
-0.0004057314808
-0.0004051648156
-0.0004045540039
-0.0004039786974
-0.000403389702
-0.0004027894367
-0.0004021344019
-0.0004015427826
-0.0004009832253
-0.0004004345773
-0.0003999182486
-0.0003993732613
-0.0003988494212
-0.0003983472613
-0.0003978556609
-0.000397394498
-0.0003970278367
-0.0003966813704
-0.0003963013927
-0.0003959265072
-0.00039554471
-0.0003951972049
-0.0003948246887
-0.0003945035975
-0.0003941699235
-0.0003938104333
-0.0003934009922
-0.0003929664394
-0.0003925397654
-0.0003920147927
-0.0003914410662
-0.0003908599056
-0.0003902996197
-0.0003897628468
-0.0003891653473
-0.0003885333733
-0.000387886715
-0.0003872190713
-0.0003865543842
-0.0003859796328
-0.0003854505272
-0.0003849278086
-0.0003844440034
-0.0003839784732
-0.0003834883867
-0.0003829955611
-0.0003824472854
-0.0003819080098
-0.000381328578
-0.0003807505467
-0.000380216542
-0.0003796939143
-0.0003792376153
-0.0003787701488
-0.0003782609486
-0.0003777018241
-0.0003770727564
-0.0003765017753
-0.0003760162233
-0.0003755074903
-0.0003749744031
-0.0003743679555
-0.0003737051537
-0.000372997503
-0.000372331702
-0.0003715860073
-0.0003708677636
-0.000370135499
-0.0003694148112
-0.0003687061831
-0.0003679631102
-0.0003672221822
-0.0003665149118
-0.0003658084255
-0.0003651150988
-0.0003643640723
-0.0003635888013
-0.0003628205282
-0.0003620614636
-0.0003613252518
-0.0003605743042
-0.0003598316099
-0.0003591206882
-0.0003584457222
-0.0003578028954
-0.0003571863373
-0.0003564485921
-0.0003556493092
-0.0003548383708
-0.0003541012375
-0.0003533039684
-0.0003525193385
-0.0003518233087
-0.0003511788059
-0.000350565322
-0.0003499555976
-0.0003493533439
-0.0003487219655
-0.0003480900749
-0.0003473564689
-0.000346600516
-0.0003458740129
-0.0003451428714
-0.0003444034843
-0.0003436606422
-0.0003429110018
-0.000342070432
-0.000341209769
-0.0003403365198
-0.00033948399
-0.0003385787408
-0.0003376209101
-0.0003366404625
-0.0003356589856
-0.0003346195957
-0.0003335726329
-0.0003326513591
-0.0003317320756
-0.0003308573599
-0.0003299059606
-0.000328930709
-0.0003279400634
-0.0003269678466
-0.0003260037825
-0.0003249967273
-0.0003239613062
-0.0003228633632
-0.0003217978664
-0.000320756047
-0.0003198300172
-0.0003188809411
-0.0003179121762
-0.0003170122398
-0.0003162341639
-0.0003155119178
-0.0003148435578
-0.0003141788838
-0.0003135295445
-0.0003129060643
-0.0003122395716
-0.0003114788568
-0.0003107869786
-0.0003100546394
-0.000309365029
-0.000308689127
-0.0003080617819
-0.0003074205972
-0.0003067909313
-0.0003062021385
-0.0003056013846
-0.0003050194543
-0.0003043880654
-0.0003037805658
-0.0003031748151
-0.0003026759331
-0.0003021835944
-0.000301721219
-0.0003013056985
-0.00030093259
-0.0003005146323
-0.0003001092223
-0.0002997263132
-0.0002993462697
-0.0002988718536
-0.000298432175
-0.000298024484
-0.0002976007343
-0.0002971091301
-0.0002966223557
-0.0002961718594
-0.0002956538887
-0.0002951642704
-0.0002946860671
-0.0002941889858
-0.0002936382475
-0.0002930545476
-0.0002924946274
-0.0002919925192
-0.0002915155525
-0.0002910792216
-0.0002906780285
-0.0002902155916
-0.0002898268941
-0.000289492234
-0.0002891364865
-0.0002887311942
-0.0002883225195
-0.0002878091227
-0.0002872795132
-0.0002867852453
-0.0002862857775
-0.0002858893591
-0.0002855319134
-0.0002852158592
-0.0002849193706
-0.0002846457803
-0.0002843984369
-0.0002841653979
-0.0002838745391
-0.0002835133863
-0.0002831392612
-0.0002827466432
-0.0002823796431
-0.0002820671039
-0.0002817227982
-0.0002813882614
-0.0002810490897
-0.0002807296783
-0.0002804277132
-0.0002801216473
-0.0002797217848
-0.0002791692243
-0.0002786724974
-0.000278205741
-0.0002777063323
-0.0002772192508
-0.0002767866761
-0.0002764002815
-0.0002759448725
-0.0002755868357
-0.0002752458073
-0.0002748943181
-0.0002746076427
-0.0002742681657
-0.0002737835004
-0.0002733009834
-0.0002728178459
-0.0002723409037
-0.0002719268351
-0.0002714898712
-0.0002710787774
-0.000270655725
-0.0002702288236
-0.0002698122812
-0.0002694026212
-0.0002690056868
-0.0002685831673
-0.0002681369648
-0.0002676466423
-0.0002670908815
-0.0002665005649
-0.000265931922
-0.0002653655782
-0.0002648439145
-0.000264304929
-0.0002637669201
-0.0002632363381
-0.0002626581908
-0.0002621283506
-0.0002616424183
-0.0002611686755
-0.0002606636223
-0.0002601539934
-0.0002595964278
-0.0002590335075
-0.000258439393
-0.0002578881147
-0.0002574057141
-0.0002569733911
-0.0002564686238
-0.0002559128188
-0.0002553168233
-0.0002547482076
-0.0002542164339
-0.0002536806992
-0.0002531679805
-0.0002526269109
-0.0002520865501
-0.0002515016912
-0.0002508764436
-0.0002502199263
-0.0002495970728
-0.0002490341882
-0.0002484519757
-0.0002479331401
-0.0002474169855
-0.0002469404432
-0.0002464639474
-0.0002460020203
-0.0002454874177
-0.000245025664
-0.0002445596811
-0.0002441094256
-0.0002435918254
-0.0002430496424
-0.0002424929101
-0.0002419311652
-0.0002414056707
-0.0002408855674
-0.0002403148488
-0.0002397328211
-0.0002391607161
-0.0002386281495
-0.0002381163853
-0.0002375964176
-0.0002370669219
-0.0002365564172
-0.0002360411443
-0.0002355143933
-0.0002349651077
-0.0002343565228
-0.0002338197927
-0.0002332642852
-0.0002327961589
-0.0002323230833
-0.0002318980338
-0.0002314446499
-0.0002310354489
-0.0002305448531
-0.0002300198329
-0.0002295135363
-0.0002289977381
-0.0002285487295
-0.0002281362644
-0.0002277351043
-0.0002273157337
-0.0002269427089
-0.0002265444331
-0.0002261964609
-0.0002258336266
-0.0002255112846
-0.0002252135344
-0.0002249549568
-0.0002246694441
-0.0002244289065
-0.0002242395534
-0.0002240136727
-0.0002237989467
-0.0002235457763
-0.0002233147845
-0.0002232184959
-0.0002231085014
-0.0002230121803
-0.0002229327764
-0.000222866096
-0.000222840659
-0.0002228592119
-0.0002229198986
-0.0002229196607
-0.0002229111539
-0.0002228873556
-0.0002229030052
-0.0002229338834
-0.0002229778931
-0.0002230507994
-0.0002232078458
-0.0002233687246
-0.0002235218143
-0.0002236562037
-0.0002237155789
-0.0002237525741
-0.0002237947889
-0.0002239019682
-0.0002239226063
-0.0002239032482
-0.0002238580034
-0.0002237372813
-0.0002235869983
-0.000223402405
-0.0002232260738
-0.0002230549854
-0.0002228950276
-0.0002227397401
-0.0002225587473
-0.000222406066
-0.0002222688419
-0.0002221925932
-0.0002221217195
-0.0002221151187
-0.0002220580812
-0.000222093362
-0.0002221107785
-0.0002221447238
-0.0002221969546
-0.0002221843279
-0.0002220905911
-0.0002220403344
-0.0002219260713
-0.0002218237762
-0.000221701368
-0.0002215699585
-0.0002214676596
-0.0002214590325
-0.0002214325679
-0.0002214112304
-0.0002213501851
-0.0002212328899
-0.0002210522804
-0.0002208335823
-0.0002204935836
-0.0002201431976
-0.000219780229
-0.0002193976905
-0.0002190297284
-0.0002185729391
-0.000218141931
-0.0002177153846
-0.0002173495232
-0.0002169873081
-0.0002167227892
-0.0002164395136
-0.0002162093376
-0.0002159174273
-0.000215666016
-0.0002154419806
-0.0002151712293
-0.0002149010313
-0.0002146649434
-0.0002144055199
-0.0002141990039
-0.0002139336367
-0.0002136752844
-0.0002133630412
-0.0002130650214
-0.0002128090305
-0.0002125548994
-0.0002122758361
-0.0002120320527
-0.0002118003847
-0.0002115106495
-0.0002111856921
-0.0002108419643
-0.0002105387811
-0.0002102450886
-0.0002099362546
-0.0002095817443
-0.0002092076755
-0.0002088314475
-0.0002083564939
-0.0002079663278
-0.0002076532138
-0.0002073079494
-0.0002070097635
-0.0002066755069
-0.0002063274082
-0.0002059677435
-0.000205609059
-0.0002053474833
-0.0002051150369
-0.0002048075217
-0.0002044681119
-0.0002041498813
-0.0002038190654
-0.00020353266
-0.0002031893071
-0.0002027969578
-0.0002023936923
-0.0002020190799
-0.0002017329212
-0.0002014152915
-0.0002010698474
-0.0002007956964
-0.0002004346931
-0.0002000209729
-0.0001995404602
-0.0001991575833
-0.0001986996139
-0.0001982625612
-0.0001978399529
-0.0001974472811
-0.0001969907607
-0.0001964982937
-0.0001960793223
-0.0001956312105
-0.0001952405505
-0.0001948310356
-0.0001944029542
-0.0001939721682
-0.0001935804979
-0.0001931925955
-0.0001927720954
-0.0001923103714
-0.0001918638878
-0.0001914318021
-0.0001910491666
-0.0001905789531
-0.0001900536234
-0.0001896081101
-0.0001891214595
-0.0001885711373
-0.0001880725457
-0.0001875403521
-0.0001870398876
-0.0001865387576
-0.0001860385552
-0.000185520616
-0.0001849149668
-0.0001843107747
-0.0001838120306
-0.000183291845
-0.0001827259267
-0.0001821313401
-0.00018149189
-0.0001808285338
-0.0001800436899
-0.0001792907913
-0.000178518512
-0.0001777182172
-0.0001770335581
-0.0001762750349
-0.0001755676372
-0.000174849266
-0.0001741841388
-0.0001735710416
-0.0001729694796
-0.0001723664148
-0.0001717386475
-0.0001710904796
-0.0001704305598
-0.0001697940353
-0.0001690809031
-0.0001682841122
-0.0001674721738
-0.0001666222627
-0.0001658603045
-0.0001650186913
-0.0001642482509
-0.0001635167717
-0.000162808085
-0.0001620504824
-0.0001612862121
-0.0001604883677
-0.0001597494595
-0.0001590344087
-0.0001582888739
-0.0001574772544
-0.000156687673
-0.0001559617941
-0.0001553492901
-0.0001546797465
-0.0001539587589
-0.0001532969079
-0.0001525055447
-0.0001516606413
-0.0001507714644
-0.0001499045192
-0.0001491287099
-0.0001483119004
-0.000147488209
-0.0001467165082
-0.0001460199663
-0.0001452043
-0.0001444283667
-0.0001435933786
-0.0001426750131
-0.000141787617
-0.0001409463461
-0.0001401101875
-0.0001392290033
-0.0001383778797
-0.0001375143247
-0.0001367291918
-0.0001358613835
-0.0001349350087
-0.0001340386042
-0.0001331846687
-0.00013229399
-0.0001314580492
-0.0001305672827
-0.0001296229868
-0.0001287494149
-0.0001278509609
-0.0001269822935
-0.0001261108489
-0.0001253289285
-0.000124550896
-0.0001238174897
-0.0001231136376
-0.0001223327075
-0.00012153622
-0.0001207935113
-0.0001200987061
-0.0001193868114
-0.0001186446197
-0.000117821668
-0.0001170424898
-0.0001161875467
-0.0001153836805
-0.0001146104572
-0.0001137965369
-0.000112948953
-0.0001121096868
-0.0001112467482
-0.0001104324666
-0.0001095595444
-0.0001087400045
-0.0001079447772
-0.0001071537427
-0.0001063001957
-0.0001054563121
-0.0001045950837
-0.0001037576363
-0.0001028238531
-0.0001019271831
-0.0001009615073
-0.0001001029062
-9.92423319e-05
-9.842756859e-05
-9.754322288e-05
-9.659152536e-05
-9.57538508e-05
-9.485713368e-05
-9.398437263e-05
-9.317528292e-05
-9.242752004e-05
-9.174667019e-05
-9.107485378e-05
-9.049412069e-05
-8.990259203e-05
-8.93128506e-05
-8.860761993e-05
-8.783061583e-05
-8.70208323e-05
-8.623114721e-05
-8.549041015e-05
-8.472790223e-05
-8.40213466e-05
-8.330022797e-05
-8.259431371e-05
-8.184320451e-05
-8.10792383e-05
-8.041064922e-05
-7.964045207e-05
-7.891585515e-05
-7.821108707e-05
-7.745633341e-05
-7.670456946e-05
-7.593938318e-05
-7.519875628e-05
-7.454020031e-05
-7.396050526e-05
-7.33953031e-05
-7.291759279e-05
-7.23768394e-05
-7.188766471e-05
-7.147910458e-05
-7.102677002e-05
-7.051376396e-05
-6.99417021e-05
-6.937530727e-05
-6.878990771e-05
-6.824444991e-05
-6.76817163e-05
-6.709082876e-05
-6.64914825e-05
-6.590210986e-05
-6.526954901e-05
-6.466255055e-05
-6.406192173e-05
-6.346800076e-05
-6.281519586e-05
-6.223358696e-05
-6.15746492e-05
-6.092016488e-05
-6.028941172e-05
-5.967867504e-05
-5.908115528e-05
-5.851787934e-05
-5.79545401e-05
-5.732542756e-05
-5.669211371e-05
-5.603975184e-05
-5.54909612e-05
-5.492304482e-05
-5.434034641e-05
-5.372411194e-05
-5.310306127e-05
-5.249531151e-05
-5.191332902e-05
-5.125481242e-05
-5.054372848e-05
-4.980912801e-05
-4.901926953e-05
-4.820887957e-05
-4.750537016e-05
-4.681134594e-05
-4.615847418e-05
-4.539959473e-05
-4.466378147e-05
-4.391532265e-05
-4.32206232e-05
-4.254498529e-05
-4.184486798e-05
-4.119968167e-05
-4.052103418e-05
-3.984731084e-05
-3.910035782e-05
-3.83287942e-05
-3.758740166e-05
-3.6818193e-05
-3.606758026e-05
-3.526635484e-05
-3.449511005e-05
-3.373663813e-05
-3.299365501e-05
-3.221987374e-05
-3.145096652e-05
-3.072168403e-05
-3.002985038e-05
-2.93487157e-05
-2.863741807e-05
-2.795808344e-05
-2.723272049e-05
-2.656648843e-05
-2.591742195e-05
-2.523830208e-05
-2.456309849e-05
-2.390261512e-05
-2.326085937e-05
-2.269269643e-05
-2.214668905e-05
-2.174170689e-05
-2.13384266e-05
-2.099365277e-05
-2.05988402e-05
-2.017418367e-05
-1.983437086e-05
-1.940687324e-05
-1.893209758e-05
-1.835196426e-05
-1.769196874e-05
-1.699497455e-05
-1.624160937e-05
-1.54917456e-05
-1.483444425e-05
-1.422330249e-05
-1.351576614e-05
-1.274436851e-05
-1.19432249e-05
-1.111919603e-05
-1.027132935e-05
-9.428451264e-06
-8.611928209e-06
-7.783231954e-06
-6.885760954e-06
-5.973962539e-06
-5.028414354e-06
-4.093983929e-06
-3.12297866e-06
-2.173433315e-06
-1.323071802e-06
-5.052303347e-07
3.148029506e-07
1.05756233e-06
1.815328266e-06
2.613753741e-06
3.394575543e-06
4.162352148e-06
4.936717129e-06
5.787935213e-06
6.671116271e-06
7.547906473e-06
8.382234503e-06
9.152106561e-06
1.005999789e-05
1.100160608e-05
1.194509388e-05
1.2848773e-05
1.378429501e-05
1.46411593e-05
1.556749783e-05
1.643322624e-05
1.7358492e-05
1.832040763e-05
1.928253829e-05
2.023475279e-05
2.121882173e-05
2.224723478e-05
2.344131589e-05
2.473162967e-05
2.593502236e-05
2.711217256e-05
2.825590068e-05
2.937072731e-05
3.051406379e-05
3.161949532e-05
3.275916997e-05
3.394110484e-05
3.509973575e-05
3.63324481e-05
3.756113157e-05
3.881635867e-05
4.006851689e-05
4.133271444e-05
4.256487442e-05
4.367630261e-05
4.480615181e-05
4.590978065e-05
4.705910249e-05
4.821874328e-05
4.935808464e-05
5.053486291e-05
5.162910071e-05
5.268952877e-05
5.36877169e-05
5.471519598e-05
5.580955798e-05
5.687668556e-05
5.805474032e-05
5.925994275e-05
6.050491253e-05
6.185119476e-05
6.318051501e-05
6.439896501e-05
6.553497749e-05
6.667263809e-05
6.778888961e-05
6.889212606e-05
6.990639207e-05
7.096364272e-05
7.203128175e-05
7.30905076e-05
7.422290785e-05
7.542387587e-05
7.666840002e-05
7.792363372e-05
7.91599808e-05
8.038357058e-05
8.158233209e-05
8.269222105e-05
8.372089076e-05
8.467457025e-05
8.556920053e-05
8.642741034e-05
8.728544028e-05
8.822446435e-05
8.915016223e-05
9.013464899e-05
9.115310129e-05
9.212730326e-05
9.313636687e-05
9.410671034e-05
9.507295323e-05
9.603134767e-05
9.691384483e-05
9.781290029e-05
9.866263716e-05
9.947623014e-05
0.0001003136277
0.0001011727621
0.0001019889356
0.0001027827656
0.0001035659698
0.0001044153663
0.0001052713827
0.0001061386891
0.000106944996
0.0001077691331
0.0001086019335
0.0001094358691
0.0001102139147
0.0001108551325
0.0001114643856
0.0001121013658
0.0001126848558
0.0001132776905
0.000113890673
0.0001144860684
0.0001150346459
0.0001157049892
0.0001164295808
0.000117117686
0.000117804677
0.0001184613956
0.0001191168784
0.0001197013964
0.0001203074449
0.0001209208909
0.0001215057669
0.0001220111121
0.0001225379635
0.0001229742142
0.00012340995
0.0001238648602
0.0001242569131
0.000124680922
0.0001251476984
0.0001255846202
0.0001260487889
0.0001265101995
0.0001270023271
0.0001274841748
0.0001279013218
0.0001283531049
0.000128735937
0.0001291346097
0.0001293662589
0.0001295054703
0.0001296895373
0.0001297892311
0.0001299388034
0.000130067349
0.0001301898415
0.0001302722857
0.0001304840753
0.0001306754211
0.0001308785009
0.00013104845
0.0001311389145
0.0001312461711
0.0001312878031
0.0001312568236
0.0001312512335
0.0001312517868
0.0001312907046
0.000131231369
0.0001311194185
0.0001310037527
0.0001309191553
0.0001308419677
0.0001307559314
0.0001306010452
0.0001304588807
0.0001303619682
0.0001302976626
0.0001302677244
0.0001302320179
0.0001300729205
0.0001298958087
0.0001296348027
0.0001293127078
0.0001289751747
0.0001286714028
0.0001282556414
0.0001278134378
0.0001274582957
0.0001270890284
0.0001266316283
0.0001262170442
0.000125778331
0.0001254161338
0.0001249790048
0.0001245864577
0.0001242010816
0.0001238313485
0.0001234323803
0.0001229816148
0.0001225647967
0.0001221626535
0.0001217603974
0.0001213521015
0.0001209617393
0.0001206401981
0.0001203305495
0.0001199845238
0.0001196194305
0.000119195806
0.0001187486469
0.0001183387377
0.0001178656313
0.000117392326
0.0001168878085
0.0001163703398
0.000115823549
0.0001152681426
0.0001146968094
0.000114247442
0.0001137713878
0.0001132249319
0.0001127152484
0.0001121744975
0.0001116323188
0.0001111272301
0.0001106308275
0.0001101092409
0.0001094878879
0.0001089220956
0.0001083711387
0.0001078254526
0.0001073017876
0.0001067993172
0.0001062630794
0.0001057331737
0.000105190987
0.0001045827121
0.0001040554724
0.0001034777845
0.0001029185454
0.0001022243231
0.0001016332609
0.0001010557854
0.0001004840846
9.989889567e-05
9.930817727e-05
9.869647251e-05
9.802208646e-05
9.728575448e-05
9.657330649e-05
9.582313543e-05
9.513681145e-05
9.446008236e-05
9.37175453e-05
9.29927016e-05
9.230546102e-05
9.153759752e-05
9.074308928e-05
8.995932837e-05
8.913669405e-05
8.835142789e-05
8.758833674e-05
8.689720847e-05
8.623968809e-05
8.543126817e-05
8.461892886e-05
8.382288948e-05
8.304255753e-05
8.224402977e-05
8.151006323e-05
8.078954189e-05
8.003513099e-05
7.928279831e-05
7.853463331e-05
7.781512413e-05
7.713396668e-05
7.64318167e-05
7.575274516e-05
7.51446748e-05
7.453361792e-05
7.389969604e-05
7.320696937e-05
7.251607797e-05
7.19070195e-05
7.133134989e-05
7.079744426e-05
7.018176892e-05
6.948622651e-05
6.873616756e-05
6.803770709e-05
6.732536665e-05
6.659324804e-05
6.581342557e-05
6.509253161e-05
6.440266031e-05
6.374564605e-05
6.303706657e-05
6.233287115e-05
6.162906821e-05
6.095122332e-05
6.0295207e-05
5.967615031e-05
5.907246756e-05
5.844318061e-05
5.785550242e-05
5.725616632e-05
5.66001928e-05
5.588971269e-05
5.521966456e-05
5.448262311e-05
5.378991042e-05
5.312487272e-05
5.250364243e-05
5.190950898e-05
5.133855546e-05
5.064902712e-05
4.998140957e-05
4.926826564e-05
4.848089132e-05
4.773800959e-05
4.70871558e-05
4.645884877e-05
4.584908005e-05
4.524340279e-05
4.462252901e-05
4.401619328e-05
4.348586398e-05
4.294966824e-05
4.247376149e-05
4.193975912e-05
4.140406983e-05
4.090638892e-05
4.037825588e-05
3.986897159e-05
3.934775894e-05
3.88255048e-05
3.832897593e-05
3.778756979e-05
3.722735455e-05
3.662648815e-05
3.605719656e-05
3.549810561e-05
3.48962262e-05
3.424752009e-05
3.363168215e-05
3.301789848e-05
3.245768292e-05
3.193450711e-05
3.135463017e-05
3.079425222e-05
3.01940892e-05
2.967673068e-05
2.914165651e-05
2.856049905e-05
2.804438867e-05
2.755307877e-05
2.710258205e-05
2.663202372e-05
2.613515572e-05
2.565040398e-05
2.516540919e-05
2.462458486e-05
2.415846739e-05
2.369512394e-05
2.320145485e-05
2.270637906e-05
2.216295547e-05
2.166635826e-05
2.11227721e-05
2.059412205e-05
2.012280914e-05
1.966626404e-05
1.926768628e-05
1.886721036e-05
1.846542994e-05
1.803048084e-05
1.761892418e-05
1.716209032e-05
1.669709168e-05
1.625108606e-05
1.58429353e-05
1.539090855e-05
1.488836044e-05
1.432701471e-05
1.366938954e-05
1.299505812e-05
1.228205094e-05
1.163952628e-05
1.097283149e-05
1.03544895e-05
9.760934855e-06
9.195819396e-06
8.562631019e-06
7.949898422e-06
7.453031383e-06
7.039687358e-06
6.560979384e-06
6.092477762e-06
5.613267038e-06
5.132987242e-06
4.619165943e-06
4.119863904e-06
3.594910281e-06
3.117845742e-06
2.651664131e-06
2.282262582e-06
1.892222835e-06
1.540672092e-06
1.160421092e-06
7.705455889e-07
4.168639304e-07
1.417740496e-08
-2.776225373e-07
-5.822870499e-07
-8.996213032e-07
-1.236412361e-06
-1.424907127e-06
-1.638729681e-06
-1.812638245e-06
-2.003614633e-06
-2.164000181e-06
-2.361351943e-06
-2.553830325e-06
-2.762921396e-06
-2.985819818e-06
-3.269640875e-06
-3.571713915e-06
-3.779990784e-06
-4.022491619e-06
-4.222203324e-06
-4.423001085e-06
-4.569808743e-06
-4.786400461e-06
-5.034097907e-06
-5.317507042e-06
-5.579563982e-06
-5.820144227e-06
-6.07974e-06
-6.329802364e-06
-6.585281713e-06
-6.81637189e-06
-7.015215048e-06
-7.137149416e-06
-7.257382403e-06
-7.278929776e-06
-7.292747668e-06
-7.32280681e-06
-7.300696297e-06
-7.255782483e-06
-7.193450779e-06
-7.166852875e-06
-7.082208502e-06
-7.094232032e-06
-7.12402166e-06
-7.148366938e-06
-7.147889951e-06
-7.129105473e-06
-7.112497152e-06
-7.033696126e-06
-6.971808908e-06
-6.91994521e-06
-6.95540065e-06
-7.017804616e-06
-7.104919242e-06
-7.132381844e-06
-7.109028066e-06
-7.105549004e-06
-7.082618052e-06
-7.142981917e-06
-7.226767882e-06
-7.300924538e-06
-7.388398501e-06
-7.520151327e-06
-7.690636429e-06
-7.828292101e-06
-7.903061128e-06
-7.916058771e-06
)
;

boundaryField
{
    sides
    {
        type            zeroGradient;
    }
    empty1
    {
        type            empty;
    }
    empty2
    {
        type            empty;
    }
}


// ************************************************************************* //
