/*--------------------------------*- C++ -*----------------------------------*\
| =========                 |                                                 |
| \\      /  F ield         | OpenFOAM: The Open Source CFD Toolbox           |
|  \\    /   O peration     | Version:  2012                                  |
|   \\  /    A nd           | Website:  www.openfoam.com                      |
|    \\/     M anipulation  |                                                 |
\*---------------------------------------------------------------------------*/
FoamFile
{
    version     2.0;
    format      ascii;
    class       volScalarField;
    location    "5e-05";
    object      T;
}
// * * * * * * * * * * * * * * * * * * * * * * * * * * * * * * * * * * * * * //

dimensions      [0 0 0 1 0 0 0];


internalField   nonuniform List<scalar> 
5000
(
308.15
308.15
308.15
308.15
308.15
308.15
308.15
308.15
308.15
308.15
308.15
308.15
308.15
308.15
308.15
308.15
308.15
308.15
308.15
308.15
308.15
308.15
308.15
308.15
308.15
308.15
308.15
308.15
308.15
308.15
308.15
308.15
308.15
308.15
308.15
308.15
308.15
308.15
308.15
308.15
308.15
308.15
308.15
308.15
308.15
308.15
308.15
308.15
308.15
308.15
308.15
308.15
308.15
308.15
308.15
308.15
308.15
308.15
308.15
308.15
308.15
308.15
308.15
308.15
308.15
308.15
308.15
308.15
308.15
308.15
308.15
308.15
308.15
308.15
308.15
308.15
308.15
308.15
308.15
308.15
308.15
308.15
308.15
308.15
308.15
308.15
308.15
308.15
308.15
308.15
308.15
308.15
308.15
308.15
308.15
308.15
308.15
308.15
308.15
308.15
308.15
308.15
308.15
308.15
308.15
308.15
308.15
308.15
308.15
308.15
308.15
308.15
308.15
308.15
308.15
308.15
308.15
308.15
308.15
308.15
308.15
308.15
308.15
308.15
308.15
308.15
308.15
308.15
308.15
308.15
308.15
308.15
308.15
308.15
308.15
308.15
308.15
308.15
308.15
308.15
308.15
308.15
308.15
308.15
308.15
308.15
308.15
308.15
308.15
308.15
308.15
308.15
308.15
308.15
308.15
308.15
308.15
308.15
308.15
308.15
308.15
308.15
308.15
308.15
308.15
308.15
308.15
308.15
308.15
308.15
308.15
308.15
308.15
308.15
308.15
308.15
308.15
308.15
308.15
308.15
308.15
308.15
308.15
308.15
308.15
308.15
308.15
308.15
308.15
308.15
308.15
308.15
308.15
308.15
308.15
308.15
308.15
308.15
308.15
308.15
308.15
308.15
308.15
308.15
308.15
308.15
308.15
308.15
308.15
308.15
308.15
308.15
308.15
308.15
308.15
308.15
308.15
308.15
308.15
308.15
308.15
308.15
308.15
308.15
308.15
308.15
308.15
308.15
308.15
308.15
308.15
308.15
308.15
308.15
308.15
308.15
308.15
308.15
308.15
308.15
308.15
308.15
308.15
308.15
308.15
308.15
308.15
308.15
308.15
308.15
308.15
308.15
308.15
308.15
308.15
308.15
308.15
308.15
308.15
308.15
308.15
308.15
308.15
308.15
308.15
308.15
308.15
308.15
308.15
308.15
308.15
308.15
308.15
308.15
308.15
308.15
308.15
308.15
308.15
308.15
308.15
308.15
308.15
308.15
308.15
308.15
308.15
308.15
308.15
308.15
308.15
308.15
308.15
308.15
308.15
308.15
308.15
308.15
308.15
308.15
308.15
308.15
308.15
308.15
308.15
308.15
308.15
308.15
308.15
308.15
308.15
308.15
308.15
308.15
308.15
308.15
308.15
308.15
308.15
308.15
308.15
308.15
308.15
308.15
308.15
308.15
308.15
308.15
308.15
308.15
308.15
308.15
308.15
308.15
308.15
308.15
308.15
308.15
308.15
308.15
308.15
308.15
308.15
308.15
308.15
308.15
308.15
308.15
308.15
308.15
308.15
308.15
308.15
308.15
308.15
308.15
308.15
308.15
308.15
308.15
308.15
308.15
308.15
308.15
308.15
308.15
308.15
308.15
308.15
308.15
308.15
308.15
308.15
308.15
308.15
308.15
308.15
308.15
308.15
308.15
308.15
308.15
308.15
308.15
308.15
308.15
308.15
308.15
308.15
308.15
308.15
308.15
308.15
308.15
308.15
308.15
308.15
308.15
308.15
308.15
308.15
308.15
308.15
308.15
308.15
308.15
308.15
308.15
308.15
308.15
308.15
308.15
308.15
308.15
308.15
308.15
308.15
308.15
308.15
308.15
308.15
308.15
308.15
308.15
308.15
308.15
308.15
308.15
308.15
308.15
308.15
308.15
308.15
308.15
308.15
308.15
308.15
308.15
308.15
308.15
308.15
308.15
308.15
308.15
308.15
308.15
308.15
308.15
308.15
308.15
308.15
308.15
308.15
308.15
308.15
308.15
308.15
308.15
308.15
308.15
308.15
308.15
308.15
308.15
308.15
308.15
308.15
308.15
308.15
308.15
308.15
308.15
308.15
308.15
308.15
308.15
308.15
308.15
308.15
308.15
308.15
308.15
308.15
308.15
308.15
308.15
308.15
308.15
308.15
308.15
308.15
308.15
308.15
308.15
308.15
308.15
308.15
308.15
308.15
308.15
308.15
308.15
308.15
308.15
308.15
308.15
308.15
308.15
308.15
308.15
308.15
308.15
308.15
308.15
308.15
308.15
308.15
308.15
308.15
308.15
308.15
308.15
308.15
308.15
308.15
308.15
308.15
308.15
308.15
308.15
308.15
308.15
308.15
308.15
308.15
308.15
308.15
308.15
308.15
308.15
308.15
308.15
308.15
308.15
308.15
308.15
308.15
308.15
308.15
308.15
308.15
308.15
308.15
308.15
308.15
308.15
308.15
308.15
308.15
308.15
308.15
308.15
308.15
308.15
308.15
308.15
308.15
308.15
308.15
308.15
308.15
308.15
308.15
308.15
308.15
308.15
308.15
308.15
308.15
308.15
308.15
308.15
308.15
308.15
308.15
308.15
308.15
308.15
308.15
308.15
308.15
308.15
308.15
308.15
308.15
308.15
308.15
308.15
308.15
308.15
308.15
308.15
308.15
308.15
308.15
308.15
308.15
308.15
308.15
308.15
308.15
308.15
308.15
308.15
308.15
308.15
308.15
308.15
308.15
308.15
308.15
308.15
308.15
308.15
308.15
308.15
308.15
308.15
308.15
308.15
308.15
308.15
308.15
308.15
308.15
308.15
308.15
308.15
308.15
308.15
308.15
308.15
308.15
308.15
308.15
308.15
308.15
308.15
308.15
308.15
308.15
308.15
308.15
308.15
308.15
308.15
308.15
308.15
308.15
308.15
308.15
308.15
308.15
308.15
308.15
308.15
308.15
308.15
308.15
308.15
308.15
308.15
308.15
308.15
308.15
308.15
308.15
308.15
308.15
308.15
308.15
308.15
308.15
308.15
308.15
308.15
308.15
308.15
308.15
308.15
308.15
308.15
308.15
308.15
308.15
308.15
308.15
308.15
308.15
308.15
308.15
308.15
308.15
308.15
308.15
308.15
308.15
308.15
308.15
308.15
308.15
308.15
308.15
308.15
308.15
308.15
308.15
308.15
308.15
308.15
308.15
308.15
308.15
308.15
308.15
308.15
308.15
308.15
308.15
308.15
308.15
308.15
308.15
308.15
308.15
308.15
308.15
308.15
308.15
308.15
308.15
308.15
308.15
308.15
308.15
308.15
308.15
308.15
308.15
308.15
308.15
308.15
308.15
308.15
308.15
308.15
308.15
308.15
308.15
308.15
308.15
308.15
308.15
308.15
308.15
308.15
308.15
308.15
308.15
308.15
308.15
308.15
308.15
308.15
308.15
308.15
308.15
308.15
308.15
308.15
308.15
308.15
308.15
308.15
308.15
308.15
308.15
308.15
308.15
308.15
308.15
308.15
308.15
308.15
308.15
308.15
308.15
308.15
308.15
308.15
308.15
308.15
308.15
308.15
308.15
308.15
308.15
308.15
308.15
308.15
308.15
308.15
308.15
308.15
308.15
308.15
308.15
308.15
308.15
308.15
308.15
308.15
308.15
308.15
308.15
308.15
308.15
308.15
308.15
308.15
308.15
308.15
308.15
308.15
308.15
308.15
308.15
308.15
308.15
308.15
308.15
308.15
308.15
308.15
308.15
308.15
308.15
308.15
308.15
308.15
308.15
308.15
308.15
308.15
308.15
308.15
308.15
308.15
308.15
308.15
308.15
308.15
308.15
308.15
308.15
308.15
308.15
308.15
308.15
308.15
308.15
308.15
308.15
308.15
308.15
308.15
308.15
308.15
308.15
308.15
308.15
308.15
308.15
308.15
308.15
308.15
308.15
308.15
308.15
308.15
308.15
308.15
308.15
308.15
308.15
308.15
308.15
308.15
308.15
308.15
308.15
308.15
308.15
308.15
308.15
308.15
308.15
308.15
308.15
308.15
308.15
308.15
308.15
308.15
308.15
308.15
308.15
308.15
308.15
308.15
308.15
308.15
308.15
308.15
308.15
308.15
308.15
308.15
308.15
308.15
308.15
308.15
308.15
308.15
308.15
308.15
308.15
308.15
308.15
308.15
308.15
308.15
308.15
308.15
308.15
308.15
308.15
308.15
308.15
308.15
308.15
308.15
308.15
308.15
308.15
308.15
308.15
308.15
308.15
308.15
308.15
308.15
308.15
308.15
308.15
308.15
308.15
308.15
308.15
308.15
308.15
308.15
308.15
308.15
308.15
308.15
308.15
308.15
308.15
308.15
308.15
308.15
308.15
308.15
308.15
308.15
308.15
308.15
308.15
308.15
308.15
308.15
308.15
308.15
308.15
308.15
308.15
308.15
308.15
308.15
308.15
308.15
308.15
308.15
308.15
308.15
308.15
308.15
308.15
308.15
308.15
308.15
308.15
308.15
308.15
308.15
308.15
308.15
308.15
308.15
308.15
308.15
308.15
308.15
308.15
308.15
308.15
308.15
308.15
308.15
308.15
308.15
308.15
308.15
308.15
308.15
308.15
308.15
308.15
308.15
308.15
308.15
308.15
308.15
308.15
308.15
308.15
308.15
308.15
308.15
308.15
308.15
308.15
308.15
308.15
308.15
308.15
308.15
308.15
308.15
308.15
308.15
308.15
308.15
308.15
308.15
308.15
308.15
308.15
308.15
308.15
308.15
308.15
308.15
308.15
308.15
308.15
308.15
308.15
308.15
308.15
308.15
308.15
308.15
308.15
308.15
308.15
308.15
308.15
308.15
308.15
308.15
308.15
308.15
308.15
308.15
308.15
308.15
308.15
308.15
308.15
308.15
308.15
308.15
308.15
308.15
308.15
308.15
308.15
308.15
308.15
308.15
308.15
308.15
308.15
308.15
308.15
308.15
308.15
308.15
308.15
308.15
308.15
308.15
308.15
308.15
308.15
308.15
308.15
308.15
308.15
308.15
308.15
308.15
308.15
308.15
308.15
308.15
308.15
308.15
308.15
308.15
308.15
308.15
308.15
308.15
308.15
308.15
308.15
308.15
308.15
308.15
308.15
308.15
308.15
308.15
308.15
308.15
308.15
308.15
308.15
308.15
308.15
308.15
308.15
308.15
308.15
308.15
308.15
308.15
308.15
308.15
308.15
308.15
308.15
308.15
308.15
308.15
308.15
308.15
308.15
308.15
308.15
308.15
308.15
308.15
308.15
308.15
308.15
308.15
308.15
308.15
308.15
308.15
308.15
308.15
308.15
308.15
308.15
308.15
308.15
308.15
308.15
308.15
308.15
308.15
308.15
308.15
308.15
308.15
308.15
308.15
308.15
308.15
308.15
308.15
308.15
308.15
308.15
308.15
308.15
308.15
308.15
308.15
308.15
308.15
308.15
308.15
308.15
308.15
308.15
308.15
308.15
308.15
308.15
308.15
308.15
308.15
308.15
308.15
308.15
308.15
308.15
308.15
308.15
308.15
308.15
308.15
308.15
308.15
308.15
308.15
308.15
308.15
308.15
308.15
308.15
308.15
308.15
308.15
308.15
308.15
308.15
308.15
308.15
308.15
308.15
308.15
308.15
308.15
308.15
308.15
308.15
308.15
308.15
308.15
308.15
308.15
308.15
308.15
308.15
308.15
308.15
308.15
308.15
308.15
308.15
308.15
308.15
308.15
308.15
308.15
308.15
308.15
308.15
308.15
308.15
308.15
308.15
308.15
308.15
308.15
308.15
308.15
308.15
308.15
308.15
308.15
308.15
308.15
308.15
308.15
308.15
308.15
308.15
308.15
308.15
308.15
308.15
308.15
308.15
308.15
308.15
308.15
308.15
308.15
308.15
308.15
308.15
308.15
308.15
308.15
308.15
308.15
308.15
308.15
308.15
308.15
308.15
308.15
308.15
308.15
308.15
308.15
308.15
308.15
308.15
308.15
308.15
308.15
308.15
308.15
308.15
308.15
308.15
308.15
308.15
308.15
308.15
308.15
308.15
308.15
308.15
308.15
308.15
308.15
308.15
308.15
308.15
308.15
308.15
308.15
308.15
308.15
308.15
308.15
308.15
308.15
308.15
308.15
308.15
308.15
308.15
308.15
308.15
308.15
308.15
308.15
308.15
308.15
308.15
308.15
308.15
308.15
308.15
308.15
308.15
308.15
308.15
308.15
308.15
308.15
308.15
308.15
308.15
308.15
308.15
308.15
308.15
308.15
308.15
308.15
308.15
308.15
308.15
308.15
308.15
308.15
308.15
308.15
308.15
308.15
308.15
308.15
308.15
308.15
308.15
308.15
308.15
308.15
308.15
308.15
308.15
308.15
308.15
308.15
308.15
308.15
308.15
308.15
308.15
308.15
308.15
308.15
308.15
308.15
308.15
308.15
308.15
308.15
308.15
308.15
308.15
308.15
308.15
308.15
308.15
308.15
308.15
308.15
308.15
308.15
308.15
308.15
308.15
308.15
308.15
308.15
308.15
308.15
308.15
308.15
308.15
308.15
308.15
308.15
308.15
308.15
308.15
308.15
308.15
308.15
308.15
308.15
308.15
308.15
308.15
308.15
308.15
308.15
308.15
308.15
308.15
308.15
308.15
308.15
308.15
308.15
308.15
308.15
308.15
308.15
308.15
308.15
308.15
308.15
308.15
308.15
308.15
308.15
308.15
308.15
308.15
308.15
308.15
308.15
308.15
308.15
308.15
308.15
308.15
308.15
308.15
308.15
308.15
308.15
308.15
308.15
308.15
308.15
308.15
308.15
308.15
308.15
308.15
308.15
308.15
308.15
308.15
308.15
308.15
308.15
308.15
308.15
308.15
308.15
308.15
308.15
308.15
308.15
308.15
308.15
308.15
308.15
308.15
308.15
308.15
308.15
308.15
308.15
308.15
308.15
308.15
308.15
308.15
308.15
308.15
308.15
308.15
308.15
308.15
308.15
308.15
308.15
308.15
308.15
308.15
308.15
308.15
308.15
308.15
308.15
308.15
308.15
308.15
308.15
308.15
308.15
308.15
308.15
308.15
308.15
308.15
308.15
308.15
308.15
308.15
308.15
308.15
308.15
308.15
308.15
308.15
308.15
308.15
308.15
308.15
308.15
308.15
308.15
308.15
308.15
308.15
308.15
308.15
308.15
308.15
308.15
308.15
308.15
308.15
308.15
308.15
308.15
308.15
308.15
308.15
308.15
308.15
308.15
308.15
308.15
308.15
308.15
308.15
308.15
308.15
308.15
308.15
308.15
308.15
308.15
308.15
308.15
308.15
308.15
308.15
308.15
308.15
308.15
308.15
308.15
308.15
308.15
308.15
308.15
308.15
308.15
308.15
308.15
308.15
308.15
308.15
308.15
308.15
308.15
308.15
308.15
308.15
308.15
308.15
308.15
308.15
308.15
308.15
308.15
308.15
308.15
308.15
308.15
308.15
308.15
308.15
308.15
308.15
308.15
308.15
308.15
308.15
308.15
308.15
308.15
308.15
308.15
308.15
308.15
308.15
308.15
308.15
308.15
308.15
308.15
308.15
308.15
308.15
308.15
308.15
308.15
308.15
308.15
308.15
308.15
308.15
308.15
308.15
308.15
308.15
308.15
308.15
308.15
308.15
308.15
308.15
308.15
308.15
308.15
308.15
308.15
308.15
308.15
308.15
308.15
308.15
308.15
308.15
308.15
308.15
308.15
308.15
308.15
308.15
308.15
308.15
308.15
308.15
308.15
308.15
308.15
308.15
308.15
308.15
308.15
308.15
308.15
308.15
308.15
308.15
308.15
308.15
308.15
308.15
308.15
308.15
308.15
308.15
308.15
308.15
308.15
308.15
308.15
308.15
308.15
308.15
308.15
308.15
308.15
308.15
308.15
308.15
308.15
308.15
308.15
308.15
308.15
308.15
308.15
308.15
308.15
308.15
308.15
308.15
308.15
308.15
308.15
308.15
308.15
308.15
308.15
308.15
308.15
308.15
308.15
308.15
308.15
308.15
308.15
308.15
308.15
308.15
308.15
308.15
308.15
308.15
308.15
308.15
308.15
308.15
308.15
308.15
308.15
308.15
308.15
308.15
308.15
308.15
308.15
308.15
308.15
308.15
308.15
308.15
308.15
308.15
308.15
308.15
308.15
308.15
308.15
308.15
308.15
308.15
308.15
308.15
308.15
308.15
308.15
308.15
308.15
308.15
308.15
308.15
308.15
308.15
308.15
308.15
308.15
308.15
308.15
308.15
308.15
308.15
308.15
308.15
308.15
308.15
308.15
308.15
308.15
308.15
308.15
308.15
308.15
308.15
308.15
308.15
308.15
308.15
308.15
308.15
308.15
308.15
308.15
308.15
308.15
308.15
308.15
308.15
308.15
308.15
308.15
308.15
308.15
308.15
308.15
308.15
308.15
308.15
308.15
308.15
308.15
308.15
308.15
308.15
308.15
308.15
308.15
308.15
308.15
308.15
308.15
308.15
308.15
308.15
308.15
308.15
308.15
308.15
308.15
308.15
308.15
308.15
308.15
308.15
308.15
308.15
308.15
308.15
308.15
308.15
308.15
308.15
308.15
308.15
308.15
308.15
308.15
308.15
308.15
308.15
308.15
308.15
308.15
308.15
308.15
308.15
308.15
308.15
308.15
308.15
308.15
308.15
308.15
308.15
308.15
308.15
308.15
308.15
308.15
308.15
308.15
308.15
308.15
308.15
308.15
308.15
308.15
308.15
308.15
308.15
308.15
308.15
308.15
308.15
308.15
308.15
308.15
308.15
308.15
308.15
308.15
308.15
308.15
308.15
308.15
308.15
308.15
308.15
308.15
308.15
308.15
308.15
308.15
308.15
308.15
308.15
308.15
308.15
308.15
308.15
308.15
308.15
308.15
308.15
308.15
308.15
308.15
308.15
308.15
308.15
308.15
308.15
308.15
308.15
308.15
308.15
308.15
308.15
308.15
308.15
308.15
308.15
308.15
308.15
308.15
308.15
308.15
308.15
308.15
308.15
308.15
308.15
308.15
308.15
308.15
308.15
308.15
308.15
308.15
308.15
308.15
308.15
308.15
308.15
308.15
308.15
308.15
308.15
308.15
308.15
308.15
308.15
308.15
308.15
308.15
308.15
308.15
308.15
308.15
308.15
308.15
308.15
308.15
308.15
308.15
308.15
308.15
308.15
308.15
308.15
308.15
308.15
308.15
308.15
308.15
308.15
308.15
308.15
308.15
308.15
308.15
308.15
308.15
308.15
308.15
308.15
308.15
308.15
308.15
308.15
308.15
308.15
308.15
308.15
308.15
308.15
308.15
308.15
308.15
308.15
308.15
308.15
308.15
308.15
308.15
308.15
308.15
308.15
308.15
308.15
308.15
308.15
308.15
308.15
308.15
308.15
308.15
308.15
308.15
308.15
308.15
308.15
308.15
308.15
308.15
308.15
308.15
308.15
308.15
308.15
308.15
308.15
308.15
308.15
308.15
308.15
308.15
308.15
308.15
308.15
308.15
308.15
308.15
308.15
308.15
308.15
308.15
308.15
308.15
308.15
308.15
308.15
308.15
308.15
308.15
308.15
308.15
308.15
308.15
308.15
308.15
308.15
308.15
308.15
308.15
308.15
308.15
308.15
308.15
308.15
308.15
308.15
308.15
308.15
308.15
308.15
308.15
308.15
308.15
308.15
308.15
308.15
308.15
308.15
308.15
308.15
308.15
308.15
308.15
308.15
308.15
308.15
308.15
308.15
308.15
308.15
308.15
308.15
308.15
308.15
308.15
308.15
308.15
308.15
308.15
308.15
308.15
308.15
308.15
308.15
308.15
308.15
308.15
308.15
308.15
308.15
308.15
308.15
308.15
308.15
308.15
308.15
308.15
308.15
308.15
308.15
308.15
308.15
308.15
308.15
308.15
308.15
308.15
308.15
308.15
308.15
308.15
308.15
308.15
308.15
308.15
308.15
308.15
308.15
308.15
308.15
308.15
308.15
308.15
308.15
308.15
308.15
308.15
308.15
308.15
308.15
308.15
308.15
308.15
308.15
308.15
308.15
308.15
308.15
308.15
308.15
308.15
308.15
308.15
308.15
308.15
308.15
308.15
308.15
308.15
308.15
308.15
308.15
308.15
308.15
308.15
308.15
308.15
308.15
308.15
308.15
308.15
308.15
308.15
308.15
308.15
308.15
308.15
308.15
308.15
308.15
308.15
308.15
308.15
308.15
308.15
308.15
308.15
308.15
308.15
308.15
308.15
308.15
308.15
308.15
308.15
308.15
308.15
308.15
308.15
308.15
308.15
308.15
308.15
308.15
308.15
308.15
308.15
308.15
308.15
308.15
308.15
308.15
308.15
308.15
308.15
308.15
308.15
308.15
308.15
308.15
308.15
308.15
308.15
308.15
308.15
308.15
308.15
308.15
308.15
308.15
308.15
308.15
308.15
308.15
308.15
308.15
308.15
308.15
308.15
308.15
308.15
308.15
308.15
308.15
308.15
308.15
308.15
308.15
308.15
308.15
308.15
308.15
308.15
308.15
308.15
308.15
308.15
308.15
308.15
308.15
308.15
308.15
308.15
308.15
308.15
308.15
308.15
308.15
308.15
308.15
308.15
308.15
308.15
308.15
308.15
308.15
308.15
308.15
308.15
308.15
308.15
308.15
308.15
308.15
308.15
308.15
308.15
308.15
308.15
308.15
308.15
308.15
308.15
308.15
308.15
308.15
308.15
308.15
308.15
308.15
308.15
308.15
308.15
308.15
308.15
308.15
308.15
308.15
308.1499999
308.1499999
308.1499998
308.1499997
308.1499995
308.1499992
308.1499986
308.1499975
308.1499958
308.149993
308.1499883
308.1499805
308.1499679
308.1499475
308.1499148
308.1498629
308.1497812
308.1496539
308.1494576
308.1491575
308.1487037
308.1480249
308.1470206
308.1455518
308.1434291
308.1403994
308.1361302
308.130195
308.1220581
308.1110647
308.0964368
308.0772818
308.0526162
308.0214146
307.9826869
307.9355986
307.8796358
307.8153811
307.7364461
307.6671914
307.5779871
307.5119564
307.425902
307.366074
307.2918388
307.242292
307.1845753
307.1474732
307.1078968
307.0832797
307.0599584
307.0458112
307.0339247
307.0261547
307.0207254
307.0174529
307.0157421
307.0151871
307.0152539
307.0156101
307.0159086
307.0158694
307.0152962
307.0137205
307.0116404
307.0104058
307.0103048
307.0116696
307.0163971
307.0276849
307.0505764
307.092622
307.1643877
307.2796764
307.4552252
307.709662
308.0616149
308.4828681
308.8603217
309.1151885
309.2680221
309.362291
309.4307965
309.4565262
309.4425507
309.3542232
309.1558979
308.8551598
308.5501858
308.3560848
308.2482312
308.1937732
308.1683635
308.1572922
308.1527533
308.1509922
308.1503424
308.1501135
308.1500362
308.1500111
308.1500033
308.150001
308.1500003
308.1500001
308.15
308.15
308.15
308.15
308.15
308.15
308.15
308.15
308.15
308.15
308.15
308.15
308.15
308.15
308.15
308.15
308.15
308.15
308.15
308.15
308.15
308.15
308.15
308.15
308.15
308.15
308.15
308.15
308.15
308.15
308.15
308.15
308.15
308.15
308.15
308.15
308.15
308.15
308.15
308.15
308.15
308.15
308.15
308.15
308.15
308.15
308.15
308.15
308.15
308.15
308.15
308.15
308.15
308.15
308.15
308.15
308.15
308.15
308.15
308.15
308.15
308.15
308.15
308.15
308.15
308.15
308.15
308.15
308.15
308.15
308.15
308.15
308.15
308.15
308.15
308.15
308.15
308.15
308.15
308.15
308.15
308.15
308.15
308.15
308.15
308.15
308.15
308.15
308.15
308.15
308.15
308.15
308.15
308.15
308.15
308.15
308.15
308.15
308.15
308.15
308.15
308.15
308.15
308.15
308.15
308.15
308.15
308.15
308.15
308.15
308.15
308.15
308.15
308.15
308.15
308.15
308.15
308.15
308.15
308.15
308.15
308.15
308.15
308.15
308.15
308.15
308.15
308.15
308.15
308.15
308.15
308.15
308.15
308.15
308.15
308.15
308.15
308.15
308.15
308.15
308.15
308.15
308.15
308.15
308.15
308.15
308.15
308.15
308.15
308.15
308.15
308.15
308.15
308.15
308.15
308.15
308.15
308.15
308.15
308.15
308.15
308.15
308.15
308.15
308.15
308.15
308.15
308.15
308.15
308.15
308.15
308.15
308.15
308.15
308.15
308.15
308.15
308.15
308.15
308.15
308.15
308.15
308.15
308.15
308.15
308.15
308.15
308.15
308.15
308.15
308.15
308.15
308.15
308.15
308.15
308.15
308.15
308.15
308.15
308.15
308.15
308.15
308.15
308.15
308.15
308.15
308.15
308.15
308.15
308.15
308.15
308.15
308.15
308.15
308.15
308.15
308.15
308.15
308.15
308.15
308.15
308.15
308.15
308.15
308.15
308.15
308.15
308.15
308.15
308.15
308.15
308.15
308.15
308.15
308.15
308.15
308.15
308.15
308.15
308.15
308.15
308.15
308.15
308.15
308.15
308.15
308.15
308.15
308.15
308.15
308.15
308.15
308.15
308.15
308.15
308.15
308.15
308.15
308.15
308.15
308.15
308.15
308.15
308.15
308.15
308.15
308.15
308.15
308.15
308.15
308.15
308.15
308.15
308.15
308.15
308.15
308.15
308.15
308.15
308.15
308.15
308.15
308.15
308.15
308.15
308.15
308.15
308.15
308.15
308.15
308.15
308.15
308.15
308.15
308.15
308.15
308.15
308.15
308.15
308.15
308.15
308.15
308.15
308.15
308.15
308.15
308.15
308.15
308.15
308.15
308.15
308.15
308.15
308.15
308.15
308.15
308.15
308.15
308.15
308.15
308.15
308.15
308.15
308.15
308.15
308.15
308.15
308.15
308.15
308.15
308.15
308.15
308.15
308.15
308.15
308.15
308.15
308.15
308.15
308.15
308.15
308.15
308.15
308.15
308.15
308.15
308.15
308.15
308.15
308.15
308.15
308.15
308.15
308.15
308.15
308.15
308.15
308.15
308.15
308.15
308.15
308.15
308.15
308.15
308.15
308.15
308.15
308.15
308.15
308.15
308.15
308.15
308.15
308.15
308.15
308.15
308.15
308.15
308.15
308.15
308.15
308.15
308.15
308.15
308.15
308.15
308.15
308.15
308.15
308.15
308.15
308.15
308.15
308.15
308.15
308.15
308.15
308.15
308.15
308.15
308.15
308.15
308.15
308.15
308.15
308.15
308.15
308.15
308.15
308.15
308.15
308.15
308.15
308.15
308.15
308.15
308.15
308.15
308.15
308.15
308.15
308.15
308.15
308.15
308.15
308.15
308.15
308.15
308.15
308.15
308.15
308.15
308.15
308.15
308.15
308.15
308.15
308.15
308.15
308.15
308.15
308.15
308.15
308.15
308.15
308.15
308.15
308.15
308.15
308.15
308.15
308.15
308.15
308.15
308.15
308.15
308.15
308.15
308.15
308.15
308.15
308.15
308.15
308.15
308.15
308.15
308.15
308.15
308.15
308.15
308.15
308.15
308.15
308.15
308.15
308.15
308.15
308.15
308.15
308.15
308.15
308.15
308.15
308.15
308.15
308.15
308.15
308.15
308.15
308.15
308.15
308.15
308.15
308.15
308.15
308.15
308.15
308.15
308.15
308.15
308.15
308.15
308.15
308.15
308.15
308.15
308.15
308.15
308.15
308.15
308.15
308.15
308.15
308.15
308.15
308.15
308.15
308.15
308.15
308.15
308.15
308.15
308.15
308.15
308.15
308.15
308.15
308.15
308.15
308.15
308.15
308.15
308.15
308.15
308.15
308.15
308.15
308.15
308.15
308.15
308.15
308.15
308.15
308.15
308.15
308.15
308.15
308.15
308.15
308.15
308.15
308.15
308.15
308.15
308.15
308.15
308.15
308.15
308.15
308.15
308.15
308.15
308.15
308.15
308.15
308.15
308.15
308.15
308.15
308.15
308.15
308.15
308.15
308.15
308.15
308.15
308.15
308.15
308.15
308.15
308.15
308.15
308.15
308.15
308.15
308.15
308.15
308.15
308.15
308.15
308.15
308.15
308.15
308.15
308.15
308.15
308.15
308.15
308.15
308.15
308.15
308.15
308.15
308.15
308.15
308.15
308.15
308.15
308.15
308.15
308.15
308.15
308.15
308.15
308.15
308.15
308.15
308.15
308.15
308.15
308.15
308.15
308.15
308.15
308.15
308.15
308.15
308.15
308.15
308.15
308.15
308.15
308.15
308.15
308.15
308.15
308.15
308.15
308.15
308.15
308.15
308.15
308.15
308.15
308.15
308.15
308.15
308.15
308.15
308.15
308.15
308.15
308.15
308.15
308.15
308.15
308.15
308.15
308.15
308.15
308.15
308.15
308.15
308.15
308.15
308.15
308.15
308.15
308.15
308.15
308.15
308.15
308.15
308.15
308.15
308.15
308.15
308.15
308.15
308.15
308.15
308.15
308.15
308.15
308.15
308.15
308.15
308.15
308.15
308.15
308.15
308.15
308.15
308.15
308.15
308.15
308.15
308.15
308.15
308.15
308.15
308.15
308.15
308.15
308.15
308.15
308.15
308.15
308.15
308.15
308.15
308.15
308.15
308.15
308.15
308.15
308.15
308.15
308.15
308.15
308.15
308.15
308.15
308.15
308.15
308.15
308.15
308.15
308.15
308.15
308.15
308.15
308.15
308.15
308.15
308.15
308.15
308.15
308.15
308.15
308.15
308.15
308.15
308.15
308.15
308.15
308.15
308.15
308.15
308.15
308.15
308.15
308.15
308.15
308.15
308.15
308.15
308.15
308.15
308.15
308.15
308.15
308.15
308.15
308.15
308.15
308.15
308.15
308.15
308.15
308.15
308.15
308.15
308.15
308.15
308.15
308.15
308.15
308.15
308.15
308.15
308.15
308.15
308.15
308.15
308.15
308.15
308.15
308.15
308.15
308.15
308.15
308.15
308.15
308.15
308.15
308.15
308.15
308.15
308.15
308.15
308.15
308.15
308.15
308.15
308.15
308.15
308.15
308.15
308.15
308.15
308.15
308.15
308.15
308.15
308.15
308.15
308.15
308.15
308.15
308.15
308.15
308.15
308.15
308.15
308.15
308.15
308.15
308.15
308.15
308.15
308.15
308.15
308.15
308.15
308.15
308.15
308.15
308.15
308.15
308.15
308.15
308.15
308.15
308.15
308.15
308.15
308.15
308.15
308.15
308.15
308.15
308.15
308.15
308.15
308.15
308.15
308.15
308.15
308.15
308.15
308.15
308.15
308.15
308.15
308.15
308.15
308.15
308.15
308.15
308.15
308.15
308.15
308.15
308.15
308.15
308.15
308.15
308.15
308.15
308.15
308.15
308.15
308.15
308.15
308.15
308.15
308.15
308.15
308.15
308.15
308.15
308.15
308.15
308.15
308.15
308.15
308.15
308.15
308.15
308.15
308.15
308.15
308.15
308.15
308.15
308.15
308.15
308.15
308.15
308.15
308.15
308.15
308.15
308.15
308.15
308.15
308.15
308.15
308.15
308.15
308.15
308.15
308.15
308.15
308.15
308.15
308.15
308.15
308.15
308.15
308.15
308.15
308.15
308.15
308.15
308.15
308.15
308.15
308.15
308.15
308.15
308.15
308.15
308.15
308.15
308.15
308.15
308.15
308.15
308.15
308.15
308.15
308.15
308.15
308.15
308.15
308.15
308.15
308.15
308.15
308.15
308.15
308.15
308.15
308.15
308.15
308.15
308.15
308.15
308.15
308.15
308.15
308.15
308.15
308.15
308.15
308.15
308.15
308.15
308.15
308.15
308.15
308.15
308.15
308.15
308.15
308.15
308.15
308.15
308.15
308.15
308.15
308.15
308.15
308.15
308.15
308.15
308.15
308.15
308.15
308.15
308.15
308.15
308.15
308.15
308.15
308.15
308.15
308.15
308.15
308.15
308.15
308.15
308.15
308.15
308.15
308.15
308.15
308.15
308.15
308.15
308.15
308.15
308.15
308.15
308.15
308.15
308.15
308.15
308.15
308.15
308.15
308.15
308.15
308.15
308.15
308.15
308.15
308.15
308.15
308.15
308.15
308.15
308.15
308.15
308.15
308.15
308.15
308.15
308.15
308.15
308.15
308.15
308.15
308.15
308.15
308.15
308.15
308.15
308.15
308.15
308.15
308.15
308.15
308.15
308.15
308.15
308.15
308.15
308.15
308.15
308.15
308.15
308.15
308.15
308.15
308.15
308.15
308.15
308.15
308.15
308.15
308.15
308.15
308.15
308.15
308.15
308.15
308.15
308.15
308.15
308.15
308.15
308.15
308.15
308.15
308.15
308.15
308.15
308.15
308.15
308.15
308.15
308.15
308.15
308.15
308.15
308.15
308.15
308.15
308.15
308.15
308.15
308.15
308.15
308.15
308.15
308.15
308.15
308.15
308.15
308.15
308.15
308.15
308.15
308.15
308.15
308.15
308.15
308.15
308.15
308.15
308.15
308.15
308.15
308.15
308.15
308.15
308.15
308.15
308.15
308.15
308.15
308.15
308.15
308.15
308.15
308.15
308.15
308.15
308.15
308.15
308.15
308.15
308.15
308.15
308.15
308.15
308.15
308.15
308.15
308.15
308.15
308.15
308.15
308.15
308.15
308.15
308.15
308.15
308.15
308.15
308.15
308.15
308.15
308.15
308.15
308.15
308.15
308.15
308.15
308.15
308.15
308.15
308.15
308.15
308.15
308.15
308.15
308.15
308.15
308.15
308.15
308.15
308.15
308.15
308.15
308.15
308.15
308.15
308.15
308.15
308.15
308.15
308.15
308.15
308.15
308.15
308.15
308.15
308.15
308.15
308.15
308.15
308.15
308.15
308.15
308.15
308.15
308.15
308.15
308.15
308.15
308.15
308.15
308.15
308.15
308.15
308.15
308.15
308.15
308.15
308.15
308.15
308.15
308.15
308.15
308.15
308.15
308.15
308.15
308.15
308.15
308.15
308.15
308.15
308.15
308.15
308.15
308.15
308.15
308.15
308.15
308.15
308.15
308.15
308.15
308.15
308.15
308.15
308.15
308.15
308.15
308.15
308.15
308.15
308.15
308.15
308.15
308.15
308.15
308.15
308.15
308.15
308.15
308.15
308.15
308.15
308.15
308.15
308.15
308.15
308.15
308.15
308.15
308.15
308.15
308.15
308.15
308.15
308.15
308.15
308.15
308.15
308.15
308.15
308.15
308.15
308.15
308.15
308.15
308.15
308.15
308.15
308.15
308.15
308.15
308.15
308.15
308.15
308.15
308.15
308.15
308.15
308.15
308.15
308.15
308.15
308.15
308.15
308.15
308.15
308.15
308.15
308.15
308.15
308.15
308.15
308.15
308.15
308.15
308.15
308.15
308.15
308.15
308.15
308.15
308.15
308.15
308.15
308.15
308.15
308.15
308.15
308.15
308.15
308.15
308.15
308.15
308.15
308.15
308.15
308.15
308.15
308.15
308.15
308.15
308.15
308.15
308.15
308.15
308.15
308.15
308.15
308.15
308.15
308.15
308.15
308.15
308.15
308.15
308.15
308.15
308.15
308.15
308.15
308.15
308.15
308.15
308.15
308.15
308.15
308.15
308.15
308.15
308.15
308.15
308.15
308.15
308.15
308.15
308.15
308.15
308.15
308.15
308.15
308.15
308.15
308.15
308.15
308.15
308.15
308.15
308.15
308.15
308.15
308.15
308.15
308.15
308.15
308.15
308.15
308.15
308.15
308.15
308.15
308.15
308.15
308.15
308.15
308.15
308.15
308.15
308.15
308.15
308.15
308.15
308.15
308.15
308.15
308.15
308.15
308.15
308.15
308.15
308.15
308.15
308.15
308.15
308.15
308.15
308.15
308.15
308.15
308.15
308.15
308.15
308.15
308.15
308.15
308.15
308.15
308.15
308.15
308.15
308.15
308.15
308.15
308.15
308.15
308.15
308.15
308.15
308.15
308.15
308.15
308.15
308.15
308.15
308.15
308.15
308.15
308.15
308.15
308.15
308.15
308.15
308.15
308.15
308.15
308.15
308.15
308.15
308.15
308.15
308.15
308.15
308.15
308.15
308.15
308.15
308.15
308.15
308.15
308.15
308.15
308.15
308.15
308.15
308.15
308.15
308.15
308.15
308.15
308.15
308.15
308.15
308.15
308.15
308.15
308.15
308.15
308.15
308.15
308.15
308.15
308.15
308.15
308.15
308.15
308.15
308.15
308.15
308.15
308.15
308.15
308.15
308.15
308.15
308.15
308.15
308.15
308.15
308.15
308.15
308.15
308.15
308.15
308.15
308.15
308.15
308.15
308.15
308.15
308.15
308.15
308.15
308.15
308.15
308.15
308.15
308.15
308.15
308.15
308.15
308.15
308.15
308.15
308.15
308.15
308.15
308.15
308.15
308.15
308.15
308.15
308.15
308.15
308.15
308.15
308.15
308.15
308.15
308.15
308.15
308.15
308.15
308.15
308.15
308.15
308.15
308.15
308.15
308.15
308.15
308.15
308.15
308.15
308.15
308.15
308.15
308.15
308.15
308.15
308.15
308.15
308.15
308.15
308.15
308.15
308.15
308.15
308.15
308.15
308.15
308.15
308.15
308.15
308.15
308.15
308.15
308.15
308.15
308.15
308.15
308.15
308.15
308.15
308.15
308.15
308.15
308.15
308.15
308.15
308.15
308.15
308.15
308.15
308.15
308.15
308.15
308.15
308.15
308.15
308.15
308.15
308.15
308.15
308.15
308.15
308.15
308.15
308.15
308.15
308.15
308.15
308.15
308.15
308.15
308.15
308.15
308.15
308.15
308.15
308.15
308.15
308.15
308.15
308.15
308.15
308.15
308.15
308.15
308.15
308.15
308.15
308.15
308.15
308.15
308.15
308.15
308.15
308.15
308.15
308.15
308.15
308.15
308.15
308.15
308.15
308.15
308.15
308.15
308.15
308.15
308.15
308.15
308.15
308.15
308.15
308.15
308.15
308.15
308.15
308.15
308.15
308.15
308.15
308.15
308.15
308.15
308.15
308.15
308.15
308.15
308.15
308.15
308.15
308.15
308.15
308.15
308.15
308.15
308.15
308.15
308.15
308.15
308.15
308.15
308.15
308.15
308.15
308.15
308.15
308.15
308.15
308.15
308.15
308.15
308.15
308.15
308.15
308.15
308.15
308.15
308.15
308.15
308.15
308.15
308.15
308.15
308.15
308.15
308.15
308.15
308.15
308.15
308.15
308.15
308.15
308.15
308.15
308.15
308.15
308.15
308.15
308.15
308.15
308.15
308.15
308.15
308.15
308.15
308.15
308.15
308.15
308.15
308.15
308.15
308.15
308.15
308.15
308.15
308.15
308.15
308.15
308.15
308.15
308.15
308.15
308.15
308.15
308.15
308.15
308.15
308.15
308.15
308.15
308.15
308.15
308.15
308.15
308.15
308.15
308.15
308.15
308.15
308.15
308.15
308.15
308.15
308.15
308.15
308.15
308.15
308.15
308.15
308.15
308.15
308.15
308.15
308.15
308.15
308.15
308.15
308.15
308.15
308.15
308.15
308.15
308.15
308.15
308.15
308.15
308.15
308.15
308.15
308.15
308.15
308.15
308.15
308.15
308.15
308.15
308.15
308.15
308.15
308.15
308.15
308.15
308.15
308.15
308.15
308.15
308.15
308.15
308.15
308.15
308.15
308.15
308.15
308.15
308.15
308.15
308.15
308.15
308.15
308.15
308.15
308.15
308.15
308.15
308.15
308.15
308.15
308.15
308.15
308.15
308.15
308.15
308.15
308.15
308.15
308.15
308.15
308.15
308.15
308.15
308.15
308.15
308.15
308.15
308.15
308.15
308.15
308.15
308.15
308.15
308.15
308.15
308.15
308.15
308.15
308.15
308.15
308.15
308.15
308.15
308.15
308.15
308.15
308.15
308.15
308.15
308.15
308.15
308.15
308.15
308.15
308.15
308.15
308.15
308.15
308.15
308.15
308.15
308.15
308.15
308.15
308.15
308.15
308.15
308.15
308.15
308.15
308.15
308.15
308.15
308.15
308.15
308.15
308.15
308.15
308.15
308.15
308.15
308.15
308.15
308.15
308.15
308.15
308.15
308.15
308.15
308.15
308.15
308.15
308.15
308.15
308.15
308.15
308.15
308.15
308.15
308.15
308.15
308.15
308.15
308.15
308.15
308.15
308.15
308.15
308.15
308.15
308.15
308.15
308.15
308.15
308.15
308.15
308.15
308.15
308.15
308.15
308.15
308.15
308.15
308.15
308.15
308.15
308.15
308.15
308.15
308.15
308.15
308.15
308.15
308.15
308.15
308.15
308.15
308.15
308.15
308.15
308.15
308.15
308.15
308.15
308.15
308.15
308.15
308.15
308.15
308.15
308.15
308.15
308.15
308.15
308.15
308.15
308.15
308.15
308.15
308.15
308.15
308.15
308.15
308.15
308.15
308.15
308.15
308.15
308.15
308.15
308.15
308.15
308.15
308.15
308.15
308.15
308.15
308.15
308.15
308.15
308.15
308.15
308.15
308.15
308.15
308.15
308.15
308.15
308.15
308.15
308.15
308.15
308.15
308.15
308.15
308.15
308.15
308.15
308.15
308.15
308.15
308.15
308.15
308.15
308.15
308.15
308.15
308.15
308.15
308.15
308.15
308.15
308.15
308.15
308.15
308.15
308.15
308.15
308.15
308.15
308.15
308.15
308.15
308.15
308.15
308.15
308.15
308.15
308.15
308.15
308.15
308.15
308.15
308.15
308.15
308.15
308.15
308.15
308.15
308.15
308.15
308.15
308.15
308.15
308.15
308.15
308.15
308.15
308.15
308.15
308.15
308.15
308.15
308.15
308.15
308.15
308.15
308.15
308.15
308.15
308.15
308.15
308.15
308.15
308.15
308.15
308.15
308.15
308.15
308.15
308.15
308.15
308.15
308.15
308.15
308.15
308.15
308.15
308.15
308.15
308.15
308.15
308.15
308.15
308.15
308.15
308.15
308.15
308.15
308.15
308.15
308.15
308.15
308.15
308.15
308.15
308.15
308.15
308.15
308.15
308.15
308.15
308.15
308.15
308.15
308.15
308.15
308.15
308.15
308.15
308.15
308.15
308.15
308.15
308.15
308.15
308.15
308.15
308.15
308.15
308.15
308.15
308.15
308.15
308.15
308.15
308.15
308.15
308.15
308.15
308.15
308.15
308.15
308.15
308.15
308.15
308.15
308.15
308.15
308.15
308.15
308.15
308.15
308.15
308.15
308.15
308.15
308.15
308.15
308.15
308.15
308.15
308.15
308.15
308.15
308.15
308.15
308.15
308.15
308.15
308.15
308.15
308.15
308.15
308.15
308.15
308.15
308.15
308.15
308.15
308.15
308.15
308.15
308.15
308.15
308.15
308.15
308.15
308.15
308.15
308.15
308.15
308.15
308.15
308.15
308.15
308.15
308.15
308.15
308.15
308.15
308.15
308.15
308.15
308.15
308.15
308.15
308.15
308.15
308.15
308.15
308.15
308.15
308.15
308.15
308.15
308.15
308.15
308.15
308.15
308.15
308.15
308.15
308.15
308.15
308.15
308.15
308.15
308.15
308.15
308.15
308.15
308.15
308.15
308.15
308.15
308.15
308.15
308.15
308.15
308.15
308.15
308.15
308.15
308.15
308.15
308.15
308.15
308.15
308.15
308.15
308.15
308.15
308.15
308.15
308.15
308.15
308.15
308.15
308.15
308.15
308.15
308.15
308.15
308.15
308.15
308.15
308.15
308.15
308.15
308.15
308.15
308.15
308.15
308.15
308.15
308.15
308.15
308.15
308.15
308.15
308.15
308.15
308.15
308.15
308.15
308.15
308.15
308.15
308.15
308.15
308.15
308.15
308.15
308.15
308.15
308.15
308.15
308.15
308.15
308.15
308.15
308.15
308.15
308.15
308.15
308.15
308.15
308.15
308.15
308.15
308.15
308.15
308.15
308.15
308.15
308.15
308.15
308.15
308.15
308.15
308.15
308.15
308.15
308.15
308.15
308.15
308.15
308.15
308.15
308.15
308.15
308.15
308.15
308.15
308.15
308.15
308.15
308.15
308.15
308.15
308.15
308.15
308.15
308.15
308.15
308.15
308.15
308.15
308.15
308.15
308.15
308.15
308.15
308.15
308.15
308.15
308.15
308.15
308.15
308.15
308.15
308.15
308.15
308.15
308.15
308.15
308.15
308.15
308.15
308.15
308.15
308.15
308.15
308.15
308.15
308.15
308.15
308.15
308.15
308.15
308.15
308.15
308.15
308.15
308.15
308.15
308.15
308.15
308.15
308.15
308.15
308.15
308.15
308.15
308.15
308.15
308.15
308.15
308.15
308.15
308.15
308.15
308.15
308.15
308.15
308.15
308.15
308.15
308.15
308.15
308.15
308.15
308.15
308.15
308.15
308.15
308.15
308.15
308.15
308.15
308.15
308.15
308.15
308.15
308.15
308.15
)
;

boundaryField
{
    sides
    {
        type            zeroGradient;
    }
    empty1
    {
        type            empty;
    }
    empty2
    {
        type            empty;
    }
}


// ************************************************************************* //
