/*--------------------------------*- C++ -*----------------------------------*\
| =========                 |                                                 |
| \\      /  F ield         | OpenFOAM: The Open Source CFD Toolbox           |
|  \\    /   O peration     | Version:  3.0.1                                 |
|   \\  /    A nd           | Web:      www.OpenFOAM.org                      |
|    \\/     M anipulation  |                                                 |
\*---------------------------------------------------------------------------*/
FoamFile
{
    version     2.0;
    format      ascii;
    class       volScalarField;
    location    "0.00025";
    object      T;
}
// * * * * * * * * * * * * * * * * * * * * * * * * * * * * * * * * * * * * * //

dimensions      [0 0 0 1 0 0 0];

internalField   nonuniform List<scalar> 
1000
(
289
289
289
289
289
289
289
289
289
289
289
288.999
288.998
288.994
288.985
288.966
288.926
288.846
288.695
288.446
288.074
287.565
286.921
286.172
285.37
284.576
283.845
283.21
282.661
282.238
281.979
282.015
282.138
282.389
282.642
282.821
283.005
282.979
282.938
282.863
282.786
282.783
282.767
282.759
282.791
282.78
282.77
282.775
282.823
282.748
283.901
288.746
294.198
295.681
295.777
295.792
295.731
295.714
295.768
295.767
295.709
295.722
295.783
295.758
295.723
295.759
295.771
295.76
295.759
295.784
295.81
295.822
295.836
295.854
295.966
296.031
296.005
294.766
292.299
290.708
289.86
289.422
289.2
289.092
289.041
289.017
289.007
289.003
289.001
289
289
289
289
289
289
289
289
289
289
289
289
289
289
289
289
289
289
289
289
289
289
288.999
288.998
288.994
288.985
288.966
288.926
288.846
288.695
288.446
288.074
287.565
286.921
286.172
285.37
284.576
283.845
283.21
282.661
282.238
281.979
282.015
282.138
282.389
282.642
282.821
283.005
282.979
282.938
282.863
282.786
282.783
282.767
282.759
282.791
282.78
282.77
282.775
282.823
282.748
283.901
288.746
294.198
295.681
295.777
295.792
295.731
295.714
295.768
295.767
295.709
295.722
295.783
295.758
295.723
295.759
295.771
295.76
295.759
295.784
295.81
295.822
295.836
295.854
295.966
296.031
296.005
294.766
292.299
290.708
289.86
289.422
289.2
289.092
289.041
289.017
289.007
289.003
289.001
289
289
289
289
289
289
289
289
289
289
289
289
289
289
289
289
289
289
289
289
289
289
288.999
288.998
288.994
288.985
288.966
288.926
288.846
288.695
288.446
288.074
287.565
286.921
286.172
285.37
284.576
283.845
283.21
282.661
282.238
281.979
282.015
282.138
282.389
282.642
282.821
283.005
282.979
282.938
282.863
282.786
282.783
282.767
282.759
282.791
282.78
282.77
282.775
282.823
282.748
283.901
288.746
294.198
295.681
295.777
295.792
295.731
295.714
295.768
295.767
295.709
295.722
295.783
295.758
295.723
295.759
295.771
295.76
295.759
295.784
295.81
295.822
295.836
295.854
295.966
296.031
296.005
294.766
292.299
290.708
289.86
289.422
289.2
289.092
289.041
289.017
289.007
289.003
289.001
289
289
289
289
289
289
289
289
289
289
289
289
289
289
289
289
289
289
289
289
289
289
288.999
288.998
288.994
288.985
288.966
288.926
288.846
288.695
288.446
288.074
287.565
286.921
286.172
285.37
284.576
283.845
283.21
282.661
282.238
281.979
282.015
282.138
282.389
282.642
282.821
283.005
282.979
282.938
282.863
282.786
282.783
282.767
282.759
282.791
282.78
282.77
282.775
282.823
282.748
283.901
288.746
294.198
295.681
295.777
295.792
295.731
295.714
295.768
295.767
295.709
295.722
295.783
295.758
295.723
295.759
295.771
295.76
295.759
295.784
295.81
295.822
295.836
295.854
295.966
296.031
296.005
294.766
292.299
290.708
289.86
289.422
289.2
289.092
289.041
289.017
289.007
289.003
289.001
289
289
289
289
289
289
289
289
289
289
289
289
289
289
289
289
289
289
289
289
289
289
288.999
288.998
288.994
288.985
288.966
288.926
288.846
288.695
288.446
288.074
287.565
286.921
286.172
285.37
284.576
283.845
283.21
282.661
282.238
281.979
282.015
282.138
282.389
282.642
282.821
283.005
282.979
282.938
282.863
282.786
282.783
282.767
282.759
282.791
282.78
282.77
282.775
282.823
282.748
283.901
288.746
294.198
295.681
295.777
295.792
295.731
295.714
295.768
295.767
295.709
295.722
295.783
295.758
295.723
295.759
295.771
295.76
295.759
295.784
295.81
295.822
295.836
295.854
295.966
296.031
296.005
294.766
292.299
290.708
289.86
289.422
289.2
289.092
289.041
289.017
289.007
289.003
289.001
289
289
289
289
289
289
289
289
289
289
289
289
289
289
289
289
289
289
289
289
289
289
288.999
288.998
288.994
288.985
288.966
288.926
288.846
288.695
288.446
288.074
287.565
286.921
286.172
285.37
284.576
283.845
283.21
282.661
282.238
281.979
282.015
282.138
282.389
282.642
282.821
283.005
282.979
282.938
282.863
282.786
282.783
282.767
282.759
282.791
282.78
282.77
282.775
282.823
282.748
283.901
288.746
294.198
295.681
295.777
295.792
295.731
295.714
295.768
295.767
295.709
295.722
295.783
295.758
295.723
295.759
295.771
295.76
295.759
295.784
295.81
295.822
295.836
295.854
295.966
296.031
296.005
294.766
292.299
290.708
289.86
289.422
289.2
289.092
289.041
289.017
289.007
289.003
289.001
289
289
289
289
289
289
289
289
289
289
289
289
289
289
289
289
289
289
289
289
289
289
288.999
288.998
288.994
288.985
288.966
288.926
288.846
288.695
288.446
288.074
287.565
286.921
286.172
285.37
284.576
283.845
283.21
282.661
282.238
281.979
282.015
282.138
282.389
282.642
282.821
283.005
282.979
282.938
282.863
282.786
282.783
282.767
282.759
282.791
282.78
282.77
282.775
282.823
282.748
283.901
288.746
294.198
295.681
295.777
295.792
295.731
295.714
295.768
295.767
295.709
295.722
295.783
295.758
295.723
295.759
295.771
295.76
295.759
295.784
295.81
295.822
295.836
295.854
295.966
296.031
296.005
294.766
292.299
290.708
289.86
289.422
289.2
289.092
289.041
289.017
289.007
289.003
289.001
289
289
289
289
289
289
289
289
289
289
289
289
289
289
289
289
289
289
289
289
289
289
288.999
288.998
288.994
288.985
288.966
288.926
288.846
288.695
288.446
288.074
287.565
286.921
286.172
285.37
284.576
283.845
283.21
282.661
282.238
281.979
282.015
282.138
282.389
282.642
282.821
283.005
282.979
282.938
282.863
282.786
282.783
282.767
282.759
282.791
282.78
282.77
282.775
282.823
282.748
283.901
288.746
294.198
295.681
295.777
295.792
295.731
295.714
295.768
295.767
295.709
295.722
295.783
295.758
295.723
295.759
295.771
295.76
295.759
295.784
295.81
295.822
295.836
295.854
295.966
296.031
296.005
294.766
292.299
290.708
289.86
289.422
289.2
289.092
289.041
289.017
289.007
289.003
289.001
289
289
289
289
289
289
289
289
289
289
289
289
289
289
289
289
289
289
289
289
289
289
288.999
288.998
288.994
288.985
288.966
288.926
288.846
288.695
288.446
288.074
287.565
286.921
286.172
285.37
284.576
283.845
283.21
282.661
282.238
281.979
282.015
282.138
282.389
282.642
282.821
283.005
282.979
282.938
282.863
282.786
282.783
282.767
282.759
282.791
282.78
282.77
282.775
282.823
282.748
283.901
288.746
294.198
295.681
295.777
295.792
295.731
295.714
295.768
295.767
295.709
295.722
295.783
295.758
295.723
295.759
295.771
295.76
295.759
295.784
295.81
295.822
295.836
295.854
295.966
296.031
296.005
294.766
292.299
290.708
289.86
289.422
289.2
289.092
289.041
289.017
289.007
289.003
289.001
289
289
289
289
289
289
289
289
289
289
289
289
289
289
289
289
289
289
289
289
289
289
288.999
288.998
288.994
288.985
288.966
288.926
288.846
288.695
288.446
288.074
287.565
286.921
286.172
285.37
284.576
283.845
283.21
282.661
282.238
281.979
282.015
282.138
282.389
282.642
282.821
283.005
282.979
282.938
282.863
282.786
282.783
282.767
282.759
282.791
282.78
282.77
282.775
282.823
282.748
283.901
288.746
294.198
295.681
295.777
295.792
295.731
295.714
295.768
295.767
295.709
295.722
295.783
295.758
295.723
295.759
295.771
295.76
295.759
295.784
295.81
295.822
295.836
295.854
295.966
296.031
296.005
294.766
292.299
290.708
289.86
289.422
289.2
289.092
289.041
289.017
289.007
289.003
289.001
289
289
289
289
289
289
289
289
289
289
289
)
;

boundaryField
{
    sides1
    {
        type            zeroGradient;
    }
    sides2
    {
        type            slip;
    }
    empty
    {
        type            empty;
    }
}


// ************************************************************************* //
